"RT","img_1","img_2","isSameProffesion","img1proffesion","img2proffesion","img1Gender","img2Gender","keyPressed","participant","time","normlised_keyPress","age","gender","handedness","isFamiliar_img1","isFamiliar_img2","vividness_img1","vividness_img2","reject_trial","pair"
4051,"E_F_Julie_Walters.png","E_M_Jimmy_Carr.png","TRUE","pictures/stimuli/E","pictures/stimuli/E","F","M","6","55057a56fdf99b5b566a70bb","06/30/2022, 11:50:03",0.683648440869291,"29","Female","right",1,1,0,0,FALSE,"E_F_Julie_Walters.png E_M_Jimmy_Carr.png"
4638,"E_F_Dawn_Roma_French.png","P_M_nigel_farage.png","FALSE","pictures/stimuli/E","pictures/stimuli/P","F","M","6","55057a56fdf99b5b566a70bb","06/30/2022, 11:50:03",0.683648440869291,"29","Female","right",1,1,0,0,FALSE,"E_F_Dawn_Roma_French.png P_M_nigel_farage.png"
4424,"E_M_Peter_Kay.png","P_M_nigel_farage.png","FALSE","pictures/stimuli/E","pictures/stimuli/P","M","M","5","55057a56fdf99b5b566a70bb","06/30/2022, 11:50:03",-1.14583330230205,"29","Female","right",1,1,0,0,FALSE,"E_M_Peter_Kay.png P_M_nigel_farage.png"
2783,"E_F_Dawn_Roma_French.png","E_M_Jimmy_Carr.png","TRUE","pictures/stimuli/E","pictures/stimuli/E","F","M","6","55057a56fdf99b5b566a70bb","06/30/2022, 11:50:03",0.683648440869291,"29","Female","right",1,1,0,0,FALSE,"E_F_Dawn_Roma_French.png E_M_Jimmy_Carr.png"
4420,"E_M_Russell_Howard.png","P_F_nicola_sturge.png","FALSE","pictures/stimuli/E","pictures/stimuli/P","M","F","6","55057a56fdf99b5b566a70bb","06/30/2022, 11:50:03",0.683648440869291,"29","Female","right",1,1,0,0,FALSE,"E_M_Russell_Howard.png P_F_nicola_sturge.png"
4183,"E_M_Jimmy_Carr.png","P_M_Tony_Blair.png","FALSE","pictures/stimuli/E","pictures/stimuli/P","M","M","5","55057a56fdf99b5b566a70bb","06/30/2022, 11:50:03",-1.14583330230205,"29","Female","right",1,1,0,0,FALSE,"E_M_Jimmy_Carr.png P_M_Tony_Blair.png"
3103,"P_F_Theresa_May.png","P_M_Tony_Blair.png","TRUE","pictures/stimuli/P","pictures/stimuli/P","F","M","6","55057a56fdf99b5b566a70bb","06/30/2022, 11:50:03",0.683648440869291,"29","Female","right",1,1,0,0,FALSE,"P_F_Theresa_May.png P_M_Tony_Blair.png"
5191,"E_F_Julie_Walters.png","P_M_keir_starmer.png","FALSE","pictures/stimuli/E","pictures/stimuli/P","F","M","6","55057a56fdf99b5b566a70bb","06/30/2022, 11:50:03",0.683648440869291,"29","Female","right",1,1,0,0,FALSE,"E_F_Julie_Walters.png P_M_keir_starmer.png"
6125,"E_F_Sarah_Millican.png","E_M_Jimmy_Carr.png","TRUE","pictures/stimuli/E","pictures/stimuli/E","F","M","4","55057a56fdf99b5b566a70bb","06/30/2022, 11:50:03",-2.9753150454734,"29","Female","right",1,1,0,0,FALSE,"E_F_Sarah_Millican.png E_M_Jimmy_Carr.png"
2444,"E_F_Julie_Walters.png","P_M_nigel_farage.png","FALSE","pictures/stimuli/E","pictures/stimuli/P","F","M","6","55057a56fdf99b5b566a70bb","06/30/2022, 11:50:03",0.683648440869291,"29","Female","right",1,1,0,0,FALSE,"E_F_Julie_Walters.png P_M_nigel_farage.png"
4743,"P_M_Gordon_Brown.png","P_M_Michael_Gove.png","TRUE","pictures/stimuli/P","pictures/stimuli/P","M","M","5","55057a56fdf99b5b566a70bb","06/30/2022, 11:50:03",-1.14583330230205,"29","Female","right",1,1,0,0,FALSE,"P_M_Gordon_Brown.png P_M_Michael_Gove.png"
5593,"E_M_Ewan_McGregor.png","E_M_Russell_Howard.png","TRUE","pictures/stimuli/E","pictures/stimuli/E","M","M","5","55057a56fdf99b5b566a70bb","06/30/2022, 11:50:03",-1.14583330230205,"29","Female","right",1,1,0,0,FALSE,"E_M_Ewan_McGregor.png E_M_Russell_Howard.png"
4545,"E_F_Dawn_Roma_French.png","E_F_Jennifer_Saunders.png","TRUE","pictures/stimuli/E","pictures/stimuli/E","F","F","5","55057a56fdf99b5b566a70bb","06/30/2022, 11:50:03",-1.14583330230205,"29","Female","right",1,0,0,0,TRUE,"E_F_Dawn_Roma_French.png E_F_Jennifer_Saunders.png"
2692,"E_F_Dawn_Roma_French.png","E_M_Simon_Pegg.png","TRUE","pictures/stimuli/E","pictures/stimuli/E","F","M","6","55057a56fdf99b5b566a70bb","06/30/2022, 11:50:03",0.683648440869291,"29","Female","right",1,1,0,0,FALSE,"E_F_Dawn_Roma_French.png E_M_Simon_Pegg.png"
5244,"P_M_david_camer.png","P_M_keir_starmer.png","TRUE","pictures/stimuli/P","pictures/stimuli/P","M","M","6","55057a56fdf99b5b566a70bb","06/30/2022, 11:50:03",0.683648440869291,"29","Female","right",1,1,0,0,FALSE,"P_M_david_camer.png P_M_keir_starmer.png"
3179,"E_M_Michael_McIntyr.png","P_M_nigel_farage.png","FALSE","pictures/stimuli/E","pictures/stimuli/P","M","M","6","55057a56fdf99b5b566a70bb","06/30/2022, 11:50:03",0.683648440869291,"29","Female","right",1,1,0,0,FALSE,"E_M_Michael_McIntyr.png P_M_nigel_farage.png"
2654,"P_M_nigel_farage.png","P_M_Sajid_Javid.png","TRUE","pictures/stimuli/P","pictures/stimuli/P","M","M","6","55057a56fdf99b5b566a70bb","06/30/2022, 11:50:03",0.683648440869291,"29","Female","right",1,0,0,0,TRUE,"P_M_nigel_farage.png P_M_Sajid_Javid.png"
7412,"E_F_Dawn_Roma_French.png","P_M_Michael_Gove.png","FALSE","pictures/stimuli/E","pictures/stimuli/P","F","M","6","55057a56fdf99b5b566a70bb","06/30/2022, 11:50:03",0.683648440869291,"29","Female","right",1,1,0,0,FALSE,"E_F_Dawn_Roma_French.png P_M_Michael_Gove.png"
2860,"E_M_Simon_Pegg.png","P_M_nigel_farage.png","FALSE","pictures/stimuli/E","pictures/stimuli/P","M","M","6","55057a56fdf99b5b566a70bb","06/30/2022, 11:50:03",0.683648440869291,"29","Female","right",1,1,0,0,FALSE,"E_M_Simon_Pegg.png P_M_nigel_farage.png"
3872,"E_M_Russell_Howard.png","P_M_Michael_Gove.png","FALSE","pictures/stimuli/E","pictures/stimuli/P","M","M","6","55057a56fdf99b5b566a70bb","06/30/2022, 11:50:03",0.683648440869291,"29","Female","right",1,1,0,0,FALSE,"E_M_Russell_Howard.png P_M_Michael_Gove.png"
4094,"E_M_Jimmy_Carr.png","P_F_nicola_sturge.png","FALSE","pictures/stimuli/E","pictures/stimuli/P","M","F","5","55057a56fdf99b5b566a70bb","06/30/2022, 11:50:03",-1.14583330230205,"29","Female","right",1,1,0,0,FALSE,"E_M_Jimmy_Carr.png P_F_nicola_sturge.png"
2331,"P_F_nicola_sturge.png","P_M_Gordon_Brown.png","TRUE","pictures/stimuli/P","pictures/stimuli/P","F","M","6","55057a56fdf99b5b566a70bb","06/30/2022, 11:50:03",0.683648440869291,"29","Female","right",1,1,0,0,FALSE,"P_F_nicola_sturge.png P_M_Gordon_Brown.png"
7398,"P_M_david_camer.png","P_M_Gordon_Brown.png","TRUE","pictures/stimuli/P","pictures/stimuli/P","M","M","5","55057a56fdf99b5b566a70bb","06/30/2022, 11:50:03",-1.14583330230205,"29","Female","right",1,1,0,0,FALSE,"P_M_david_camer.png P_M_Gordon_Brown.png"
3359,"E_M_Michael_McIntyr.png","P_M_Michael_Gove.png","FALSE","pictures/stimuli/E","pictures/stimuli/P","M","M","5","55057a56fdf99b5b566a70bb","06/30/2022, 11:50:03",-1.14583330230205,"29","Female","right",1,1,0,0,FALSE,"E_M_Michael_McIntyr.png P_M_Michael_Gove.png"
2562,"P_M_keir_starmer.png","P_M_Sajid_Javid.png","TRUE","pictures/stimuli/P","pictures/stimuli/P","M","M","6","55057a56fdf99b5b566a70bb","06/30/2022, 11:50:03",0.683648440869291,"29","Female","right",1,0,0,0,TRUE,"P_M_keir_starmer.png P_M_Sajid_Javid.png"
3362,"P_M_david_camer.png","P_M_jeremy_corbyn.png","TRUE","pictures/stimuli/P","pictures/stimuli/P","M","M","6","55057a56fdf99b5b566a70bb","06/30/2022, 11:50:03",0.683648440869291,"29","Female","right",1,1,0,0,FALSE,"P_M_david_camer.png P_M_jeremy_corbyn.png"
5181,"E_M_Ewan_McGregor.png","P_F_nicola_sturge.png","FALSE","pictures/stimuli/E","pictures/stimuli/P","M","F","5","55057a56fdf99b5b566a70bb","06/30/2022, 11:50:03",-1.14583330230205,"29","Female","right",1,1,0,0,FALSE,"E_M_Ewan_McGregor.png P_F_nicola_sturge.png"
2605,"E_M_Ewan_McGregor.png","E_M_Peter_Kay.png","TRUE","pictures/stimuli/E","pictures/stimuli/E","M","M","6","55057a56fdf99b5b566a70bb","06/30/2022, 11:50:03",0.683648440869291,"29","Female","right",1,1,0,0,FALSE,"E_M_Ewan_McGregor.png E_M_Peter_Kay.png"
2295,"E_M_Peter_Kay.png","P_M_david_camer.png","FALSE","pictures/stimuli/E","pictures/stimuli/P","M","M","6","55057a56fdf99b5b566a70bb","06/30/2022, 11:50:03",0.683648440869291,"29","Female","right",1,1,0,0,FALSE,"E_M_Peter_Kay.png P_M_david_camer.png"
2341,"E_F_Jennifer_Saunders.png","E_M_Simon_Pegg.png","TRUE","pictures/stimuli/E","pictures/stimuli/E","F","M","6","55057a56fdf99b5b566a70bb","06/30/2022, 11:50:03",0.683648440869291,"29","Female","right",0,1,0,0,TRUE,"E_F_Jennifer_Saunders.png E_M_Simon_Pegg.png"
2676,"E_M_Michael_McIntyr.png","P_M_jeremy_corbyn.png","FALSE","pictures/stimuli/E","pictures/stimuli/P","M","M","6","55057a56fdf99b5b566a70bb","06/30/2022, 11:50:03",0.683648440869291,"29","Female","right",1,1,0,0,FALSE,"E_M_Michael_McIntyr.png P_M_jeremy_corbyn.png"
7994,"E_M_Russell_Howard.png","P_M_Tony_Blair.png","FALSE","pictures/stimuli/E","pictures/stimuli/P","M","M","4","55057a56fdf99b5b566a70bb","06/30/2022, 11:50:03",-2.9753150454734,"29","Female","right",1,1,0,0,FALSE,"E_M_Russell_Howard.png P_M_Tony_Blair.png"
3852,"P_M_Gordon_Brown.png","P_M_nigel_farage.png","TRUE","pictures/stimuli/P","pictures/stimuli/P","M","M","5","55057a56fdf99b5b566a70bb","06/30/2022, 11:50:03",-1.14583330230205,"29","Female","right",1,1,0,0,FALSE,"P_M_Gordon_Brown.png P_M_nigel_farage.png"
2740,"E_F_Sarah_Millican.png","P_M_nigel_farage.png","FALSE","pictures/stimuli/E","pictures/stimuli/P","F","M","6","55057a56fdf99b5b566a70bb","06/30/2022, 11:50:03",0.683648440869291,"29","Female","right",1,1,0,0,FALSE,"E_F_Sarah_Millican.png P_M_nigel_farage.png"
2843,"E_F_Dawn_Roma_French.png","P_M_keir_starmer.png","FALSE","pictures/stimuli/E","pictures/stimuli/P","F","M","6","55057a56fdf99b5b566a70bb","06/30/2022, 11:50:03",0.683648440869291,"29","Female","right",1,1,0,0,FALSE,"E_F_Dawn_Roma_French.png P_M_keir_starmer.png"
6056,"E_F_Sarah_Millican.png","P_M_Tony_Blair.png","FALSE","pictures/stimuli/E","pictures/stimuli/P","F","M","5","55057a56fdf99b5b566a70bb","06/30/2022, 11:50:03",-1.14583330230205,"29","Female","right",1,1,0,0,FALSE,"E_F_Sarah_Millican.png P_M_Tony_Blair.png"
5268,"E_F_Julie_Walters.png","P_M_david_camer.png","FALSE","pictures/stimuli/E","pictures/stimuli/P","F","M","6","55057a56fdf99b5b566a70bb","06/30/2022, 11:50:03",0.683648440869291,"29","Female","right",1,1,0,0,FALSE,"E_F_Julie_Walters.png P_M_david_camer.png"
4171,"E_M_Ewan_McGregor.png","P_M_Gordon_Brown.png","FALSE","pictures/stimuli/E","pictures/stimuli/P","M","M","6","55057a56fdf99b5b566a70bb","06/30/2022, 11:50:03",0.683648440869291,"29","Female","right",1,1,0,0,FALSE,"E_M_Ewan_McGregor.png P_M_Gordon_Brown.png"
2721,"E_F_Jennifer_Saunders.png","P_M_jeremy_corbyn.png","FALSE","pictures/stimuli/E","pictures/stimuli/P","F","M","6","55057a56fdf99b5b566a70bb","06/30/2022, 11:50:03",0.683648440869291,"29","Female","right",0,1,0,0,TRUE,"E_F_Jennifer_Saunders.png P_M_jeremy_corbyn.png"
3652,"P_F_nicola_sturge.png","P_M_Michael_Gove.png","TRUE","pictures/stimuli/P","pictures/stimuli/P","F","M","6","55057a56fdf99b5b566a70bb","06/30/2022, 11:50:03",0.683648440869291,"29","Female","right",1,1,0,0,FALSE,"P_F_nicola_sturge.png P_M_Michael_Gove.png"
2202,"P_M_Gordon_Brown.png","P_M_Sajid_Javid.png","TRUE","pictures/stimuli/P","pictures/stimuli/P","M","M","6","55057a56fdf99b5b566a70bb","06/30/2022, 11:50:03",0.683648440869291,"29","Female","right",1,0,0,0,TRUE,"P_M_Gordon_Brown.png P_M_Sajid_Javid.png"
7181,"E_M_Ewan_McGregor.png","P_M_Tony_Blair.png","FALSE","pictures/stimuli/E","pictures/stimuli/P","M","M","5","55057a56fdf99b5b566a70bb","06/30/2022, 11:50:03",-1.14583330230205,"29","Female","right",1,1,0,0,FALSE,"E_M_Ewan_McGregor.png P_M_Tony_Blair.png"
2379,"E_F_Sarah_Millican.png","P_M_jeremy_corbyn.png","FALSE","pictures/stimuli/E","pictures/stimuli/P","F","M","6","55057a56fdf99b5b566a70bb","06/30/2022, 11:50:03",0.683648440869291,"29","Female","right",1,1,0,0,FALSE,"E_F_Sarah_Millican.png P_M_jeremy_corbyn.png"
2932,"E_F_Jennifer_Saunders.png","P_M_nigel_farage.png","FALSE","pictures/stimuli/E","pictures/stimuli/P","F","M","6","55057a56fdf99b5b566a70bb","06/30/2022, 11:50:03",0.683648440869291,"29","Female","right",0,1,0,0,TRUE,"E_F_Jennifer_Saunders.png P_M_nigel_farage.png"
3093,"E_F_Jennifer_Saunders.png","P_M_keir_starmer.png","FALSE","pictures/stimuli/E","pictures/stimuli/P","F","M","6","55057a56fdf99b5b566a70bb","06/30/2022, 11:50:03",0.683648440869291,"29","Female","right",0,1,0,0,TRUE,"E_F_Jennifer_Saunders.png P_M_keir_starmer.png"
5738,"E_F_Sarah_Millican.png","E_M_Simon_Pegg.png","TRUE","pictures/stimuli/E","pictures/stimuli/E","F","M","5","55057a56fdf99b5b566a70bb","06/30/2022, 11:50:03",-1.14583330230205,"29","Female","right",1,1,0,0,FALSE,"E_F_Sarah_Millican.png E_M_Simon_Pegg.png"
2707,"E_F_Jennifer_Saunders.png","E_M_Russell_Howard.png","TRUE","pictures/stimuli/E","pictures/stimuli/E","F","M","6","55057a56fdf99b5b566a70bb","06/30/2022, 11:50:03",0.683648440869291,"29","Female","right",0,1,0,0,TRUE,"E_F_Jennifer_Saunders.png E_M_Russell_Howard.png"
2554,"E_M_Peter_Kay.png","P_M_Gordon_Brown.png","FALSE","pictures/stimuli/E","pictures/stimuli/P","M","M","5","55057a56fdf99b5b566a70bb","06/30/2022, 11:50:03",-1.14583330230205,"29","Female","right",1,1,0,0,FALSE,"E_M_Peter_Kay.png P_M_Gordon_Brown.png"
2983,"P_M_david_camer.png","P_M_Tony_Blair.png","TRUE","pictures/stimuli/P","pictures/stimuli/P","M","M","6","55057a56fdf99b5b566a70bb","06/30/2022, 11:50:03",0.683648440869291,"29","Female","right",1,1,0,0,FALSE,"P_M_david_camer.png P_M_Tony_Blair.png"
2528,"P_M_keir_starmer.png","P_M_Michael_Gove.png","TRUE","pictures/stimuli/P","pictures/stimuli/P","M","M","6","55057a56fdf99b5b566a70bb","06/30/2022, 11:50:03",0.683648440869291,"29","Female","right",1,1,0,0,FALSE,"P_M_keir_starmer.png P_M_Michael_Gove.png"
2648,"E_M_Michael_McIntyr.png","P_F_nicola_sturge.png","FALSE","pictures/stimuli/E","pictures/stimuli/P","M","F","6","55057a56fdf99b5b566a70bb","06/30/2022, 11:50:03",0.683648440869291,"29","Female","right",1,1,0,0,FALSE,"E_M_Michael_McIntyr.png P_F_nicola_sturge.png"
5396,"E_F_Jennifer_Saunders.png","P_F_Theresa_May.png","FALSE","pictures/stimuli/E","pictures/stimuli/P","F","F","5","55057a56fdf99b5b566a70bb","06/30/2022, 11:50:03",-1.14583330230205,"29","Female","right",0,1,0,0,TRUE,"E_F_Jennifer_Saunders.png P_F_Theresa_May.png"
2108,"E_M_Michael_McIntyr.png","P_M_Sajid_Javid.png","FALSE","pictures/stimuli/E","pictures/stimuli/P","M","M","6","55057a56fdf99b5b566a70bb","06/30/2022, 11:50:03",0.683648440869291,"29","Female","right",1,0,0,0,TRUE,"E_M_Michael_McIntyr.png P_M_Sajid_Javid.png"
2154,"E_F_Jennifer_Saunders.png","E_M_Jimmy_Carr.png","TRUE","pictures/stimuli/E","pictures/stimuli/E","F","M","6","55057a56fdf99b5b566a70bb","06/30/2022, 11:50:03",0.683648440869291,"29","Female","right",0,1,0,0,TRUE,"E_F_Jennifer_Saunders.png E_M_Jimmy_Carr.png"
3811,"E_F_Sarah_Millican.png","P_M_david_camer.png","FALSE","pictures/stimuli/E","pictures/stimuli/P","F","M","6","55057a56fdf99b5b566a70bb","06/30/2022, 11:50:03",0.683648440869291,"29","Female","right",1,1,0,0,FALSE,"E_F_Sarah_Millican.png P_M_david_camer.png"
3769,"E_M_Michael_McIntyr.png","E_M_Simon_Pegg.png","TRUE","pictures/stimuli/E","pictures/stimuli/E","M","M","6","55057a56fdf99b5b566a70bb","06/30/2022, 11:50:03",0.683648440869291,"29","Female","right",1,1,0,0,FALSE,"E_M_Michael_McIntyr.png E_M_Simon_Pegg.png"
3592,"E_F_Julie_Walters.png","P_M_Gordon_Brown.png","FALSE","pictures/stimuli/E","pictures/stimuli/P","F","M","6","55057a56fdf99b5b566a70bb","06/30/2022, 11:50:03",0.683648440869291,"29","Female","right",1,1,0,0,FALSE,"E_F_Julie_Walters.png P_M_Gordon_Brown.png"
6066,"P_M_keir_starmer.png","P_M_Tony_Blair.png","TRUE","pictures/stimuli/P","pictures/stimuli/P","M","M","5","55057a56fdf99b5b566a70bb","06/30/2022, 11:50:03",-1.14583330230205,"29","Female","right",1,1,0,0,FALSE,"P_M_keir_starmer.png P_M_Tony_Blair.png"
5867,"E_F_Dawn_Roma_French.png","E_F_Julie_Walters.png","TRUE","pictures/stimuli/E","pictures/stimuli/E","F","F","6","55057a56fdf99b5b566a70bb","06/30/2022, 11:50:03",0.683648440869291,"29","Female","right",1,1,0,0,FALSE,"E_F_Dawn_Roma_French.png E_F_Julie_Walters.png"
2509,"E_M_Peter_Kay.png","P_F_nicola_sturge.png","FALSE","pictures/stimuli/E","pictures/stimuli/P","M","F","6","55057a56fdf99b5b566a70bb","06/30/2022, 11:50:03",0.683648440869291,"29","Female","right",1,1,0,0,FALSE,"E_M_Peter_Kay.png P_F_nicola_sturge.png"
3072,"P_F_Theresa_May.png","P_M_david_camer.png","TRUE","pictures/stimuli/P","pictures/stimuli/P","F","M","6","55057a56fdf99b5b566a70bb","06/30/2022, 11:50:03",0.683648440869291,"29","Female","right",1,1,0,0,FALSE,"P_F_Theresa_May.png P_M_david_camer.png"
2698,"E_M_Jimmy_Carr.png","E_M_Russell_Howard.png","TRUE","pictures/stimuli/E","pictures/stimuli/E","M","M","6","55057a56fdf99b5b566a70bb","06/30/2022, 11:50:03",0.683648440869291,"29","Female","right",1,1,0,0,FALSE,"E_M_Jimmy_Carr.png E_M_Russell_Howard.png"
3378,"E_F_Jennifer_Saunders.png","E_M_Michael_McIntyr.png","TRUE","pictures/stimuli/E","pictures/stimuli/E","F","M","6","55057a56fdf99b5b566a70bb","06/30/2022, 11:50:03",0.683648440869291,"29","Female","right",0,1,0,0,TRUE,"E_F_Jennifer_Saunders.png E_M_Michael_McIntyr.png"
4773,"E_F_Julie_Walters.png","P_F_Theresa_May.png","FALSE","pictures/stimuli/E","pictures/stimuli/P","F","F","5","55057a56fdf99b5b566a70bb","06/30/2022, 11:50:03",-1.14583330230205,"29","Female","right",1,1,0,0,FALSE,"E_F_Julie_Walters.png P_F_Theresa_May.png"
2432,"P_M_jeremy_corbyn.png","P_M_nigel_farage.png","TRUE","pictures/stimuli/P","pictures/stimuli/P","M","M","6","55057a56fdf99b5b566a70bb","06/30/2022, 11:50:03",0.683648440869291,"29","Female","right",1,1,0,0,FALSE,"P_M_jeremy_corbyn.png P_M_nigel_farage.png"
2484,"E_M_Ewan_McGregor.png","P_M_nigel_farage.png","FALSE","pictures/stimuli/E","pictures/stimuli/P","M","M","6","55057a56fdf99b5b566a70bb","06/30/2022, 11:50:03",0.683648440869291,"29","Female","right",1,1,0,0,FALSE,"E_M_Ewan_McGregor.png P_M_nigel_farage.png"
5064,"E_F_Julie_Walters.png","P_F_nicola_sturge.png","FALSE","pictures/stimuli/E","pictures/stimuli/P","F","F","5","55057a56fdf99b5b566a70bb","06/30/2022, 11:50:03",-1.14583330230205,"29","Female","right",1,1,0,0,FALSE,"E_F_Julie_Walters.png P_F_nicola_sturge.png"
3792,"P_M_david_camer.png","P_M_Michael_Gove.png","TRUE","pictures/stimuli/P","pictures/stimuli/P","M","M","6","55057a56fdf99b5b566a70bb","06/30/2022, 11:50:03",0.683648440869291,"29","Female","right",1,1,0,0,FALSE,"P_M_david_camer.png P_M_Michael_Gove.png"
6513,"E_F_Dawn_Roma_French.png","E_F_Sarah_Millican.png","TRUE","pictures/stimuli/E","pictures/stimuli/E","F","F","5","55057a56fdf99b5b566a70bb","06/30/2022, 11:50:03",-1.14583330230205,"29","Female","right",1,1,0,0,FALSE,"E_F_Dawn_Roma_French.png E_F_Sarah_Millican.png"
2333,"P_M_jeremy_corbyn.png","P_M_keir_starmer.png","TRUE","pictures/stimuli/P","pictures/stimuli/P","M","M","6","55057a56fdf99b5b566a70bb","06/30/2022, 11:50:03",0.683648440869291,"29","Female","right",1,1,0,0,FALSE,"P_M_jeremy_corbyn.png P_M_keir_starmer.png"
2123,"E_M_Peter_Kay.png","P_M_jeremy_corbyn.png","FALSE","pictures/stimuli/E","pictures/stimuli/P","M","M","6","55057a56fdf99b5b566a70bb","06/30/2022, 11:50:03",0.683648440869291,"29","Female","right",1,1,0,0,FALSE,"E_M_Peter_Kay.png P_M_jeremy_corbyn.png"
2143,"E_F_Dawn_Roma_French.png","P_F_Theresa_May.png","FALSE","pictures/stimuli/E","pictures/stimuli/P","F","F","6","55057a56fdf99b5b566a70bb","06/30/2022, 11:50:03",0.683648440869291,"29","Female","right",1,1,0,0,FALSE,"E_F_Dawn_Roma_French.png P_F_Theresa_May.png"
3354,"E_F_Julie_Walters.png","E_M_Russell_Howard.png","TRUE","pictures/stimuli/E","pictures/stimuli/E","F","M","5","55057a56fdf99b5b566a70bb","06/30/2022, 11:50:03",-1.14583330230205,"29","Female","right",1,1,0,0,FALSE,"E_F_Julie_Walters.png E_M_Russell_Howard.png"
2509,"E_F_Jennifer_Saunders.png","P_M_Sajid_Javid.png","FALSE","pictures/stimuli/E","pictures/stimuli/P","F","M","6","55057a56fdf99b5b566a70bb","06/30/2022, 11:50:03",0.683648440869291,"29","Female","right",0,0,0,0,TRUE,"E_F_Jennifer_Saunders.png P_M_Sajid_Javid.png"
2311,"P_M_jeremy_corbyn.png","P_M_Michael_Gove.png","TRUE","pictures/stimuli/P","pictures/stimuli/P","M","M","6","55057a56fdf99b5b566a70bb","06/30/2022, 11:50:03",0.683648440869291,"29","Female","right",1,1,0,0,FALSE,"P_M_jeremy_corbyn.png P_M_Michael_Gove.png"
4626,"E_M_Simon_Pegg.png","P_M_jeremy_corbyn.png","FALSE","pictures/stimuli/E","pictures/stimuli/P","M","M","6","55057a56fdf99b5b566a70bb","06/30/2022, 11:50:03",0.683648440869291,"29","Female","right",1,1,0,0,FALSE,"E_M_Simon_Pegg.png P_M_jeremy_corbyn.png"
4457,"E_M_Michael_McIntyr.png","P_M_Gordon_Brown.png","FALSE","pictures/stimuli/E","pictures/stimuli/P","M","M","6","55057a56fdf99b5b566a70bb","06/30/2022, 11:50:03",0.683648440869291,"29","Female","right",1,1,0,0,FALSE,"E_M_Michael_McIntyr.png P_M_Gordon_Brown.png"
2377,"P_F_nicola_sturge.png","P_M_Sajid_Javid.png","TRUE","pictures/stimuli/P","pictures/stimuli/P","F","M","6","55057a56fdf99b5b566a70bb","06/30/2022, 11:50:03",0.683648440869291,"29","Female","right",1,0,0,0,TRUE,"P_F_nicola_sturge.png P_M_Sajid_Javid.png"
4051,"E_M_Russell_Howard.png","E_M_Simon_Pegg.png","TRUE","pictures/stimuli/E","pictures/stimuli/E","M","M","5","55057a56fdf99b5b566a70bb","06/30/2022, 11:50:03",-1.14583330230205,"29","Female","right",1,1,0,0,FALSE,"E_M_Russell_Howard.png E_M_Simon_Pegg.png"
2206,"P_F_Theresa_May.png","P_M_Michael_Gove.png","TRUE","pictures/stimuli/P","pictures/stimuli/P","F","M","6","55057a56fdf99b5b566a70bb","06/30/2022, 11:50:03",0.683648440869291,"29","Female","right",1,1,0,0,FALSE,"P_F_Theresa_May.png P_M_Michael_Gove.png"
5791,"E_M_Russell_Howard.png","P_M_nigel_farage.png","FALSE","pictures/stimuli/E","pictures/stimuli/P","M","M","5","55057a56fdf99b5b566a70bb","06/30/2022, 11:50:03",-1.14583330230205,"29","Female","right",1,1,0,0,FALSE,"E_M_Russell_Howard.png P_M_nigel_farage.png"
6152,"P_F_nicola_sturge.png","P_F_Theresa_May.png","TRUE","pictures/stimuli/P","pictures/stimuli/P","F","F","6","55057a56fdf99b5b566a70bb","06/30/2022, 11:50:03",0.683648440869291,"29","Female","right",1,1,0,0,FALSE,"P_F_nicola_sturge.png P_F_Theresa_May.png"
2699,"E_F_Julie_Walters.png","P_M_Tony_Blair.png","FALSE","pictures/stimuli/E","pictures/stimuli/P","F","M","5","55057a56fdf99b5b566a70bb","06/30/2022, 11:50:03",-1.14583330230205,"29","Female","right",1,1,0,0,FALSE,"E_F_Julie_Walters.png P_M_Tony_Blair.png"
2832,"E_M_Ewan_McGregor.png","P_F_Theresa_May.png","FALSE","pictures/stimuli/E","pictures/stimuli/P","M","F","6","55057a56fdf99b5b566a70bb","06/30/2022, 11:50:03",0.683648440869291,"29","Female","right",1,1,0,0,FALSE,"E_M_Ewan_McGregor.png P_F_Theresa_May.png"
2607,"P_M_Gordon_Brown.png","P_M_keir_starmer.png","TRUE","pictures/stimuli/P","pictures/stimuli/P","M","M","6","55057a56fdf99b5b566a70bb","06/30/2022, 11:50:03",0.683648440869291,"29","Female","right",1,1,0,0,FALSE,"P_M_Gordon_Brown.png P_M_keir_starmer.png"
2472,"E_F_Julie_Walters.png","E_F_Sarah_Millican.png","TRUE","pictures/stimuli/E","pictures/stimuli/E","F","F","6","55057a56fdf99b5b566a70bb","06/30/2022, 11:50:03",0.683648440869291,"29","Female","right",1,1,0,0,FALSE,"E_F_Julie_Walters.png E_F_Sarah_Millican.png"
2441,"E_M_Peter_Kay.png","P_M_Sajid_Javid.png","FALSE","pictures/stimuli/E","pictures/stimuli/P","M","M","6","55057a56fdf99b5b566a70bb","06/30/2022, 11:50:03",0.683648440869291,"29","Female","right",1,0,0,0,TRUE,"E_M_Peter_Kay.png P_M_Sajid_Javid.png"
4600,"P_F_Theresa_May.png","P_M_nigel_farage.png","TRUE","pictures/stimuli/P","pictures/stimuli/P","F","M","5","55057a56fdf99b5b566a70bb","06/30/2022, 11:50:03",-1.14583330230205,"29","Female","right",1,1,0,0,FALSE,"P_F_Theresa_May.png P_M_nigel_farage.png"
3118,"E_F_Julie_Walters.png","E_M_Ewan_McGregor.png","TRUE","pictures/stimuli/E","pictures/stimuli/E","F","M","5","55057a56fdf99b5b566a70bb","06/30/2022, 11:50:03",-1.14583330230205,"29","Female","right",1,1,0,0,FALSE,"E_F_Julie_Walters.png E_M_Ewan_McGregor.png"
3983,"E_F_Jennifer_Saunders.png","E_F_Julie_Walters.png","TRUE","pictures/stimuli/E","pictures/stimuli/E","F","F","5","55057a56fdf99b5b566a70bb","06/30/2022, 11:50:03",-1.14583330230205,"29","Female","right",0,1,0,0,TRUE,"E_F_Jennifer_Saunders.png E_F_Julie_Walters.png"
3245,"E_M_Ewan_McGregor.png","E_M_Simon_Pegg.png","TRUE","pictures/stimuli/E","pictures/stimuli/E","M","M","5","55057a56fdf99b5b566a70bb","06/30/2022, 11:50:03",-1.14583330230205,"29","Female","right",1,1,0,0,FALSE,"E_M_Ewan_McGregor.png E_M_Simon_Pegg.png"
2461,"P_M_Michael_Gove.png","P_M_nigel_farage.png","TRUE","pictures/stimuli/P","pictures/stimuli/P","M","M","6","55057a56fdf99b5b566a70bb","06/30/2022, 11:50:03",0.683648440869291,"29","Female","right",1,1,0,0,FALSE,"P_M_Michael_Gove.png P_M_nigel_farage.png"
4103,"E_M_Simon_Pegg.png","P_M_david_camer.png","FALSE","pictures/stimuli/E","pictures/stimuli/P","M","M","6","55057a56fdf99b5b566a70bb","06/30/2022, 11:50:03",0.683648440869291,"29","Female","right",1,1,0,0,FALSE,"E_M_Simon_Pegg.png P_M_david_camer.png"
1619,"E_M_Russell_Howard.png","P_M_Sajid_Javid.png","FALSE","pictures/stimuli/E","pictures/stimuli/P","M","M","6","55057a56fdf99b5b566a70bb","06/30/2022, 11:50:03",0.683648440869291,"29","Female","right",1,0,0,0,TRUE,"E_M_Russell_Howard.png P_M_Sajid_Javid.png"
2982,"E_M_Jimmy_Carr.png","P_M_keir_starmer.png","FALSE","pictures/stimuli/E","pictures/stimuli/P","M","M","6","55057a56fdf99b5b566a70bb","06/30/2022, 11:50:03",0.683648440869291,"29","Female","right",1,1,0,0,FALSE,"E_M_Jimmy_Carr.png P_M_keir_starmer.png"
2488,"E_M_Jimmy_Carr.png","P_M_david_camer.png","FALSE","pictures/stimuli/E","pictures/stimuli/P","M","M","6","55057a56fdf99b5b566a70bb","06/30/2022, 11:50:03",0.683648440869291,"29","Female","right",1,1,0,0,FALSE,"E_M_Jimmy_Carr.png P_M_david_camer.png"
3473,"P_M_Gordon_Brown.png","P_M_Tony_Blair.png","TRUE","pictures/stimuli/P","pictures/stimuli/P","M","M","6","55057a56fdf99b5b566a70bb","06/30/2022, 11:50:03",0.683648440869291,"29","Female","right",1,1,0,0,FALSE,"P_M_Gordon_Brown.png P_M_Tony_Blair.png"
2885,"E_M_Peter_Kay.png","P_M_keir_starmer.png","FALSE","pictures/stimuli/E","pictures/stimuli/P","M","M","6","55057a56fdf99b5b566a70bb","06/30/2022, 11:50:03",0.683648440869291,"29","Female","right",1,1,0,0,FALSE,"E_M_Peter_Kay.png P_M_keir_starmer.png"
2810,"P_M_Michael_Gove.png","P_M_Tony_Blair.png","TRUE","pictures/stimuli/P","pictures/stimuli/P","M","M","6","55057a56fdf99b5b566a70bb","06/30/2022, 11:50:03",0.683648440869291,"29","Female","right",1,1,0,0,FALSE,"P_M_Michael_Gove.png P_M_Tony_Blair.png"
2139,"P_M_Gordon_Brown.png","P_M_jeremy_corbyn.png","TRUE","pictures/stimuli/P","pictures/stimuli/P","M","M","6","55057a56fdf99b5b566a70bb","06/30/2022, 11:50:03",0.683648440869291,"29","Female","right",1,1,0,0,FALSE,"P_M_Gordon_Brown.png P_M_jeremy_corbyn.png"
2526,"E_M_Ewan_McGregor.png","E_M_Jimmy_Carr.png","TRUE","pictures/stimuli/E","pictures/stimuli/E","M","M","6","55057a56fdf99b5b566a70bb","06/30/2022, 11:50:03",0.683648440869291,"29","Female","right",1,1,0,0,FALSE,"E_M_Ewan_McGregor.png E_M_Jimmy_Carr.png"
3270,"P_F_Theresa_May.png","P_M_keir_starmer.png","TRUE","pictures/stimuli/P","pictures/stimuli/P","F","M","5","55057a56fdf99b5b566a70bb","06/30/2022, 11:50:03",-1.14583330230205,"29","Female","right",1,1,0,0,FALSE,"P_F_Theresa_May.png P_M_keir_starmer.png"
2169,"E_M_Peter_Kay.png","E_M_Simon_Pegg.png","TRUE","pictures/stimuli/E","pictures/stimuli/E","M","M","6","55057a56fdf99b5b566a70bb","06/30/2022, 11:50:03",0.683648440869291,"29","Female","right",1,1,0,0,FALSE,"E_M_Peter_Kay.png E_M_Simon_Pegg.png"
2303,"P_F_Theresa_May.png","P_M_Sajid_Javid.png","TRUE","pictures/stimuli/P","pictures/stimuli/P","F","M","6","55057a56fdf99b5b566a70bb","06/30/2022, 11:50:03",0.683648440869291,"29","Female","right",1,0,0,0,TRUE,"P_F_Theresa_May.png P_M_Sajid_Javid.png"
2927,"E_F_Jennifer_Saunders.png","P_M_Tony_Blair.png","FALSE","pictures/stimuli/E","pictures/stimuli/P","F","M","5","55057a56fdf99b5b566a70bb","06/30/2022, 11:50:03",-1.14583330230205,"29","Female","right",0,1,0,0,TRUE,"E_F_Jennifer_Saunders.png P_M_Tony_Blair.png"
2757,"E_M_Simon_Pegg.png","P_M_Michael_Gove.png","FALSE","pictures/stimuli/E","pictures/stimuli/P","M","M","6","55057a56fdf99b5b566a70bb","06/30/2022, 11:50:03",0.683648440869291,"29","Female","right",1,1,0,0,FALSE,"E_M_Simon_Pegg.png P_M_Michael_Gove.png"
2347,"E_M_Michael_McIntyr.png","P_F_Theresa_May.png","FALSE","pictures/stimuli/E","pictures/stimuli/P","M","F","6","55057a56fdf99b5b566a70bb","06/30/2022, 11:50:03",0.683648440869291,"29","Female","right",1,1,0,0,FALSE,"E_M_Michael_McIntyr.png P_F_Theresa_May.png"
3278,"E_M_Jimmy_Carr.png","P_M_Michael_Gove.png","FALSE","pictures/stimuli/E","pictures/stimuli/P","M","M","6","55057a56fdf99b5b566a70bb","06/30/2022, 11:50:03",0.683648440869291,"29","Female","right",1,1,0,0,FALSE,"E_M_Jimmy_Carr.png P_M_Michael_Gove.png"
2052,"E_M_Michael_McIntyr.png","E_M_Russell_Howard.png","TRUE","pictures/stimuli/E","pictures/stimuli/E","M","M","6","55057a56fdf99b5b566a70bb","06/30/2022, 11:50:03",0.683648440869291,"29","Female","right",1,1,0,0,FALSE,"E_M_Michael_McIntyr.png E_M_Russell_Howard.png"
2270,"E_F_Sarah_Millican.png","P_M_Sajid_Javid.png","FALSE","pictures/stimuli/E","pictures/stimuli/P","F","M","6","55057a56fdf99b5b566a70bb","06/30/2022, 11:50:03",0.683648440869291,"29","Female","right",1,0,0,0,TRUE,"E_F_Sarah_Millican.png P_M_Sajid_Javid.png"
4432,"E_F_Sarah_Millican.png","P_M_Gordon_Brown.png","FALSE","pictures/stimuli/E","pictures/stimuli/P","F","M","5","55057a56fdf99b5b566a70bb","06/30/2022, 11:50:03",-1.14583330230205,"29","Female","right",1,1,0,0,FALSE,"E_F_Sarah_Millican.png P_M_Gordon_Brown.png"
5093,"E_M_Jimmy_Carr.png","E_M_Peter_Kay.png","TRUE","pictures/stimuli/E","pictures/stimuli/E","M","M","6","55057a56fdf99b5b566a70bb","06/30/2022, 11:50:03",0.683648440869291,"29","Female","right",1,1,0,0,FALSE,"E_M_Jimmy_Carr.png E_M_Peter_Kay.png"
3357,"E_F_Jennifer_Saunders.png","P_M_david_camer.png","FALSE","pictures/stimuli/E","pictures/stimuli/P","F","M","5","55057a56fdf99b5b566a70bb","06/30/2022, 11:50:03",-1.14583330230205,"29","Female","right",0,1,0,0,TRUE,"E_F_Jennifer_Saunders.png P_M_david_camer.png"
5529,"E_M_Simon_Pegg.png","P_M_Tony_Blair.png","FALSE","pictures/stimuli/E","pictures/stimuli/P","M","M","5","55057a56fdf99b5b566a70bb","06/30/2022, 11:50:03",-1.14583330230205,"29","Female","right",1,1,0,0,FALSE,"E_M_Simon_Pegg.png P_M_Tony_Blair.png"
1940,"P_M_Sajid_Javid.png","P_M_Tony_Blair.png","TRUE","pictures/stimuli/P","pictures/stimuli/P","M","M","6","55057a56fdf99b5b566a70bb","06/30/2022, 11:50:03",0.683648440869291,"29","Female","right",0,1,0,0,TRUE,"P_M_Sajid_Javid.png P_M_Tony_Blair.png"
2201,"E_M_Peter_Kay.png","P_M_Tony_Blair.png","FALSE","pictures/stimuli/E","pictures/stimuli/P","M","M","6","55057a56fdf99b5b566a70bb","06/30/2022, 11:50:03",0.683648440869291,"29","Female","right",1,1,0,0,FALSE,"E_M_Peter_Kay.png P_M_Tony_Blair.png"
2132,"E_F_Jennifer_Saunders.png","E_M_Peter_Kay.png","TRUE","pictures/stimuli/E","pictures/stimuli/E","F","M","6","55057a56fdf99b5b566a70bb","06/30/2022, 11:50:03",0.683648440869291,"29","Female","right",0,1,0,0,TRUE,"E_F_Jennifer_Saunders.png E_M_Peter_Kay.png"
2665,"E_F_Dawn_Roma_French.png","P_M_Tony_Blair.png","FALSE","pictures/stimuli/E","pictures/stimuli/P","F","M","6","55057a56fdf99b5b566a70bb","06/30/2022, 11:50:03",0.683648440869291,"29","Female","right",1,1,0,0,FALSE,"E_F_Dawn_Roma_French.png P_M_Tony_Blair.png"
4328,"P_F_nicola_sturge.png","P_M_Tony_Blair.png","TRUE","pictures/stimuli/P","pictures/stimuli/P","F","M","6","55057a56fdf99b5b566a70bb","06/30/2022, 11:50:03",0.683648440869291,"29","Female","right",1,1,0,0,FALSE,"P_F_nicola_sturge.png P_M_Tony_Blair.png"
3378,"E_M_Michael_McIntyr.png","P_M_keir_starmer.png","FALSE","pictures/stimuli/E","pictures/stimuli/P","M","M","6","55057a56fdf99b5b566a70bb","06/30/2022, 11:50:03",0.683648440869291,"29","Female","right",1,1,0,0,FALSE,"E_M_Michael_McIntyr.png P_M_keir_starmer.png"
2455,"E_F_Julie_Walters.png","E_M_Peter_Kay.png","TRUE","pictures/stimuli/E","pictures/stimuli/E","F","M","6","55057a56fdf99b5b566a70bb","06/30/2022, 11:50:03",0.683648440869291,"29","Female","right",1,1,0,0,FALSE,"E_F_Julie_Walters.png E_M_Peter_Kay.png"
6208,"E_F_Dawn_Roma_French.png","P_M_david_camer.png","FALSE","pictures/stimuli/E","pictures/stimuli/P","F","M","6","55057a56fdf99b5b566a70bb","06/30/2022, 11:50:03",0.683648440869291,"29","Female","right",1,1,0,0,FALSE,"E_F_Dawn_Roma_French.png P_M_david_camer.png"
3019,"E_F_Jennifer_Saunders.png","P_M_Gordon_Brown.png","FALSE","pictures/stimuli/E","pictures/stimuli/P","F","M","5","55057a56fdf99b5b566a70bb","06/30/2022, 11:50:03",-1.14583330230205,"29","Female","right",0,1,0,0,TRUE,"E_F_Jennifer_Saunders.png P_M_Gordon_Brown.png"
3672,"E_F_Jennifer_Saunders.png","E_M_Ewan_McGregor.png","TRUE","pictures/stimuli/E","pictures/stimuli/E","F","M","5","55057a56fdf99b5b566a70bb","06/30/2022, 11:50:03",-1.14583330230205,"29","Female","right",0,1,0,0,TRUE,"E_F_Jennifer_Saunders.png E_M_Ewan_McGregor.png"
6076,"E_M_Jimmy_Carr.png","E_M_Michael_McIntyr.png","TRUE","pictures/stimuli/E","pictures/stimuli/E","M","M","4","55057a56fdf99b5b566a70bb","06/30/2022, 11:50:03",-2.9753150454734,"29","Female","right",1,1,0,0,FALSE,"E_M_Jimmy_Carr.png E_M_Michael_McIntyr.png"
3691,"P_F_nicola_sturge.png","P_M_nigel_farage.png","TRUE","pictures/stimuli/P","pictures/stimuli/P","F","M","6","55057a56fdf99b5b566a70bb","06/30/2022, 11:50:03",0.683648440869291,"29","Female","right",1,1,0,0,FALSE,"P_F_nicola_sturge.png P_M_nigel_farage.png"
5432,"E_F_Sarah_Millican.png","P_M_Michael_Gove.png","FALSE","pictures/stimuli/E","pictures/stimuli/P","F","M","5","55057a56fdf99b5b566a70bb","06/30/2022, 11:50:03",-1.14583330230205,"29","Female","right",1,1,0,0,FALSE,"E_F_Sarah_Millican.png P_M_Michael_Gove.png"
2616,"E_M_Ewan_McGregor.png","E_M_Michael_McIntyr.png","TRUE","pictures/stimuli/E","pictures/stimuli/E","M","M","6","55057a56fdf99b5b566a70bb","06/30/2022, 11:50:03",0.683648440869291,"29","Female","right",1,1,0,0,FALSE,"E_M_Ewan_McGregor.png E_M_Michael_McIntyr.png"
3144,"E_M_Jimmy_Carr.png","P_M_nigel_farage.png","FALSE","pictures/stimuli/E","pictures/stimuli/P","M","M","6","55057a56fdf99b5b566a70bb","06/30/2022, 11:50:03",0.683648440869291,"29","Female","right",1,1,0,0,FALSE,"E_M_Jimmy_Carr.png P_M_nigel_farage.png"
3905,"E_M_Simon_Pegg.png","P_F_nicola_sturge.png","FALSE","pictures/stimuli/E","pictures/stimuli/P","M","F","5","55057a56fdf99b5b566a70bb","06/30/2022, 11:50:03",-1.14583330230205,"29","Female","right",1,1,0,0,FALSE,"E_M_Simon_Pegg.png P_F_nicola_sturge.png"
2351,"E_M_Ewan_McGregor.png","P_M_Sajid_Javid.png","FALSE","pictures/stimuli/E","pictures/stimuli/P","M","M","6","55057a56fdf99b5b566a70bb","06/30/2022, 11:50:03",0.683648440869291,"29","Female","right",1,0,0,0,TRUE,"E_M_Ewan_McGregor.png P_M_Sajid_Javid.png"
4048,"P_M_keir_starmer.png","P_M_nigel_farage.png","TRUE","pictures/stimuli/P","pictures/stimuli/P","M","M","5","55057a56fdf99b5b566a70bb","06/30/2022, 11:50:03",-1.14583330230205,"29","Female","right",1,1,0,0,FALSE,"P_M_keir_starmer.png P_M_nigel_farage.png"
5064,"E_M_Michael_McIntyr.png","P_M_david_camer.png","FALSE","pictures/stimuli/E","pictures/stimuli/P","M","M","5","55057a56fdf99b5b566a70bb","06/30/2022, 11:50:03",-1.14583330230205,"29","Female","right",1,1,0,0,FALSE,"E_M_Michael_McIntyr.png P_M_david_camer.png"
2880,"E_F_Julie_Walters.png","E_M_Michael_McIntyr.png","TRUE","pictures/stimuli/E","pictures/stimuli/E","F","M","5","55057a56fdf99b5b566a70bb","06/30/2022, 11:50:03",-1.14583330230205,"29","Female","right",1,1,0,0,FALSE,"E_F_Julie_Walters.png E_M_Michael_McIntyr.png"
3151,"E_M_Jimmy_Carr.png","E_M_Simon_Pegg.png","TRUE","pictures/stimuli/E","pictures/stimuli/E","M","M","6","55057a56fdf99b5b566a70bb","06/30/2022, 11:50:03",0.683648440869291,"29","Female","right",1,1,0,0,FALSE,"E_M_Jimmy_Carr.png E_M_Simon_Pegg.png"
2457,"E_M_Ewan_McGregor.png","P_M_david_camer.png","FALSE","pictures/stimuli/E","pictures/stimuli/P","M","M","6","55057a56fdf99b5b566a70bb","06/30/2022, 11:50:03",0.683648440869291,"29","Female","right",1,1,0,0,FALSE,"E_M_Ewan_McGregor.png P_M_david_camer.png"
6380,"E_F_Sarah_Millican.png","E_M_Russell_Howard.png","TRUE","pictures/stimuli/E","pictures/stimuli/E","F","M","5","55057a56fdf99b5b566a70bb","06/30/2022, 11:50:03",-1.14583330230205,"29","Female","right",1,1,0,0,FALSE,"E_F_Sarah_Millican.png E_M_Russell_Howard.png"
2200,"E_F_Julie_Walters.png","P_M_Sajid_Javid.png","FALSE","pictures/stimuli/E","pictures/stimuli/P","F","M","6","55057a56fdf99b5b566a70bb","06/30/2022, 11:50:03",0.683648440869291,"29","Female","right",1,0,0,0,TRUE,"E_F_Julie_Walters.png P_M_Sajid_Javid.png"
4462,"E_F_Dawn_Roma_French.png","P_M_Gordon_Brown.png","FALSE","pictures/stimuli/E","pictures/stimuli/P","F","M","5","55057a56fdf99b5b566a70bb","06/30/2022, 11:50:03",-1.14583330230205,"29","Female","right",1,1,0,0,FALSE,"E_F_Dawn_Roma_French.png P_M_Gordon_Brown.png"
4172,"E_M_Simon_Pegg.png","P_M_keir_starmer.png","FALSE","pictures/stimuli/E","pictures/stimuli/P","M","M","6","55057a56fdf99b5b566a70bb","06/30/2022, 11:50:03",0.683648440869291,"29","Female","right",1,1,0,0,FALSE,"E_M_Simon_Pegg.png P_M_keir_starmer.png"
2230,"E_M_Simon_Pegg.png","P_F_Theresa_May.png","FALSE","pictures/stimuli/E","pictures/stimuli/P","M","F","6","55057a56fdf99b5b566a70bb","06/30/2022, 11:50:03",0.683648440869291,"29","Female","right",1,1,0,0,FALSE,"E_M_Simon_Pegg.png P_F_Theresa_May.png"
2293,"E_M_Simon_Pegg.png","P_M_Sajid_Javid.png","FALSE","pictures/stimuli/E","pictures/stimuli/P","M","M","6","55057a56fdf99b5b566a70bb","06/30/2022, 11:50:03",0.683648440869291,"29","Female","right",1,0,0,0,TRUE,"E_M_Simon_Pegg.png P_M_Sajid_Javid.png"
3155,"E_M_Peter_Kay.png","P_M_Michael_Gove.png","FALSE","pictures/stimuli/E","pictures/stimuli/P","M","M","5","55057a56fdf99b5b566a70bb","06/30/2022, 11:50:03",-1.14583330230205,"29","Female","right",1,1,0,0,FALSE,"E_M_Peter_Kay.png P_M_Michael_Gove.png"
2877,"P_F_nicola_sturge.png","P_M_keir_starmer.png","TRUE","pictures/stimuli/P","pictures/stimuli/P","F","M","5","55057a56fdf99b5b566a70bb","06/30/2022, 11:50:03",-1.14583330230205,"29","Female","right",1,1,0,0,FALSE,"P_F_nicola_sturge.png P_M_keir_starmer.png"
3301,"E_M_Russell_Howard.png","P_M_david_camer.png","FALSE","pictures/stimuli/E","pictures/stimuli/P","M","M","6","55057a56fdf99b5b566a70bb","06/30/2022, 11:50:03",0.683648440869291,"29","Female","right",1,1,0,0,FALSE,"E_M_Russell_Howard.png P_M_david_camer.png"
2327,"E_M_Jimmy_Carr.png","P_M_Sajid_Javid.png","FALSE","pictures/stimuli/E","pictures/stimuli/P","M","M","6","55057a56fdf99b5b566a70bb","06/30/2022, 11:50:03",0.683648440869291,"29","Female","right",1,0,0,0,TRUE,"E_M_Jimmy_Carr.png P_M_Sajid_Javid.png"
2374,"E_M_Peter_Kay.png","E_M_Russell_Howard.png","TRUE","pictures/stimuli/E","pictures/stimuli/E","M","M","6","55057a56fdf99b5b566a70bb","06/30/2022, 11:50:03",0.683648440869291,"29","Female","right",1,1,0,0,FALSE,"E_M_Peter_Kay.png E_M_Russell_Howard.png"
2908,"P_M_jeremy_corbyn.png","P_M_Sajid_Javid.png","TRUE","pictures/stimuli/P","pictures/stimuli/P","M","M","6","55057a56fdf99b5b566a70bb","06/30/2022, 11:50:03",0.683648440869291,"29","Female","right",1,0,0,0,TRUE,"P_M_jeremy_corbyn.png P_M_Sajid_Javid.png"
3347,"E_F_Julie_Walters.png","E_M_Simon_Pegg.png","TRUE","pictures/stimuli/E","pictures/stimuli/E","F","M","5","55057a56fdf99b5b566a70bb","06/30/2022, 11:50:03",-1.14583330230205,"29","Female","right",1,1,0,0,FALSE,"E_F_Julie_Walters.png E_M_Simon_Pegg.png"
3767,"P_M_nigel_farage.png","P_M_Tony_Blair.png","TRUE","pictures/stimuli/P","pictures/stimuli/P","M","M","4","55057a56fdf99b5b566a70bb","06/30/2022, 11:50:03",-2.9753150454734,"29","Female","right",1,1,0,0,FALSE,"P_M_nigel_farage.png P_M_Tony_Blair.png"
2167,"E_F_Dawn_Roma_French.png","E_M_Russell_Howard.png","TRUE","pictures/stimuli/E","pictures/stimuli/E","F","M","6","55057a56fdf99b5b566a70bb","06/30/2022, 11:50:03",0.683648440869291,"29","Female","right",1,1,0,0,FALSE,"E_F_Dawn_Roma_French.png E_M_Russell_Howard.png"
4812,"P_F_nicola_sturge.png","P_M_david_camer.png","TRUE","pictures/stimuli/P","pictures/stimuli/P","F","M","5","55057a56fdf99b5b566a70bb","06/30/2022, 11:50:03",-1.14583330230205,"29","Female","right",1,1,0,0,FALSE,"P_F_nicola_sturge.png P_M_david_camer.png"
2404,"E_M_Peter_Kay.png","P_F_Theresa_May.png","FALSE","pictures/stimuli/E","pictures/stimuli/P","M","F","6","55057a56fdf99b5b566a70bb","06/30/2022, 11:50:03",0.683648440869291,"29","Female","right",1,1,0,0,FALSE,"E_M_Peter_Kay.png P_F_Theresa_May.png"
3326,"P_M_david_camer.png","P_M_nigel_farage.png","TRUE","pictures/stimuli/P","pictures/stimuli/P","M","M","6","55057a56fdf99b5b566a70bb","06/30/2022, 11:50:03",0.683648440869291,"29","Female","right",1,1,0,0,FALSE,"P_M_david_camer.png P_M_nigel_farage.png"
4044,"E_F_Sarah_Millican.png","P_F_Theresa_May.png","FALSE","pictures/stimuli/E","pictures/stimuli/P","F","F","6","55057a56fdf99b5b566a70bb","06/30/2022, 11:50:03",0.683648440869291,"29","Female","right",1,1,0,0,FALSE,"E_F_Sarah_Millican.png P_F_Theresa_May.png"
3859,"E_M_Ewan_McGregor.png","P_M_jeremy_corbyn.png","FALSE","pictures/stimuli/E","pictures/stimuli/P","M","M","5","55057a56fdf99b5b566a70bb","06/30/2022, 11:50:03",-1.14583330230205,"29","Female","right",1,1,0,0,FALSE,"E_M_Ewan_McGregor.png P_M_jeremy_corbyn.png"
2092,"E_F_Dawn_Roma_French.png","P_M_jeremy_corbyn.png","FALSE","pictures/stimuli/E","pictures/stimuli/P","F","M","6","55057a56fdf99b5b566a70bb","06/30/2022, 11:50:03",0.683648440869291,"29","Female","right",1,1,0,0,FALSE,"E_F_Dawn_Roma_French.png P_M_jeremy_corbyn.png"
4697,"E_M_Russell_Howard.png","P_M_keir_starmer.png","FALSE","pictures/stimuli/E","pictures/stimuli/P","M","M","4","55057a56fdf99b5b566a70bb","06/30/2022, 11:50:03",-2.9753150454734,"29","Female","right",1,1,0,0,FALSE,"E_M_Russell_Howard.png P_M_keir_starmer.png"
3503,"E_F_Sarah_Millican.png","E_M_Michael_McIntyr.png","TRUE","pictures/stimuli/E","pictures/stimuli/E","F","M","5","55057a56fdf99b5b566a70bb","06/30/2022, 11:50:03",-1.14583330230205,"29","Female","right",1,1,0,0,FALSE,"E_F_Sarah_Millican.png E_M_Michael_McIntyr.png"
5322,"P_M_jeremy_corbyn.png","P_M_Tony_Blair.png","TRUE","pictures/stimuli/P","pictures/stimuli/P","M","M","6","55057a56fdf99b5b566a70bb","06/30/2022, 11:50:03",0.683648440869291,"29","Female","right",1,1,0,0,FALSE,"P_M_jeremy_corbyn.png P_M_Tony_Blair.png"
3972,"E_F_Dawn_Roma_French.png","P_M_Sajid_Javid.png","FALSE","pictures/stimuli/E","pictures/stimuli/P","F","M","6","55057a56fdf99b5b566a70bb","06/30/2022, 11:50:03",0.683648440869291,"29","Female","right",1,0,0,0,TRUE,"E_F_Dawn_Roma_French.png P_M_Sajid_Javid.png"
4744,"E_F_Sarah_Millican.png","P_F_nicola_sturge.png","FALSE","pictures/stimuli/E","pictures/stimuli/P","F","F","4","55057a56fdf99b5b566a70bb","06/30/2022, 11:50:03",-2.9753150454734,"29","Female","right",1,1,0,0,FALSE,"E_F_Sarah_Millican.png P_F_nicola_sturge.png"
3674,"E_M_Simon_Pegg.png","P_M_Gordon_Brown.png","FALSE","pictures/stimuli/E","pictures/stimuli/P","M","M","5","55057a56fdf99b5b566a70bb","06/30/2022, 11:50:03",-1.14583330230205,"29","Female","right",1,1,0,0,FALSE,"E_M_Simon_Pegg.png P_M_Gordon_Brown.png"
2603,"E_F_Sarah_Millican.png","P_M_keir_starmer.png","FALSE","pictures/stimuli/E","pictures/stimuli/P","F","M","5","55057a56fdf99b5b566a70bb","06/30/2022, 11:50:03",-1.14583330230205,"29","Female","right",1,1,0,0,FALSE,"E_F_Sarah_Millican.png P_M_keir_starmer.png"
2694,"P_F_Theresa_May.png","P_M_Gordon_Brown.png","TRUE","pictures/stimuli/P","pictures/stimuli/P","F","M","5","55057a56fdf99b5b566a70bb","06/30/2022, 11:50:03",-1.14583330230205,"29","Female","right",1,1,0,0,FALSE,"P_F_Theresa_May.png P_M_Gordon_Brown.png"
1789,"E_M_Michael_McIntyr.png","E_M_Peter_Kay.png","TRUE","pictures/stimuli/E","pictures/stimuli/E","M","M","6","55057a56fdf99b5b566a70bb","06/30/2022, 11:50:03",0.683648440869291,"29","Female","right",1,1,0,0,FALSE,"E_M_Michael_McIntyr.png E_M_Peter_Kay.png"
2913,"E_F_Julie_Walters.png","P_M_jeremy_corbyn.png","FALSE","pictures/stimuli/E","pictures/stimuli/P","F","M","5","55057a56fdf99b5b566a70bb","06/30/2022, 11:50:03",-1.14583330230205,"29","Female","right",1,1,0,0,FALSE,"E_F_Julie_Walters.png P_M_jeremy_corbyn.png"
2048,"P_M_Michael_Gove.png","P_M_Sajid_Javid.png","TRUE","pictures/stimuli/P","pictures/stimuli/P","M","M","6","55057a56fdf99b5b566a70bb","06/30/2022, 11:50:03",0.683648440869291,"29","Female","right",1,0,0,0,TRUE,"P_M_Michael_Gove.png P_M_Sajid_Javid.png"
4452,"E_M_Ewan_McGregor.png","P_M_Michael_Gove.png","FALSE","pictures/stimuli/E","pictures/stimuli/P","M","M","6","55057a56fdf99b5b566a70bb","06/30/2022, 11:50:03",0.683648440869291,"29","Female","right",1,1,0,0,FALSE,"E_M_Ewan_McGregor.png P_M_Michael_Gove.png"
2558,"E_F_Jennifer_Saunders.png","P_F_nicola_sturge.png","FALSE","pictures/stimuli/E","pictures/stimuli/P","F","F","5","55057a56fdf99b5b566a70bb","06/30/2022, 11:50:03",-1.14583330230205,"29","Female","right",0,1,0,0,TRUE,"E_F_Jennifer_Saunders.png P_F_nicola_sturge.png"
1860,"E_M_Jimmy_Carr.png","P_M_Gordon_Brown.png","FALSE","pictures/stimuli/E","pictures/stimuli/P","M","M","6","55057a56fdf99b5b566a70bb","06/30/2022, 11:50:03",0.683648440869291,"29","Female","right",1,1,0,0,FALSE,"E_M_Jimmy_Carr.png P_M_Gordon_Brown.png"
2801,"E_F_Julie_Walters.png","P_M_Michael_Gove.png","FALSE","pictures/stimuli/E","pictures/stimuli/P","F","M","6","55057a56fdf99b5b566a70bb","06/30/2022, 11:50:03",0.683648440869291,"29","Female","right",1,1,0,0,FALSE,"E_F_Julie_Walters.png P_M_Michael_Gove.png"
2601,"E_F_Dawn_Roma_French.png","E_M_Peter_Kay.png","TRUE","pictures/stimuli/E","pictures/stimuli/E","F","M","5","55057a56fdf99b5b566a70bb","06/30/2022, 11:50:03",-1.14583330230205,"29","Female","right",1,1,0,0,FALSE,"E_F_Dawn_Roma_French.png E_M_Peter_Kay.png"
2730,"E_M_Jimmy_Carr.png","P_M_jeremy_corbyn.png","FALSE","pictures/stimuli/E","pictures/stimuli/P","M","M","6","55057a56fdf99b5b566a70bb","06/30/2022, 11:50:03",0.683648440869291,"29","Female","right",1,1,0,0,FALSE,"E_M_Jimmy_Carr.png P_M_jeremy_corbyn.png"
1941,"P_M_david_camer.png","P_M_Sajid_Javid.png","TRUE","pictures/stimuli/P","pictures/stimuli/P","M","M","6","55057a56fdf99b5b566a70bb","06/30/2022, 11:50:03",0.683648440869291,"29","Female","right",1,0,0,0,TRUE,"P_M_david_camer.png P_M_Sajid_Javid.png"
3829,"E_F_Dawn_Roma_French.png","P_F_nicola_sturge.png","FALSE","pictures/stimuli/E","pictures/stimuli/P","F","F","5","55057a56fdf99b5b566a70bb","06/30/2022, 11:50:03",-1.14583330230205,"29","Female","right",1,1,0,0,FALSE,"E_F_Dawn_Roma_French.png P_F_nicola_sturge.png"
2892,"E_F_Dawn_Roma_French.png","E_M_Ewan_McGregor.png","TRUE","pictures/stimuli/E","pictures/stimuli/E","F","M","6","55057a56fdf99b5b566a70bb","06/30/2022, 11:50:03",0.683648440869291,"29","Female","right",1,1,0,0,FALSE,"E_F_Dawn_Roma_French.png E_M_Ewan_McGregor.png"
2915,"E_F_Sarah_Millican.png","E_M_Peter_Kay.png","TRUE","pictures/stimuli/E","pictures/stimuli/E","F","M","5","55057a56fdf99b5b566a70bb","06/30/2022, 11:50:03",-1.14583330230205,"29","Female","right",1,1,0,0,FALSE,"E_F_Sarah_Millican.png E_M_Peter_Kay.png"
4770,"E_M_Russell_Howard.png","P_F_Theresa_May.png","FALSE","pictures/stimuli/E","pictures/stimuli/P","M","F","6","55057a56fdf99b5b566a70bb","06/30/2022, 11:50:03",0.683648440869291,"29","Female","right",1,1,0,0,FALSE,"E_M_Russell_Howard.png P_F_Theresa_May.png"
3165,"E_F_Jennifer_Saunders.png","P_M_Michael_Gove.png","FALSE","pictures/stimuli/E","pictures/stimuli/P","F","M","6","55057a56fdf99b5b566a70bb","06/30/2022, 11:50:03",0.683648440869291,"29","Female","right",0,1,0,0,TRUE,"E_F_Jennifer_Saunders.png P_M_Michael_Gove.png"
6070,"P_F_nicola_sturge.png","P_M_jeremy_corbyn.png","TRUE","pictures/stimuli/P","pictures/stimuli/P","F","M","6","55057a56fdf99b5b566a70bb","06/30/2022, 11:50:03",0.683648440869291,"29","Female","right",1,1,0,0,FALSE,"P_F_nicola_sturge.png P_M_jeremy_corbyn.png"
2432,"E_M_Jimmy_Carr.png","P_F_Theresa_May.png","FALSE","pictures/stimuli/E","pictures/stimuli/P","M","F","6","55057a56fdf99b5b566a70bb","06/30/2022, 11:50:03",0.683648440869291,"29","Female","right",1,1,0,0,FALSE,"E_M_Jimmy_Carr.png P_F_Theresa_May.png"
3492,"E_M_Russell_Howard.png","P_M_Gordon_Brown.png","FALSE","pictures/stimuli/E","pictures/stimuli/P","M","M","5","55057a56fdf99b5b566a70bb","06/30/2022, 11:50:03",-1.14583330230205,"29","Female","right",1,1,0,0,FALSE,"E_M_Russell_Howard.png P_M_Gordon_Brown.png"
2964,"E_F_Jennifer_Saunders.png","E_F_Sarah_Millican.png","TRUE","pictures/stimuli/E","pictures/stimuli/E","F","F","6","55057a56fdf99b5b566a70bb","06/30/2022, 11:50:03",0.683648440869291,"29","Female","right",0,1,0,0,TRUE,"E_F_Jennifer_Saunders.png E_F_Sarah_Millican.png"
3484,"E_F_Sarah_Millican.png","E_M_Ewan_McGregor.png","TRUE","pictures/stimuli/E","pictures/stimuli/E","F","M","5","55057a56fdf99b5b566a70bb","06/30/2022, 11:50:03",-1.14583330230205,"29","Female","right",1,1,0,0,FALSE,"E_F_Sarah_Millican.png E_M_Ewan_McGregor.png"
3017,"P_F_Theresa_May.png","P_M_jeremy_corbyn.png","TRUE","pictures/stimuli/P","pictures/stimuli/P","F","M","6","55057a56fdf99b5b566a70bb","06/30/2022, 11:50:03",0.683648440869291,"29","Female","right",1,1,0,0,FALSE,"P_F_Theresa_May.png P_M_jeremy_corbyn.png"
2664,"E_M_Michael_McIntyr.png","P_M_Tony_Blair.png","FALSE","pictures/stimuli/E","pictures/stimuli/P","M","M","6","55057a56fdf99b5b566a70bb","06/30/2022, 11:50:03",0.683648440869291,"29","Female","right",1,1,0,0,FALSE,"E_M_Michael_McIntyr.png P_M_Tony_Blair.png"
5349,"E_F_Dawn_Roma_French.png","E_M_Michael_McIntyr.png","TRUE","pictures/stimuli/E","pictures/stimuli/E","F","M","5","55057a56fdf99b5b566a70bb","06/30/2022, 11:50:03",-1.14583330230205,"29","Female","right",1,1,0,0,FALSE,"E_F_Dawn_Roma_French.png E_M_Michael_McIntyr.png"
3687,"E_M_Ewan_McGregor.png","P_M_keir_starmer.png","FALSE","pictures/stimuli/E","pictures/stimuli/P","M","M","5","55057a56fdf99b5b566a70bb","06/30/2022, 11:50:03",-1.14583330230205,"29","Female","right",1,1,0,0,FALSE,"E_M_Ewan_McGregor.png P_M_keir_starmer.png"
4554,"E_M_Russell_Howard.png","P_M_jeremy_corbyn.png","FALSE","pictures/stimuli/E","pictures/stimuli/P","M","M","6","55057a56fdf99b5b566a70bb","06/30/2022, 11:50:03",0.683648440869291,"29","Female","right",1,1,0,0,FALSE,"E_M_Russell_Howard.png P_M_jeremy_corbyn.png"
7319,"P_M_Michael_Gove.png","P_M_Sajid_Javid.png","TRUE","pictures/stimuli/P","pictures/stimuli/P","M","M","6","578a060882f7f90001ee801e","06/30/2022, 09:34:31",1.05234369865286,"31","Female","right",1,1,0,0,FALSE,"P_M_Michael_Gove.png P_M_Sajid_Javid.png"
3693,"E_F_Julie_Walters.png","P_M_jeremy_corbyn.png","FALSE","pictures/stimuli/E","pictures/stimuli/P","F","M","5","578a060882f7f90001ee801e","06/30/2022, 09:34:31",-0.077290780127046,"31","Female","right",1,1,0,0,FALSE,"E_F_Julie_Walters.png P_M_jeremy_corbyn.png"
5893,"P_M_Gordon_Brown.png","P_M_Sajid_Javid.png","TRUE","pictures/stimuli/P","pictures/stimuli/P","M","M","6","578a060882f7f90001ee801e","06/30/2022, 09:34:31",1.05234369865286,"31","Female","right",1,1,0,0,FALSE,"P_M_Gordon_Brown.png P_M_Sajid_Javid.png"
5954,"E_M_Simon_Pegg.png","P_F_Theresa_May.png","FALSE","pictures/stimuli/E","pictures/stimuli/P","M","F","5","578a060882f7f90001ee801e","06/30/2022, 09:34:31",-0.077290780127046,"31","Female","right",1,1,0,0,FALSE,"E_M_Simon_Pegg.png P_F_Theresa_May.png"
5593,"E_M_Ewan_McGregor.png","E_M_Michael_McIntyr.png","TRUE","pictures/stimuli/E","pictures/stimuli/E","M","M","4","578a060882f7f90001ee801e","06/30/2022, 09:34:31",-1.20692525890695,"31","Female","right",0,1,0,0,TRUE,"E_M_Ewan_McGregor.png E_M_Michael_McIntyr.png"
4235,"E_M_Peter_Kay.png","P_M_Sajid_Javid.png","FALSE","pictures/stimuli/E","pictures/stimuli/P","M","M","5","578a060882f7f90001ee801e","06/30/2022, 09:34:31",-0.077290780127046,"31","Female","right",1,1,0,0,FALSE,"E_M_Peter_Kay.png P_M_Sajid_Javid.png"
7016,"E_F_Sarah_Millican.png","E_M_Simon_Pegg.png","TRUE","pictures/stimuli/E","pictures/stimuli/E","F","M","5","578a060882f7f90001ee801e","06/30/2022, 09:34:31",-0.077290780127046,"31","Female","right",1,1,0,0,FALSE,"E_F_Sarah_Millican.png E_M_Simon_Pegg.png"
4526,"E_F_Jennifer_Saunders.png","E_M_Ewan_McGregor.png","TRUE","pictures/stimuli/E","pictures/stimuli/E","F","M","5","578a060882f7f90001ee801e","06/30/2022, 09:34:31",-0.077290780127046,"31","Female","right",1,0,0,0,TRUE,"E_F_Jennifer_Saunders.png E_M_Ewan_McGregor.png"
5758,"P_M_david_camer.png","P_M_keir_starmer.png","TRUE","pictures/stimuli/P","pictures/stimuli/P","M","M","4","578a060882f7f90001ee801e","06/30/2022, 09:34:31",-1.20692525890695,"31","Female","right",1,1,0,0,FALSE,"P_M_david_camer.png P_M_keir_starmer.png"
7673,"E_M_Russell_Howard.png","P_M_david_camer.png","FALSE","pictures/stimuli/E","pictures/stimuli/P","M","M","5","578a060882f7f90001ee801e","06/30/2022, 09:34:31",-0.077290780127046,"31","Female","right",1,1,0,0,FALSE,"E_M_Russell_Howard.png P_M_david_camer.png"
3746,"E_F_Julie_Walters.png","P_M_david_camer.png","FALSE","pictures/stimuli/E","pictures/stimuli/P","F","M","6","578a060882f7f90001ee801e","06/30/2022, 09:34:31",1.05234369865286,"31","Female","right",1,1,0,0,FALSE,"E_F_Julie_Walters.png P_M_david_camer.png"
5053,"P_F_Theresa_May.png","P_M_david_camer.png","TRUE","pictures/stimuli/P","pictures/stimuli/P","F","M","5","578a060882f7f90001ee801e","06/30/2022, 09:34:31",-0.077290780127046,"31","Female","right",1,1,0,0,FALSE,"P_F_Theresa_May.png P_M_david_camer.png"
7369,"E_F_Jennifer_Saunders.png","E_F_Sarah_Millican.png","TRUE","pictures/stimuli/E","pictures/stimuli/E","F","F","5","578a060882f7f90001ee801e","06/30/2022, 09:34:31",-0.077290780127046,"31","Female","right",1,1,0,0,FALSE,"E_F_Jennifer_Saunders.png E_F_Sarah_Millican.png"
6734,"E_M_Russell_Howard.png","P_M_Gordon_Brown.png","FALSE","pictures/stimuli/E","pictures/stimuli/P","M","M","5","578a060882f7f90001ee801e","06/30/2022, 09:34:31",-0.077290780127046,"31","Female","right",1,1,0,0,FALSE,"E_M_Russell_Howard.png P_M_Gordon_Brown.png"
5603,"P_F_nicola_sturge.png","P_F_Theresa_May.png","TRUE","pictures/stimuli/P","pictures/stimuli/P","F","F","4","578a060882f7f90001ee801e","06/30/2022, 09:34:31",-1.20692525890695,"31","Female","right",1,1,0,0,FALSE,"P_F_nicola_sturge.png P_F_Theresa_May.png"
4871,"P_M_david_camer.png","P_M_Gordon_Brown.png","TRUE","pictures/stimuli/P","pictures/stimuli/P","M","M","5","578a060882f7f90001ee801e","06/30/2022, 09:34:31",-0.077290780127046,"31","Female","right",1,1,0,0,FALSE,"P_M_david_camer.png P_M_Gordon_Brown.png"
4917,"E_F_Julie_Walters.png","E_M_Russell_Howard.png","TRUE","pictures/stimuli/E","pictures/stimuli/E","F","M","4","578a060882f7f90001ee801e","06/30/2022, 09:34:31",-1.20692525890695,"31","Female","right",1,1,0,0,FALSE,"E_F_Julie_Walters.png E_M_Russell_Howard.png"
4634,"E_M_Michael_McIntyr.png","P_F_nicola_sturge.png","FALSE","pictures/stimuli/E","pictures/stimuli/P","M","F","4","578a060882f7f90001ee801e","06/30/2022, 09:34:31",-1.20692525890695,"31","Female","right",1,1,0,0,FALSE,"E_M_Michael_McIntyr.png P_F_nicola_sturge.png"
6164,"P_M_nigel_farage.png","P_M_Sajid_Javid.png","TRUE","pictures/stimuli/P","pictures/stimuli/P","M","M","6","578a060882f7f90001ee801e","06/30/2022, 09:34:31",1.05234369865286,"31","Female","right",1,1,0,0,FALSE,"P_M_nigel_farage.png P_M_Sajid_Javid.png"
6995,"E_F_Jennifer_Saunders.png","P_M_jeremy_corbyn.png","FALSE","pictures/stimuli/E","pictures/stimuli/P","F","M","5","578a060882f7f90001ee801e","06/30/2022, 09:34:31",-0.077290780127046,"31","Female","right",1,1,0,0,FALSE,"E_F_Jennifer_Saunders.png P_M_jeremy_corbyn.png"
4628,"P_F_Theresa_May.png","P_M_Michael_Gove.png","TRUE","pictures/stimuli/P","pictures/stimuli/P","F","M","5","578a060882f7f90001ee801e","06/30/2022, 09:34:31",-0.077290780127046,"31","Female","right",1,1,0,0,FALSE,"P_F_Theresa_May.png P_M_Michael_Gove.png"
4890,"E_M_Michael_McIntyr.png","E_M_Peter_Kay.png","TRUE","pictures/stimuli/E","pictures/stimuli/E","M","M","2","578a060882f7f90001ee801e","06/30/2022, 09:34:31",-3.46619421646675,"31","Female","right",1,1,0,0,FALSE,"E_M_Michael_McIntyr.png E_M_Peter_Kay.png"
6587,"E_M_Simon_Pegg.png","P_M_jeremy_corbyn.png","FALSE","pictures/stimuli/E","pictures/stimuli/P","M","M","4","578a060882f7f90001ee801e","06/30/2022, 09:34:31",-1.20692525890695,"31","Female","right",1,1,0,0,FALSE,"E_M_Simon_Pegg.png P_M_jeremy_corbyn.png"
6395,"E_M_Ewan_McGregor.png","P_M_nigel_farage.png","FALSE","pictures/stimuli/E","pictures/stimuli/P","M","M","5","578a060882f7f90001ee801e","06/30/2022, 09:34:31",-0.077290780127046,"31","Female","right",0,1,0,0,TRUE,"E_M_Ewan_McGregor.png P_M_nigel_farage.png"
6352,"P_F_Theresa_May.png","P_M_jeremy_corbyn.png","TRUE","pictures/stimuli/P","pictures/stimuli/P","F","M","5","578a060882f7f90001ee801e","06/30/2022, 09:34:31",-0.077290780127046,"31","Female","right",1,1,0,0,FALSE,"P_F_Theresa_May.png P_M_jeremy_corbyn.png"
5900,"E_M_Jimmy_Carr.png","P_M_jeremy_corbyn.png","FALSE","pictures/stimuli/E","pictures/stimuli/P","M","M","4","578a060882f7f90001ee801e","06/30/2022, 09:34:31",-1.20692525890695,"31","Female","right",1,1,0,0,FALSE,"E_M_Jimmy_Carr.png P_M_jeremy_corbyn.png"
7260,"E_F_Sarah_Millican.png","E_M_Ewan_McGregor.png","TRUE","pictures/stimuli/E","pictures/stimuli/E","F","M","5","578a060882f7f90001ee801e","06/30/2022, 09:34:31",-0.077290780127046,"31","Female","right",1,0,0,0,TRUE,"E_F_Sarah_Millican.png E_M_Ewan_McGregor.png"
8873,"E_F_Dawn_Roma_French.png","P_M_jeremy_corbyn.png","FALSE","pictures/stimuli/E","pictures/stimuli/P","F","M","6","578a060882f7f90001ee801e","06/30/2022, 09:34:31",1.05234369865286,"31","Female","right",1,1,0,0,FALSE,"E_F_Dawn_Roma_French.png P_M_jeremy_corbyn.png"
5056,"E_M_Ewan_McGregor.png","E_M_Simon_Pegg.png","TRUE","pictures/stimuli/E","pictures/stimuli/E","M","M","4","578a060882f7f90001ee801e","06/30/2022, 09:34:31",-1.20692525890695,"31","Female","right",0,1,0,0,TRUE,"E_M_Ewan_McGregor.png E_M_Simon_Pegg.png"
8316,"P_M_keir_starmer.png","P_M_Tony_Blair.png","TRUE","pictures/stimuli/P","pictures/stimuli/P","M","M","4","578a060882f7f90001ee801e","06/30/2022, 09:34:31",-1.20692525890695,"31","Female","right",1,1,0,0,FALSE,"P_M_keir_starmer.png P_M_Tony_Blair.png"
5345,"E_M_Jimmy_Carr.png","P_F_nicola_sturge.png","FALSE","pictures/stimuli/E","pictures/stimuli/P","M","F","4","578a060882f7f90001ee801e","06/30/2022, 09:34:31",-1.20692525890695,"31","Female","right",1,1,0,0,FALSE,"E_M_Jimmy_Carr.png P_F_nicola_sturge.png"
6102,"E_F_Dawn_Roma_French.png","E_M_Russell_Howard.png","TRUE","pictures/stimuli/E","pictures/stimuli/E","F","M","6","578a060882f7f90001ee801e","06/30/2022, 09:34:31",1.05234369865286,"31","Female","right",1,1,0,0,FALSE,"E_F_Dawn_Roma_French.png E_M_Russell_Howard.png"
4257,"P_F_nicola_sturge.png","P_M_david_camer.png","TRUE","pictures/stimuli/P","pictures/stimuli/P","F","M","3","578a060882f7f90001ee801e","06/30/2022, 09:34:31",-2.33655973768685,"31","Female","right",1,1,0,0,FALSE,"P_F_nicola_sturge.png P_M_david_camer.png"
4672,"E_M_Peter_Kay.png","P_M_keir_starmer.png","FALSE","pictures/stimuli/E","pictures/stimuli/P","M","M","5","578a060882f7f90001ee801e","06/30/2022, 09:34:31",-0.077290780127046,"31","Female","right",1,1,0,0,FALSE,"E_M_Peter_Kay.png P_M_keir_starmer.png"
3708,"E_M_Ewan_McGregor.png","P_M_Tony_Blair.png","FALSE","pictures/stimuli/E","pictures/stimuli/P","M","M","4","578a060882f7f90001ee801e","06/30/2022, 09:34:31",-1.20692525890695,"31","Female","right",0,1,0,0,TRUE,"E_M_Ewan_McGregor.png P_M_Tony_Blair.png"
2554,"E_M_Ewan_McGregor.png","P_M_keir_starmer.png","FALSE","pictures/stimuli/E","pictures/stimuli/P","M","M","4","578a060882f7f90001ee801e","06/30/2022, 09:34:31",-1.20692525890695,"31","Female","right",0,1,0,0,TRUE,"E_M_Ewan_McGregor.png P_M_keir_starmer.png"
5408,"E_M_Peter_Kay.png","P_F_Theresa_May.png","FALSE","pictures/stimuli/E","pictures/stimuli/P","M","F","6","578a060882f7f90001ee801e","06/30/2022, 09:34:31",1.05234369865286,"31","Female","right",1,1,0,0,FALSE,"E_M_Peter_Kay.png P_F_Theresa_May.png"
7375,"P_M_Gordon_Brown.png","P_M_Michael_Gove.png","TRUE","pictures/stimuli/P","pictures/stimuli/P","M","M","6","578a060882f7f90001ee801e","06/30/2022, 09:34:31",1.05234369865286,"31","Female","right",1,1,0,0,FALSE,"P_M_Gordon_Brown.png P_M_Michael_Gove.png"
3930,"E_F_Julie_Walters.png","E_M_Ewan_McGregor.png","TRUE","pictures/stimuli/E","pictures/stimuli/E","F","M","5","578a060882f7f90001ee801e","06/30/2022, 09:34:31",-0.077290780127046,"31","Female","right",1,0,0,0,TRUE,"E_F_Julie_Walters.png E_M_Ewan_McGregor.png"
7048,"E_M_Jimmy_Carr.png","E_M_Michael_McIntyr.png","TRUE","pictures/stimuli/E","pictures/stimuli/E","M","M","3","578a060882f7f90001ee801e","06/30/2022, 09:34:31",-2.33655973768685,"31","Female","right",1,1,0,0,FALSE,"E_M_Jimmy_Carr.png E_M_Michael_McIntyr.png"
3772,"E_M_Simon_Pegg.png","P_F_nicola_sturge.png","FALSE","pictures/stimuli/E","pictures/stimuli/P","M","F","6","578a060882f7f90001ee801e","06/30/2022, 09:34:31",1.05234369865286,"31","Female","right",1,1,0,0,FALSE,"E_M_Simon_Pegg.png P_F_nicola_sturge.png"
7218,"P_M_Gordon_Brown.png","P_M_nigel_farage.png","TRUE","pictures/stimuli/P","pictures/stimuli/P","M","M","4","578a060882f7f90001ee801e","06/30/2022, 09:34:31",-1.20692525890695,"31","Female","right",1,1,0,0,FALSE,"P_M_Gordon_Brown.png P_M_nigel_farage.png"
9790,"P_M_Sajid_Javid.png","P_M_Tony_Blair.png","TRUE","pictures/stimuli/P","pictures/stimuli/P","M","M","6","578a060882f7f90001ee801e","06/30/2022, 09:34:31",1.05234369865286,"31","Female","right",1,1,0,0,FALSE,"P_M_Sajid_Javid.png P_M_Tony_Blair.png"
5521,"E_F_Julie_Walters.png","P_M_nigel_farage.png","FALSE","pictures/stimuli/E","pictures/stimuli/P","F","M","5","578a060882f7f90001ee801e","06/30/2022, 09:34:31",-0.077290780127046,"31","Female","right",1,1,0,0,FALSE,"E_F_Julie_Walters.png P_M_nigel_farage.png"
4258,"E_M_Jimmy_Carr.png","P_M_nigel_farage.png","FALSE","pictures/stimuli/E","pictures/stimuli/P","M","M","6","578a060882f7f90001ee801e","06/30/2022, 09:34:31",1.05234369865286,"31","Female","right",1,1,0,0,FALSE,"E_M_Jimmy_Carr.png P_M_nigel_farage.png"
4016,"E_M_Simon_Pegg.png","P_M_nigel_farage.png","FALSE","pictures/stimuli/E","pictures/stimuli/P","M","M","5","578a060882f7f90001ee801e","06/30/2022, 09:34:31",-0.077290780127046,"31","Female","right",1,1,0,0,FALSE,"E_M_Simon_Pegg.png P_M_nigel_farage.png"
4676,"E_M_Peter_Kay.png","P_M_nigel_farage.png","FALSE","pictures/stimuli/E","pictures/stimuli/P","M","M","6","578a060882f7f90001ee801e","06/30/2022, 09:34:31",1.05234369865286,"31","Female","right",1,1,0,0,FALSE,"E_M_Peter_Kay.png P_M_nigel_farage.png"
4620,"P_M_nigel_farage.png","P_M_Tony_Blair.png","TRUE","pictures/stimuli/P","pictures/stimuli/P","M","M","5","578a060882f7f90001ee801e","06/30/2022, 09:34:31",-0.077290780127046,"31","Female","right",1,1,0,0,FALSE,"P_M_nigel_farage.png P_M_Tony_Blair.png"
7247,"E_F_Sarah_Millican.png","P_M_Michael_Gove.png","FALSE","pictures/stimuli/E","pictures/stimuli/P","F","M","5","578a060882f7f90001ee801e","06/30/2022, 09:34:31",-0.077290780127046,"31","Female","right",1,1,0,0,FALSE,"E_F_Sarah_Millican.png P_M_Michael_Gove.png"
7782,"P_F_nicola_sturge.png","P_M_Gordon_Brown.png","TRUE","pictures/stimuli/P","pictures/stimuli/P","F","M","6","578a060882f7f90001ee801e","06/30/2022, 09:34:31",1.05234369865286,"31","Female","right",1,1,0,0,FALSE,"P_F_nicola_sturge.png P_M_Gordon_Brown.png"
3465,"E_M_Peter_Kay.png","P_M_jeremy_corbyn.png","FALSE","pictures/stimuli/E","pictures/stimuli/P","M","M","6","578a060882f7f90001ee801e","06/30/2022, 09:34:31",1.05234369865286,"31","Female","right",1,1,0,0,FALSE,"E_M_Peter_Kay.png P_M_jeremy_corbyn.png"
3576,"E_M_Michael_McIntyr.png","P_M_Sajid_Javid.png","FALSE","pictures/stimuli/E","pictures/stimuli/P","M","M","6","578a060882f7f90001ee801e","06/30/2022, 09:34:31",1.05234369865286,"31","Female","right",1,1,0,0,FALSE,"E_M_Michael_McIntyr.png P_M_Sajid_Javid.png"
5933,"E_M_Michael_McIntyr.png","P_F_Theresa_May.png","FALSE","pictures/stimuli/E","pictures/stimuli/P","M","F","5","578a060882f7f90001ee801e","06/30/2022, 09:34:31",-0.077290780127046,"31","Female","right",1,1,0,0,FALSE,"E_M_Michael_McIntyr.png P_F_Theresa_May.png"
9839,"E_F_Julie_Walters.png","E_F_Sarah_Millican.png","TRUE","pictures/stimuli/E","pictures/stimuli/E","F","F","5","578a060882f7f90001ee801e","06/30/2022, 09:34:31",-0.077290780127046,"31","Female","right",1,1,0,0,FALSE,"E_F_Julie_Walters.png E_F_Sarah_Millican.png"
6472,"E_M_Peter_Kay.png","E_M_Russell_Howard.png","TRUE","pictures/stimuli/E","pictures/stimuli/E","M","M","6","578a060882f7f90001ee801e","06/30/2022, 09:34:31",1.05234369865286,"31","Female","right",1,1,0,0,FALSE,"E_M_Peter_Kay.png E_M_Russell_Howard.png"
4835,"E_F_Jennifer_Saunders.png","P_M_david_camer.png","FALSE","pictures/stimuli/E","pictures/stimuli/P","F","M","5","578a060882f7f90001ee801e","06/30/2022, 09:34:31",-0.077290780127046,"31","Female","right",1,1,0,0,FALSE,"E_F_Jennifer_Saunders.png P_M_david_camer.png"
4795,"E_M_Simon_Pegg.png","P_M_david_camer.png","FALSE","pictures/stimuli/E","pictures/stimuli/P","M","M","5","578a060882f7f90001ee801e","06/30/2022, 09:34:31",-0.077290780127046,"31","Female","right",1,1,0,0,FALSE,"E_M_Simon_Pegg.png P_M_david_camer.png"
7620,"E_M_Michael_McIntyr.png","P_M_keir_starmer.png","FALSE","pictures/stimuli/E","pictures/stimuli/P","M","M","5","578a060882f7f90001ee801e","06/30/2022, 09:34:31",-0.077290780127046,"31","Female","right",1,1,0,0,FALSE,"E_M_Michael_McIntyr.png P_M_keir_starmer.png"
4706,"E_F_Sarah_Millican.png","E_M_Jimmy_Carr.png","TRUE","pictures/stimuli/E","pictures/stimuli/E","F","M","4","578a060882f7f90001ee801e","06/30/2022, 09:34:31",-1.20692525890695,"31","Female","right",1,1,0,0,FALSE,"E_F_Sarah_Millican.png E_M_Jimmy_Carr.png"
4397,"P_F_nicola_sturge.png","P_M_Tony_Blair.png","TRUE","pictures/stimuli/P","pictures/stimuli/P","F","M","5","578a060882f7f90001ee801e","06/30/2022, 09:34:31",-0.077290780127046,"31","Female","right",1,1,0,0,FALSE,"P_F_nicola_sturge.png P_M_Tony_Blair.png"
4157,"E_F_Dawn_Roma_French.png","P_M_keir_starmer.png","FALSE","pictures/stimuli/E","pictures/stimuli/P","F","M","6","578a060882f7f90001ee801e","06/30/2022, 09:34:31",1.05234369865286,"31","Female","right",1,1,0,0,FALSE,"E_F_Dawn_Roma_French.png P_M_keir_starmer.png"
3019,"E_M_Ewan_McGregor.png","E_M_Russell_Howard.png","TRUE","pictures/stimuli/E","pictures/stimuli/E","M","M","4","578a060882f7f90001ee801e","06/30/2022, 09:34:31",-1.20692525890695,"31","Female","right",0,1,0,0,TRUE,"E_M_Ewan_McGregor.png E_M_Russell_Howard.png"
6670,"E_M_Russell_Howard.png","P_F_nicola_sturge.png","FALSE","pictures/stimuli/E","pictures/stimuli/P","M","F","6","578a060882f7f90001ee801e","06/30/2022, 09:34:31",1.05234369865286,"31","Female","right",1,1,0,0,FALSE,"E_M_Russell_Howard.png P_F_nicola_sturge.png"
6806,"E_M_Jimmy_Carr.png","P_M_Michael_Gove.png","FALSE","pictures/stimuli/E","pictures/stimuli/P","M","M","6","578a060882f7f90001ee801e","06/30/2022, 09:34:31",1.05234369865286,"31","Female","right",1,1,0,0,FALSE,"E_M_Jimmy_Carr.png P_M_Michael_Gove.png"
6427,"E_M_Russell_Howard.png","P_M_Michael_Gove.png","FALSE","pictures/stimuli/E","pictures/stimuli/P","M","M","6","578a060882f7f90001ee801e","06/30/2022, 09:34:31",1.05234369865286,"31","Female","right",1,1,0,0,FALSE,"E_M_Russell_Howard.png P_M_Michael_Gove.png"
5771,"E_M_Jimmy_Carr.png","E_M_Peter_Kay.png","TRUE","pictures/stimuli/E","pictures/stimuli/E","M","M","4","578a060882f7f90001ee801e","06/30/2022, 09:34:31",-1.20692525890695,"31","Female","right",1,1,0,0,FALSE,"E_M_Jimmy_Carr.png E_M_Peter_Kay.png"
10318,"E_F_Sarah_Millican.png","P_M_Tony_Blair.png","FALSE","pictures/stimuli/E","pictures/stimuli/P","F","M","5","578a060882f7f90001ee801e","06/30/2022, 09:34:31",-0.077290780127046,"31","Female","right",1,1,0,0,FALSE,"E_F_Sarah_Millican.png P_M_Tony_Blair.png"
7940,"E_F_Dawn_Roma_French.png","E_M_Jimmy_Carr.png","TRUE","pictures/stimuli/E","pictures/stimuli/E","F","M","3","578a060882f7f90001ee801e","06/30/2022, 09:34:31",-2.33655973768685,"31","Female","right",1,1,0,0,FALSE,"E_F_Dawn_Roma_French.png E_M_Jimmy_Carr.png"
4648,"E_F_Julie_Walters.png","P_F_Theresa_May.png","FALSE","pictures/stimuli/E","pictures/stimuli/P","F","F","3","578a060882f7f90001ee801e","06/30/2022, 09:34:31",-2.33655973768685,"31","Female","right",1,1,0,0,FALSE,"E_F_Julie_Walters.png P_F_Theresa_May.png"
5353,"E_M_Jimmy_Carr.png","P_M_keir_starmer.png","FALSE","pictures/stimuli/E","pictures/stimuli/P","M","M","5","578a060882f7f90001ee801e","06/30/2022, 09:34:31",-0.077290780127046,"31","Female","right",1,1,0,0,FALSE,"E_M_Jimmy_Carr.png P_M_keir_starmer.png"
3164,"P_M_Michael_Gove.png","P_M_nigel_farage.png","TRUE","pictures/stimuli/P","pictures/stimuli/P","M","M","5","578a060882f7f90001ee801e","06/30/2022, 09:34:31",-0.077290780127046,"31","Female","right",1,1,0,0,FALSE,"P_M_Michael_Gove.png P_M_nigel_farage.png"
6976,"E_F_Dawn_Roma_French.png","P_M_Sajid_Javid.png","FALSE","pictures/stimuli/E","pictures/stimuli/P","F","M","5","578a060882f7f90001ee801e","06/30/2022, 09:34:31",-0.077290780127046,"31","Female","right",1,1,0,0,FALSE,"E_F_Dawn_Roma_French.png P_M_Sajid_Javid.png"
5930,"E_M_Simon_Pegg.png","P_M_Gordon_Brown.png","FALSE","pictures/stimuli/E","pictures/stimuli/P","M","M","5","578a060882f7f90001ee801e","06/30/2022, 09:34:31",-0.077290780127046,"31","Female","right",1,1,0,0,FALSE,"E_M_Simon_Pegg.png P_M_Gordon_Brown.png"
4144,"P_M_jeremy_corbyn.png","P_M_Sajid_Javid.png","TRUE","pictures/stimuli/P","pictures/stimuli/P","M","M","6","578a060882f7f90001ee801e","06/30/2022, 09:34:31",1.05234369865286,"31","Female","right",1,1,0,0,FALSE,"P_M_jeremy_corbyn.png P_M_Sajid_Javid.png"
4711,"E_F_Dawn_Roma_French.png","P_F_nicola_sturge.png","FALSE","pictures/stimuli/E","pictures/stimuli/P","F","F","4","578a060882f7f90001ee801e","06/30/2022, 09:34:31",-1.20692525890695,"31","Female","right",1,1,0,0,FALSE,"E_F_Dawn_Roma_French.png P_F_nicola_sturge.png"
4693,"P_M_david_camer.png","P_M_Sajid_Javid.png","TRUE","pictures/stimuli/P","pictures/stimuli/P","M","M","4","578a060882f7f90001ee801e","06/30/2022, 09:34:31",-1.20692525890695,"31","Female","right",1,1,0,0,FALSE,"P_M_david_camer.png P_M_Sajid_Javid.png"
4025,"E_F_Sarah_Millican.png","P_M_jeremy_corbyn.png","FALSE","pictures/stimuli/E","pictures/stimuli/P","F","M","6","578a060882f7f90001ee801e","06/30/2022, 09:34:31",1.05234369865286,"31","Female","right",1,1,0,0,FALSE,"E_F_Sarah_Millican.png P_M_jeremy_corbyn.png"
4309,"P_F_Theresa_May.png","P_M_nigel_farage.png","TRUE","pictures/stimuli/P","pictures/stimuli/P","F","M","6","578a060882f7f90001ee801e","06/30/2022, 09:34:31",1.05234369865286,"31","Female","right",1,1,0,0,FALSE,"P_F_Theresa_May.png P_M_nigel_farage.png"
8315,"E_F_Jennifer_Saunders.png","P_M_keir_starmer.png","FALSE","pictures/stimuli/E","pictures/stimuli/P","F","M","4","578a060882f7f90001ee801e","06/30/2022, 09:34:31",-1.20692525890695,"31","Female","right",1,1,0,0,FALSE,"E_F_Jennifer_Saunders.png P_M_keir_starmer.png"
4811,"P_M_Michael_Gove.png","P_M_Tony_Blair.png","TRUE","pictures/stimuli/P","pictures/stimuli/P","M","M","5","578a060882f7f90001ee801e","06/30/2022, 09:34:31",-0.077290780127046,"31","Female","right",1,1,0,0,FALSE,"P_M_Michael_Gove.png P_M_Tony_Blair.png"
6180,"E_F_Sarah_Millican.png","P_M_keir_starmer.png","FALSE","pictures/stimuli/E","pictures/stimuli/P","F","M","5","578a060882f7f90001ee801e","06/30/2022, 09:34:31",-0.077290780127046,"31","Female","right",1,1,0,0,FALSE,"E_F_Sarah_Millican.png P_M_keir_starmer.png"
4332,"E_F_Sarah_Millican.png","E_M_Russell_Howard.png","TRUE","pictures/stimuli/E","pictures/stimuli/E","F","M","5","578a060882f7f90001ee801e","06/30/2022, 09:34:31",-0.077290780127046,"31","Female","right",1,1,0,0,FALSE,"E_F_Sarah_Millican.png E_M_Russell_Howard.png"
7655,"E_M_Jimmy_Carr.png","P_M_Sajid_Javid.png","FALSE","pictures/stimuli/E","pictures/stimuli/P","M","M","5","578a060882f7f90001ee801e","06/30/2022, 09:34:31",-0.077290780127046,"31","Female","right",1,1,0,0,FALSE,"E_M_Jimmy_Carr.png P_M_Sajid_Javid.png"
2799,"E_F_Dawn_Roma_French.png","E_M_Ewan_McGregor.png","TRUE","pictures/stimuli/E","pictures/stimuli/E","F","M","5","578a060882f7f90001ee801e","06/30/2022, 09:34:31",-0.077290780127046,"31","Female","right",1,0,0,0,TRUE,"E_F_Dawn_Roma_French.png E_M_Ewan_McGregor.png"
4493,"P_M_keir_starmer.png","P_M_Sajid_Javid.png","TRUE","pictures/stimuli/P","pictures/stimuli/P","M","M","6","578a060882f7f90001ee801e","06/30/2022, 09:34:31",1.05234369865286,"31","Female","right",1,1,0,0,FALSE,"P_M_keir_starmer.png P_M_Sajid_Javid.png"
5278,"E_F_Jennifer_Saunders.png","P_M_Michael_Gove.png","FALSE","pictures/stimuli/E","pictures/stimuli/P","F","M","6","578a060882f7f90001ee801e","06/30/2022, 09:34:31",1.05234369865286,"31","Female","right",1,1,0,0,FALSE,"E_F_Jennifer_Saunders.png P_M_Michael_Gove.png"
4208,"E_F_Julie_Walters.png","P_M_Gordon_Brown.png","FALSE","pictures/stimuli/E","pictures/stimuli/P","F","M","4","578a060882f7f90001ee801e","06/30/2022, 09:34:31",-1.20692525890695,"31","Female","right",1,1,0,0,FALSE,"E_F_Julie_Walters.png P_M_Gordon_Brown.png"
4165,"E_M_Simon_Pegg.png","P_M_Michael_Gove.png","FALSE","pictures/stimuli/E","pictures/stimuli/P","M","M","6","578a060882f7f90001ee801e","06/30/2022, 09:34:31",1.05234369865286,"31","Female","right",1,1,0,0,FALSE,"E_M_Simon_Pegg.png P_M_Michael_Gove.png"
8670,"E_M_Russell_Howard.png","E_M_Simon_Pegg.png","TRUE","pictures/stimuli/E","pictures/stimuli/E","M","M","2","578a060882f7f90001ee801e","06/30/2022, 09:34:31",-3.46619421646675,"31","Female","right",1,1,0,0,FALSE,"E_M_Russell_Howard.png E_M_Simon_Pegg.png"
4689,"E_F_Dawn_Roma_French.png","P_M_Gordon_Brown.png","FALSE","pictures/stimuli/E","pictures/stimuli/P","F","M","5","578a060882f7f90001ee801e","06/30/2022, 09:34:31",-0.077290780127046,"31","Female","right",1,1,0,0,FALSE,"E_F_Dawn_Roma_French.png P_M_Gordon_Brown.png"
3907,"E_M_Ewan_McGregor.png","P_M_Michael_Gove.png","FALSE","pictures/stimuli/E","pictures/stimuli/P","M","M","5","578a060882f7f90001ee801e","06/30/2022, 09:34:31",-0.077290780127046,"31","Female","right",0,1,0,0,TRUE,"E_M_Ewan_McGregor.png P_M_Michael_Gove.png"
5724,"E_F_Julie_Walters.png","P_M_Sajid_Javid.png","FALSE","pictures/stimuli/E","pictures/stimuli/P","F","M","6","578a060882f7f90001ee801e","06/30/2022, 09:34:31",1.05234369865286,"31","Female","right",1,1,0,0,FALSE,"E_F_Julie_Walters.png P_M_Sajid_Javid.png"
4250,"E_F_Sarah_Millican.png","P_F_nicola_sturge.png","FALSE","pictures/stimuli/E","pictures/stimuli/P","F","F","4","578a060882f7f90001ee801e","06/30/2022, 09:34:31",-1.20692525890695,"31","Female","right",1,1,0,0,FALSE,"E_F_Sarah_Millican.png P_F_nicola_sturge.png"
4817,"E_F_Sarah_Millican.png","P_F_Theresa_May.png","FALSE","pictures/stimuli/E","pictures/stimuli/P","F","F","4","578a060882f7f90001ee801e","06/30/2022, 09:34:31",-1.20692525890695,"31","Female","right",1,1,0,0,FALSE,"E_F_Sarah_Millican.png P_F_Theresa_May.png"
4147,"E_F_Sarah_Millican.png","P_M_Gordon_Brown.png","FALSE","pictures/stimuli/E","pictures/stimuli/P","F","M","5","578a060882f7f90001ee801e","06/30/2022, 09:34:31",-0.077290780127046,"31","Female","right",1,1,0,0,FALSE,"E_F_Sarah_Millican.png P_M_Gordon_Brown.png"
6805,"E_F_Sarah_Millican.png","P_M_nigel_farage.png","FALSE","pictures/stimuli/E","pictures/stimuli/P","F","M","5","578a060882f7f90001ee801e","06/30/2022, 09:34:31",-0.077290780127046,"31","Female","right",1,1,0,0,FALSE,"E_F_Sarah_Millican.png P_M_nigel_farage.png"
3385,"E_M_Ewan_McGregor.png","E_M_Peter_Kay.png","TRUE","pictures/stimuli/E","pictures/stimuli/E","M","M","5","578a060882f7f90001ee801e","06/30/2022, 09:34:31",-0.077290780127046,"31","Female","right",0,1,0,0,TRUE,"E_M_Ewan_McGregor.png E_M_Peter_Kay.png"
4027,"P_F_nicola_sturge.png","P_M_nigel_farage.png","TRUE","pictures/stimuli/P","pictures/stimuli/P","F","M","5","578a060882f7f90001ee801e","06/30/2022, 09:34:31",-0.077290780127046,"31","Female","right",1,1,0,0,FALSE,"P_F_nicola_sturge.png P_M_nigel_farage.png"
5554,"E_M_Jimmy_Carr.png","P_M_david_camer.png","FALSE","pictures/stimuli/E","pictures/stimuli/P","M","M","5","578a060882f7f90001ee801e","06/30/2022, 09:34:31",-0.077290780127046,"31","Female","right",1,1,0,0,FALSE,"E_M_Jimmy_Carr.png P_M_david_camer.png"
3084,"E_M_Ewan_McGregor.png","P_F_nicola_sturge.png","FALSE","pictures/stimuli/E","pictures/stimuli/P","M","F","6","578a060882f7f90001ee801e","06/30/2022, 09:34:31",1.05234369865286,"31","Female","right",0,1,0,0,TRUE,"E_M_Ewan_McGregor.png P_F_nicola_sturge.png"
4763,"P_F_nicola_sturge.png","P_M_jeremy_corbyn.png","TRUE","pictures/stimuli/P","pictures/stimuli/P","F","M","6","578a060882f7f90001ee801e","06/30/2022, 09:34:31",1.05234369865286,"31","Female","right",1,1,0,0,FALSE,"P_F_nicola_sturge.png P_M_jeremy_corbyn.png"
4659,"E_F_Jennifer_Saunders.png","E_F_Julie_Walters.png","TRUE","pictures/stimuli/E","pictures/stimuli/E","F","F","5","578a060882f7f90001ee801e","06/30/2022, 09:34:31",-0.077290780127046,"31","Female","right",1,1,0,0,FALSE,"E_F_Jennifer_Saunders.png E_F_Julie_Walters.png"
4519,"E_F_Dawn_Roma_French.png","E_M_Michael_McIntyr.png","TRUE","pictures/stimuli/E","pictures/stimuli/E","F","M","3","578a060882f7f90001ee801e","06/30/2022, 09:34:31",-2.33655973768685,"31","Female","right",1,1,0,0,FALSE,"E_F_Dawn_Roma_French.png E_M_Michael_McIntyr.png"
4475,"E_F_Jennifer_Saunders.png","P_M_Gordon_Brown.png","FALSE","pictures/stimuli/E","pictures/stimuli/P","F","M","6","578a060882f7f90001ee801e","06/30/2022, 09:34:31",1.05234369865286,"31","Female","right",1,1,0,0,FALSE,"E_F_Jennifer_Saunders.png P_M_Gordon_Brown.png"
3528,"P_M_jeremy_corbyn.png","P_M_nigel_farage.png","TRUE","pictures/stimuli/P","pictures/stimuli/P","M","M","6","578a060882f7f90001ee801e","06/30/2022, 09:34:31",1.05234369865286,"31","Female","right",1,1,0,0,FALSE,"P_M_jeremy_corbyn.png P_M_nigel_farage.png"
5075,"E_M_Peter_Kay.png","E_M_Simon_Pegg.png","TRUE","pictures/stimuli/E","pictures/stimuli/E","M","M","6","578a060882f7f90001ee801e","06/30/2022, 09:34:31",1.05234369865286,"31","Female","right",1,1,0,0,FALSE,"E_M_Peter_Kay.png E_M_Simon_Pegg.png"
2972,"E_M_Ewan_McGregor.png","P_M_jeremy_corbyn.png","FALSE","pictures/stimuli/E","pictures/stimuli/P","M","M","5","578a060882f7f90001ee801e","06/30/2022, 09:34:31",-0.077290780127046,"31","Female","right",0,1,0,0,TRUE,"E_M_Ewan_McGregor.png P_M_jeremy_corbyn.png"
2975,"E_F_Dawn_Roma_French.png","P_M_Michael_Gove.png","FALSE","pictures/stimuli/E","pictures/stimuli/P","F","M","6","578a060882f7f90001ee801e","06/30/2022, 09:34:31",1.05234369865286,"31","Female","right",1,1,0,0,FALSE,"E_F_Dawn_Roma_French.png P_M_Michael_Gove.png"
4062,"E_M_Russell_Howard.png","P_M_Tony_Blair.png","FALSE","pictures/stimuli/E","pictures/stimuli/P","M","M","6","578a060882f7f90001ee801e","06/30/2022, 09:34:31",1.05234369865286,"31","Female","right",1,1,0,0,FALSE,"E_M_Russell_Howard.png P_M_Tony_Blair.png"
3240,"P_M_jeremy_corbyn.png","P_M_Tony_Blair.png","TRUE","pictures/stimuli/P","pictures/stimuli/P","M","M","6","578a060882f7f90001ee801e","06/30/2022, 09:34:31",1.05234369865286,"31","Female","right",1,1,0,0,FALSE,"P_M_jeremy_corbyn.png P_M_Tony_Blair.png"
4175,"E_M_Michael_McIntyr.png","P_M_Tony_Blair.png","FALSE","pictures/stimuli/E","pictures/stimuli/P","M","M","5","578a060882f7f90001ee801e","06/30/2022, 09:34:31",-0.077290780127046,"31","Female","right",1,1,0,0,FALSE,"E_M_Michael_McIntyr.png P_M_Tony_Blair.png"
4098,"E_M_Michael_McIntyr.png","P_M_Gordon_Brown.png","FALSE","pictures/stimuli/E","pictures/stimuli/P","M","M","5","578a060882f7f90001ee801e","06/30/2022, 09:34:31",-0.077290780127046,"31","Female","right",1,1,0,0,FALSE,"E_M_Michael_McIntyr.png P_M_Gordon_Brown.png"
4609,"E_F_Jennifer_Saunders.png","P_F_Theresa_May.png","FALSE","pictures/stimuli/E","pictures/stimuli/P","F","F","5","578a060882f7f90001ee801e","06/30/2022, 09:34:31",-0.077290780127046,"31","Female","right",1,1,0,0,FALSE,"E_F_Jennifer_Saunders.png P_F_Theresa_May.png"
2678,"E_M_Ewan_McGregor.png","P_F_Theresa_May.png","FALSE","pictures/stimuli/E","pictures/stimuli/P","M","F","5","578a060882f7f90001ee801e","06/30/2022, 09:34:31",-0.077290780127046,"31","Female","right",0,1,0,0,TRUE,"E_M_Ewan_McGregor.png P_F_Theresa_May.png"
6695,"P_M_jeremy_corbyn.png","P_M_keir_starmer.png","TRUE","pictures/stimuli/P","pictures/stimuli/P","M","M","5","578a060882f7f90001ee801e","06/30/2022, 09:34:31",-0.077290780127046,"31","Female","right",1,1,0,0,FALSE,"P_M_jeremy_corbyn.png P_M_keir_starmer.png"
5177,"E_M_Jimmy_Carr.png","E_M_Simon_Pegg.png","TRUE","pictures/stimuli/E","pictures/stimuli/E","M","M","5","578a060882f7f90001ee801e","06/30/2022, 09:34:31",-0.077290780127046,"31","Female","right",1,1,0,0,FALSE,"E_M_Jimmy_Carr.png E_M_Simon_Pegg.png"
4022,"E_M_Ewan_McGregor.png","E_M_Jimmy_Carr.png","TRUE","pictures/stimuli/E","pictures/stimuli/E","M","M","5","578a060882f7f90001ee801e","06/30/2022, 09:34:31",-0.077290780127046,"31","Female","right",0,1,0,0,TRUE,"E_M_Ewan_McGregor.png E_M_Jimmy_Carr.png"
5245,"E_F_Dawn_Roma_French.png","P_F_Theresa_May.png","FALSE","pictures/stimuli/E","pictures/stimuli/P","F","F","4","578a060882f7f90001ee801e","06/30/2022, 09:34:31",-1.20692525890695,"31","Female","right",1,1,0,0,FALSE,"E_F_Dawn_Roma_French.png P_F_Theresa_May.png"
5310,"E_F_Sarah_Millican.png","E_M_Peter_Kay.png","TRUE","pictures/stimuli/E","pictures/stimuli/E","F","M","3","578a060882f7f90001ee801e","06/30/2022, 09:34:31",-2.33655973768685,"31","Female","right",1,1,0,0,FALSE,"E_F_Sarah_Millican.png E_M_Peter_Kay.png"
6204,"P_F_Theresa_May.png","P_M_Sajid_Javid.png","TRUE","pictures/stimuli/P","pictures/stimuli/P","F","M","6","578a060882f7f90001ee801e","06/30/2022, 09:34:31",1.05234369865286,"31","Female","right",1,1,0,0,FALSE,"P_F_Theresa_May.png P_M_Sajid_Javid.png"
11164,"E_M_Peter_Kay.png","P_M_Gordon_Brown.png","FALSE","pictures/stimuli/E","pictures/stimuli/P","M","M","4","578a060882f7f90001ee801e","06/30/2022, 09:34:31",-1.20692525890695,"31","Female","right",1,1,0,0,FALSE,"E_M_Peter_Kay.png P_M_Gordon_Brown.png"
4683,"E_M_Simon_Pegg.png","P_M_keir_starmer.png","FALSE","pictures/stimuli/E","pictures/stimuli/P","M","M","6","578a060882f7f90001ee801e","06/30/2022, 09:34:31",1.05234369865286,"31","Female","right",1,1,0,0,FALSE,"E_M_Simon_Pegg.png P_M_keir_starmer.png"
7776,"E_F_Jennifer_Saunders.png","E_M_Russell_Howard.png","TRUE","pictures/stimuli/E","pictures/stimuli/E","F","M","5","578a060882f7f90001ee801e","06/30/2022, 09:34:31",-0.077290780127046,"31","Female","right",1,1,0,0,FALSE,"E_F_Jennifer_Saunders.png E_M_Russell_Howard.png"
8816,"P_F_Theresa_May.png","P_M_keir_starmer.png","TRUE","pictures/stimuli/P","pictures/stimuli/P","F","M","4","578a060882f7f90001ee801e","06/30/2022, 09:34:31",-1.20692525890695,"31","Female","right",1,1,0,0,FALSE,"P_F_Theresa_May.png P_M_keir_starmer.png"
6395,"P_F_nicola_sturge.png","P_M_Sajid_Javid.png","TRUE","pictures/stimuli/P","pictures/stimuli/P","F","M","6","578a060882f7f90001ee801e","06/30/2022, 09:34:31",1.05234369865286,"31","Female","right",1,1,0,0,FALSE,"P_F_nicola_sturge.png P_M_Sajid_Javid.png"
12834,"E_F_Jennifer_Saunders.png","P_M_Sajid_Javid.png","FALSE","pictures/stimuli/E","pictures/stimuli/P","F","M","6","578a060882f7f90001ee801e","06/30/2022, 09:34:31",1.05234369865286,"31","Female","right",1,1,0,0,FALSE,"E_F_Jennifer_Saunders.png P_M_Sajid_Javid.png"
4754,"E_M_Jimmy_Carr.png","P_M_Gordon_Brown.png","FALSE","pictures/stimuli/E","pictures/stimuli/P","M","M","5","578a060882f7f90001ee801e","06/30/2022, 09:34:31",-0.077290780127046,"31","Female","right",1,1,0,0,FALSE,"E_M_Jimmy_Carr.png P_M_Gordon_Brown.png"
4519,"E_M_Michael_McIntyr.png","E_M_Simon_Pegg.png","TRUE","pictures/stimuli/E","pictures/stimuli/E","M","M","6","578a060882f7f90001ee801e","06/30/2022, 09:34:31",1.05234369865286,"31","Female","right",1,1,0,0,FALSE,"E_M_Michael_McIntyr.png E_M_Simon_Pegg.png"
2423,"P_M_Gordon_Brown.png","P_M_jeremy_corbyn.png","TRUE","pictures/stimuli/P","pictures/stimuli/P","M","M","5","578a060882f7f90001ee801e","06/30/2022, 09:34:31",-0.077290780127046,"31","Female","right",1,1,0,0,FALSE,"P_M_Gordon_Brown.png P_M_jeremy_corbyn.png"
2090,"P_M_david_camer.png","P_M_jeremy_corbyn.png","TRUE","pictures/stimuli/P","pictures/stimuli/P","M","M","6","578a060882f7f90001ee801e","06/30/2022, 09:34:31",1.05234369865286,"31","Female","right",1,1,0,0,FALSE,"P_M_david_camer.png P_M_jeremy_corbyn.png"
3254,"E_F_Dawn_Roma_French.png","P_M_nigel_farage.png","FALSE","pictures/stimuli/E","pictures/stimuli/P","F","M","5","578a060882f7f90001ee801e","06/30/2022, 09:34:31",-0.077290780127046,"31","Female","right",1,1,0,0,FALSE,"E_F_Dawn_Roma_French.png P_M_nigel_farage.png"
2790,"E_M_Ewan_McGregor.png","P_M_Sajid_Javid.png","FALSE","pictures/stimuli/E","pictures/stimuli/P","M","M","5","578a060882f7f90001ee801e","06/30/2022, 09:34:31",-0.077290780127046,"31","Female","right",0,1,0,0,TRUE,"E_M_Ewan_McGregor.png P_M_Sajid_Javid.png"
4138,"E_M_Simon_Pegg.png","P_M_Tony_Blair.png","FALSE","pictures/stimuli/E","pictures/stimuli/P","M","M","5","578a060882f7f90001ee801e","06/30/2022, 09:34:31",-0.077290780127046,"31","Female","right",1,1,0,0,FALSE,"E_M_Simon_Pegg.png P_M_Tony_Blair.png"
2275,"P_M_keir_starmer.png","P_M_Michael_Gove.png","TRUE","pictures/stimuli/P","pictures/stimuli/P","M","M","6","578a060882f7f90001ee801e","06/30/2022, 09:34:31",1.05234369865286,"31","Female","right",1,1,0,0,FALSE,"P_M_keir_starmer.png P_M_Michael_Gove.png"
3953,"E_M_Peter_Kay.png","P_M_Tony_Blair.png","FALSE","pictures/stimuli/E","pictures/stimuli/P","M","M","6","578a060882f7f90001ee801e","06/30/2022, 09:34:31",1.05234369865286,"31","Female","right",1,1,0,0,FALSE,"E_M_Peter_Kay.png P_M_Tony_Blair.png"
3407,"E_F_Jennifer_Saunders.png","P_M_Tony_Blair.png","FALSE","pictures/stimuli/E","pictures/stimuli/P","F","M","6","578a060882f7f90001ee801e","06/30/2022, 09:34:31",1.05234369865286,"31","Female","right",1,1,0,0,FALSE,"E_F_Jennifer_Saunders.png P_M_Tony_Blair.png"
3028,"E_F_Julie_Walters.png","E_M_Peter_Kay.png","TRUE","pictures/stimuli/E","pictures/stimuli/E","F","M","5","578a060882f7f90001ee801e","06/30/2022, 09:34:31",-0.077290780127046,"31","Female","right",1,1,0,0,FALSE,"E_F_Julie_Walters.png E_M_Peter_Kay.png"
2362,"E_M_Ewan_McGregor.png","P_M_david_camer.png","FALSE","pictures/stimuli/E","pictures/stimuli/P","M","M","5","578a060882f7f90001ee801e","06/30/2022, 09:34:31",-0.077290780127046,"31","Female","right",0,1,0,0,TRUE,"E_M_Ewan_McGregor.png P_M_david_camer.png"
6362,"E_M_Jimmy_Carr.png","P_F_Theresa_May.png","FALSE","pictures/stimuli/E","pictures/stimuli/P","M","F","4","578a060882f7f90001ee801e","06/30/2022, 09:34:31",-1.20692525890695,"31","Female","right",1,1,0,0,FALSE,"E_M_Jimmy_Carr.png P_F_Theresa_May.png"
3588,"E_M_Michael_McIntyr.png","P_M_Michael_Gove.png","FALSE","pictures/stimuli/E","pictures/stimuli/P","M","M","6","578a060882f7f90001ee801e","06/30/2022, 09:34:31",1.05234369865286,"31","Female","right",1,1,0,0,FALSE,"E_M_Michael_McIntyr.png P_M_Michael_Gove.png"
2389,"P_M_jeremy_corbyn.png","P_M_Michael_Gove.png","TRUE","pictures/stimuli/P","pictures/stimuli/P","M","M","6","578a060882f7f90001ee801e","06/30/2022, 09:34:31",1.05234369865286,"31","Female","right",1,1,0,0,FALSE,"P_M_jeremy_corbyn.png P_M_Michael_Gove.png"
6570,"E_M_Peter_Kay.png","P_F_nicola_sturge.png","FALSE","pictures/stimuli/E","pictures/stimuli/P","M","F","4","578a060882f7f90001ee801e","06/30/2022, 09:34:31",-1.20692525890695,"31","Female","right",1,1,0,0,FALSE,"E_M_Peter_Kay.png P_F_nicola_sturge.png"
5784,"E_F_Dawn_Roma_French.png","E_F_Sarah_Millican.png","TRUE","pictures/stimuli/E","pictures/stimuli/E","F","F","3","578a060882f7f90001ee801e","06/30/2022, 09:34:31",-2.33655973768685,"31","Female","right",1,1,0,0,FALSE,"E_F_Dawn_Roma_French.png E_F_Sarah_Millican.png"
2101,"E_F_Dawn_Roma_French.png","P_M_Tony_Blair.png","FALSE","pictures/stimuli/E","pictures/stimuli/P","F","M","6","578a060882f7f90001ee801e","06/30/2022, 09:34:31",1.05234369865286,"31","Female","right",1,1,0,0,FALSE,"E_F_Dawn_Roma_French.png P_M_Tony_Blair.png"
2661,"E_M_Michael_McIntyr.png","E_M_Russell_Howard.png","TRUE","pictures/stimuli/E","pictures/stimuli/E","M","M","6","578a060882f7f90001ee801e","06/30/2022, 09:34:31",1.05234369865286,"31","Female","right",1,1,0,0,FALSE,"E_M_Michael_McIntyr.png E_M_Russell_Howard.png"
4527,"E_M_Russell_Howard.png","P_M_nigel_farage.png","FALSE","pictures/stimuli/E","pictures/stimuli/P","M","M","5","578a060882f7f90001ee801e","06/30/2022, 09:34:31",-0.077290780127046,"31","Female","right",1,1,0,0,FALSE,"E_M_Russell_Howard.png P_M_nigel_farage.png"
4505,"E_F_Jennifer_Saunders.png","P_F_nicola_sturge.png","FALSE","pictures/stimuli/E","pictures/stimuli/P","F","F","5","578a060882f7f90001ee801e","06/30/2022, 09:34:31",-0.077290780127046,"31","Female","right",1,1,0,0,FALSE,"E_F_Jennifer_Saunders.png P_F_nicola_sturge.png"
2633,"E_F_Jennifer_Saunders.png","P_M_nigel_farage.png","FALSE","pictures/stimuli/E","pictures/stimuli/P","F","M","6","578a060882f7f90001ee801e","06/30/2022, 09:34:31",1.05234369865286,"31","Female","right",1,1,0,0,FALSE,"E_F_Jennifer_Saunders.png P_M_nigel_farage.png"
6414,"E_F_Sarah_Millican.png","P_M_david_camer.png","FALSE","pictures/stimuli/E","pictures/stimuli/P","F","M","4","578a060882f7f90001ee801e","06/30/2022, 09:34:31",-1.20692525890695,"31","Female","right",1,1,0,0,FALSE,"E_F_Sarah_Millican.png P_M_david_camer.png"
4215,"P_M_Gordon_Brown.png","P_M_Tony_Blair.png","TRUE","pictures/stimuli/P","pictures/stimuli/P","M","M","5","578a060882f7f90001ee801e","06/30/2022, 09:34:31",-0.077290780127046,"31","Female","right",1,1,0,0,FALSE,"P_M_Gordon_Brown.png P_M_Tony_Blair.png"
2707,"E_F_Julie_Walters.png","P_F_nicola_sturge.png","FALSE","pictures/stimuli/E","pictures/stimuli/P","F","F","5","578a060882f7f90001ee801e","06/30/2022, 09:34:31",-0.077290780127046,"31","Female","right",1,1,0,0,FALSE,"E_F_Julie_Walters.png P_F_nicola_sturge.png"
2463,"E_F_Julie_Walters.png","E_M_Simon_Pegg.png","TRUE","pictures/stimuli/E","pictures/stimuli/E","F","M","6","578a060882f7f90001ee801e","06/30/2022, 09:34:31",1.05234369865286,"31","Female","right",1,1,0,0,FALSE,"E_F_Julie_Walters.png E_M_Simon_Pegg.png"
5391,"P_F_Theresa_May.png","P_M_Tony_Blair.png","TRUE","pictures/stimuli/P","pictures/stimuli/P","F","M","4","578a060882f7f90001ee801e","06/30/2022, 09:34:31",-1.20692525890695,"31","Female","right",1,1,0,0,FALSE,"P_F_Theresa_May.png P_M_Tony_Blair.png"
3586,"P_M_Gordon_Brown.png","P_M_keir_starmer.png","TRUE","pictures/stimuli/P","pictures/stimuli/P","M","M","6","578a060882f7f90001ee801e","06/30/2022, 09:34:31",1.05234369865286,"31","Female","right",1,1,0,0,FALSE,"P_M_Gordon_Brown.png P_M_keir_starmer.png"
4086,"E_M_Russell_Howard.png","P_M_keir_starmer.png","FALSE","pictures/stimuli/E","pictures/stimuli/P","M","M","5","578a060882f7f90001ee801e","06/30/2022, 09:34:31",-0.077290780127046,"31","Female","right",1,1,0,0,FALSE,"E_M_Russell_Howard.png P_M_keir_starmer.png"
4925,"E_F_Sarah_Millican.png","E_M_Michael_McIntyr.png","TRUE","pictures/stimuli/E","pictures/stimuli/E","F","M","4","578a060882f7f90001ee801e","06/30/2022, 09:34:31",-1.20692525890695,"31","Female","right",1,1,0,0,FALSE,"E_F_Sarah_Millican.png E_M_Michael_McIntyr.png"
4659,"P_M_david_camer.png","P_M_nigel_farage.png","TRUE","pictures/stimuli/P","pictures/stimuli/P","M","M","5","578a060882f7f90001ee801e","06/30/2022, 09:34:31",-0.077290780127046,"31","Female","right",1,1,0,0,FALSE,"P_M_david_camer.png P_M_nigel_farage.png"
4852,"E_F_Julie_Walters.png","E_M_Michael_McIntyr.png","TRUE","pictures/stimuli/E","pictures/stimuli/E","F","M","6","578a060882f7f90001ee801e","06/30/2022, 09:34:31",1.05234369865286,"31","Female","right",1,1,0,0,FALSE,"E_F_Julie_Walters.png E_M_Michael_McIntyr.png"
4191,"E_F_Dawn_Roma_French.png","P_M_david_camer.png","FALSE","pictures/stimuli/E","pictures/stimuli/P","F","M","5","578a060882f7f90001ee801e","06/30/2022, 09:34:31",-0.077290780127046,"31","Female","right",1,1,0,0,FALSE,"E_F_Dawn_Roma_French.png P_M_david_camer.png"
5473,"E_M_Michael_McIntyr.png","P_M_david_camer.png","FALSE","pictures/stimuli/E","pictures/stimuli/P","M","M","6","578a060882f7f90001ee801e","06/30/2022, 09:34:31",1.05234369865286,"31","Female","right",1,1,0,0,FALSE,"E_M_Michael_McIntyr.png P_M_david_camer.png"
11340,"P_F_nicola_sturge.png","P_M_keir_starmer.png","TRUE","pictures/stimuli/P","pictures/stimuli/P","F","M","4","578a060882f7f90001ee801e","06/30/2022, 09:34:31",-1.20692525890695,"31","Female","right",1,1,0,0,FALSE,"P_F_nicola_sturge.png P_M_keir_starmer.png"
3402,"E_F_Jennifer_Saunders.png","E_M_Michael_McIntyr.png","TRUE","pictures/stimuli/E","pictures/stimuli/E","F","M","6","578a060882f7f90001ee801e","06/30/2022, 09:34:31",1.05234369865286,"31","Female","right",1,1,0,0,FALSE,"E_F_Jennifer_Saunders.png E_M_Michael_McIntyr.png"
2479,"E_M_Russell_Howard.png","P_M_Sajid_Javid.png","FALSE","pictures/stimuli/E","pictures/stimuli/P","M","M","6","578a060882f7f90001ee801e","06/30/2022, 09:34:31",1.05234369865286,"31","Female","right",1,1,0,0,FALSE,"E_M_Russell_Howard.png P_M_Sajid_Javid.png"
6648,"E_M_Michael_McIntyr.png","P_M_nigel_farage.png","FALSE","pictures/stimuli/E","pictures/stimuli/P","M","M","5","578a060882f7f90001ee801e","06/30/2022, 09:34:31",-0.077290780127046,"31","Female","right",1,1,0,0,FALSE,"E_M_Michael_McIntyr.png P_M_nigel_farage.png"
2123,"E_F_Dawn_Roma_French.png","E_M_Simon_Pegg.png","TRUE","pictures/stimuli/E","pictures/stimuli/E","F","M","6","578a060882f7f90001ee801e","06/30/2022, 09:34:31",1.05234369865286,"31","Female","right",1,1,0,0,FALSE,"E_F_Dawn_Roma_French.png E_M_Simon_Pegg.png"
4751,"P_F_nicola_sturge.png","P_M_Michael_Gove.png","TRUE","pictures/stimuli/P","pictures/stimuli/P","F","M","6","578a060882f7f90001ee801e","06/30/2022, 09:34:31",1.05234369865286,"31","Female","right",1,1,0,0,FALSE,"P_F_nicola_sturge.png P_M_Michael_Gove.png"
4805,"E_F_Julie_Walters.png","P_M_keir_starmer.png","FALSE","pictures/stimuli/E","pictures/stimuli/P","F","M","5","578a060882f7f90001ee801e","06/30/2022, 09:34:31",-0.077290780127046,"31","Female","right",1,1,0,0,FALSE,"E_F_Julie_Walters.png P_M_keir_starmer.png"
2151,"E_M_Jimmy_Carr.png","E_M_Russell_Howard.png","TRUE","pictures/stimuli/E","pictures/stimuli/E","M","M","6","578a060882f7f90001ee801e","06/30/2022, 09:34:31",1.05234369865286,"31","Female","right",1,1,0,0,FALSE,"E_M_Jimmy_Carr.png E_M_Russell_Howard.png"
7282,"P_M_david_camer.png","P_M_Michael_Gove.png","TRUE","pictures/stimuli/P","pictures/stimuli/P","M","M","5","578a060882f7f90001ee801e","06/30/2022, 09:34:31",-0.077290780127046,"31","Female","right",1,1,0,0,FALSE,"P_M_david_camer.png P_M_Michael_Gove.png"
4193,"E_F_Dawn_Roma_French.png","E_M_Peter_Kay.png","TRUE","pictures/stimuli/E","pictures/stimuli/E","F","M","3","578a060882f7f90001ee801e","06/30/2022, 09:34:31",-2.33655973768685,"31","Female","right",1,1,0,0,FALSE,"E_F_Dawn_Roma_French.png E_M_Peter_Kay.png"
5061,"E_M_Peter_Kay.png","P_M_david_camer.png","FALSE","pictures/stimuli/E","pictures/stimuli/P","M","M","4","578a060882f7f90001ee801e","06/30/2022, 09:34:31",-1.20692525890695,"31","Female","right",1,1,0,0,FALSE,"E_M_Peter_Kay.png P_M_david_camer.png"
2486,"E_M_Peter_Kay.png","P_M_Michael_Gove.png","FALSE","pictures/stimuli/E","pictures/stimuli/P","M","M","5","578a060882f7f90001ee801e","06/30/2022, 09:34:31",-0.077290780127046,"31","Female","right",1,1,0,0,FALSE,"E_M_Peter_Kay.png P_M_Michael_Gove.png"
3407,"E_F_Dawn_Roma_French.png","E_F_Jennifer_Saunders.png","TRUE","pictures/stimuli/E","pictures/stimuli/E","F","F","6","578a060882f7f90001ee801e","06/30/2022, 09:34:31",1.05234369865286,"31","Female","right",1,1,0,0,FALSE,"E_F_Dawn_Roma_French.png E_F_Jennifer_Saunders.png"
3769,"P_M_david_camer.png","P_M_Tony_Blair.png","TRUE","pictures/stimuli/P","pictures/stimuli/P","M","M","6","578a060882f7f90001ee801e","06/30/2022, 09:34:31",1.05234369865286,"31","Female","right",1,1,0,0,FALSE,"P_M_david_camer.png P_M_Tony_Blair.png"
3405,"E_M_Simon_Pegg.png","P_M_Sajid_Javid.png","FALSE","pictures/stimuli/E","pictures/stimuli/P","M","M","6","578a060882f7f90001ee801e","06/30/2022, 09:34:31",1.05234369865286,"31","Female","right",1,1,0,0,FALSE,"E_M_Simon_Pegg.png P_M_Sajid_Javid.png"
2795,"E_M_Ewan_McGregor.png","P_M_Gordon_Brown.png","FALSE","pictures/stimuli/E","pictures/stimuli/P","M","M","5","578a060882f7f90001ee801e","06/30/2022, 09:34:31",-0.077290780127046,"31","Female","right",0,1,0,0,TRUE,"E_M_Ewan_McGregor.png P_M_Gordon_Brown.png"
4499,"E_M_Jimmy_Carr.png","P_M_Tony_Blair.png","FALSE","pictures/stimuli/E","pictures/stimuli/P","M","M","5","578a060882f7f90001ee801e","06/30/2022, 09:34:31",-0.077290780127046,"31","Female","right",1,1,0,0,FALSE,"E_M_Jimmy_Carr.png P_M_Tony_Blair.png"
3625,"P_M_keir_starmer.png","P_M_nigel_farage.png","TRUE","pictures/stimuli/P","pictures/stimuli/P","M","M","5","578a060882f7f90001ee801e","06/30/2022, 09:34:31",-0.077290780127046,"31","Female","right",1,1,0,0,FALSE,"P_M_keir_starmer.png P_M_nigel_farage.png"
2171,"E_F_Julie_Walters.png","E_M_Jimmy_Carr.png","TRUE","pictures/stimuli/E","pictures/stimuli/E","F","M","6","578a060882f7f90001ee801e","06/30/2022, 09:34:31",1.05234369865286,"31","Female","right",1,1,0,0,FALSE,"E_F_Julie_Walters.png E_M_Jimmy_Carr.png"
3787,"E_F_Sarah_Millican.png","P_M_Sajid_Javid.png","FALSE","pictures/stimuli/E","pictures/stimuli/P","F","M","6","578a060882f7f90001ee801e","06/30/2022, 09:34:31",1.05234369865286,"31","Female","right",1,1,0,0,FALSE,"E_F_Sarah_Millican.png P_M_Sajid_Javid.png"
5371,"E_M_Russell_Howard.png","P_F_Theresa_May.png","FALSE","pictures/stimuli/E","pictures/stimuli/P","M","F","5","578a060882f7f90001ee801e","06/30/2022, 09:34:31",-0.077290780127046,"31","Female","right",1,1,0,0,FALSE,"E_M_Russell_Howard.png P_F_Theresa_May.png"
2429,"E_M_Michael_McIntyr.png","P_M_jeremy_corbyn.png","FALSE","pictures/stimuli/E","pictures/stimuli/P","M","M","6","578a060882f7f90001ee801e","06/30/2022, 09:34:31",1.05234369865286,"31","Female","right",1,1,0,0,FALSE,"E_M_Michael_McIntyr.png P_M_jeremy_corbyn.png"
3759,"E_F_Julie_Walters.png","P_M_Tony_Blair.png","FALSE","pictures/stimuli/E","pictures/stimuli/P","F","M","5","578a060882f7f90001ee801e","06/30/2022, 09:34:31",-0.077290780127046,"31","Female","right",1,1,0,0,FALSE,"E_F_Julie_Walters.png P_M_Tony_Blair.png"
4634,"E_M_Russell_Howard.png","P_M_jeremy_corbyn.png","FALSE","pictures/stimuli/E","pictures/stimuli/P","M","M","5","578a060882f7f90001ee801e","06/30/2022, 09:34:31",-0.077290780127046,"31","Female","right",1,1,0,0,FALSE,"E_M_Russell_Howard.png P_M_jeremy_corbyn.png"
3249,"E_F_Dawn_Roma_French.png","E_F_Julie_Walters.png","TRUE","pictures/stimuli/E","pictures/stimuli/E","F","F","6","578a060882f7f90001ee801e","06/30/2022, 09:34:31",1.05234369865286,"31","Female","right",1,1,0,0,FALSE,"E_F_Dawn_Roma_French.png E_F_Julie_Walters.png"
3673,"P_F_Theresa_May.png","P_M_Gordon_Brown.png","TRUE","pictures/stimuli/P","pictures/stimuli/P","F","M","5","578a060882f7f90001ee801e","06/30/2022, 09:34:31",-0.077290780127046,"31","Female","right",1,1,0,0,FALSE,"P_F_Theresa_May.png P_M_Gordon_Brown.png"
2319,"E_F_Julie_Walters.png","P_M_Michael_Gove.png","FALSE","pictures/stimuli/E","pictures/stimuli/P","F","M","6","578a060882f7f90001ee801e","06/30/2022, 09:34:31",1.05234369865286,"31","Female","right",1,1,0,0,FALSE,"E_F_Julie_Walters.png P_M_Michael_Gove.png"
7424,"E_F_Jennifer_Saunders.png","E_M_Simon_Pegg.png","TRUE","pictures/stimuli/E","pictures/stimuli/E","F","M","5","578a060882f7f90001ee801e","06/30/2022, 09:34:31",-0.077290780127046,"31","Female","right",1,1,0,0,FALSE,"E_F_Jennifer_Saunders.png E_M_Simon_Pegg.png"
10638,"E_F_Jennifer_Saunders.png","E_M_Jimmy_Carr.png","TRUE","pictures/stimuli/E","pictures/stimuli/E","F","M","5","578a060882f7f90001ee801e","06/30/2022, 09:34:31",-0.077290780127046,"31","Female","right",1,1,0,0,FALSE,"E_F_Jennifer_Saunders.png E_M_Jimmy_Carr.png"
5303,"E_F_Jennifer_Saunders.png","E_M_Peter_Kay.png","TRUE","pictures/stimuli/E","pictures/stimuli/E","F","M","6","578a060882f7f90001ee801e","06/30/2022, 09:34:31",1.05234369865286,"31","Female","right",1,1,0,0,FALSE,"E_F_Jennifer_Saunders.png E_M_Peter_Kay.png"
8860,"P_M_Sajid_Javid.png","P_M_Tony_Blair.png","TRUE","pictures/stimuli/P","pictures/stimuli/P","M","M","6","5a5aa4eaacc75b00017a52b8","06/30/2022, 09:37:11",1.07088065071646,"28","Female","right",1,1,0,0,FALSE,"P_M_Sajid_Javid.png P_M_Tony_Blair.png"
3421,"P_F_nicola_sturge.png","P_M_david_camer.png","TRUE","pictures/stimuli/P","pictures/stimuli/P","F","M","6","5a5aa4eaacc75b00017a52b8","06/30/2022, 09:37:11",1.07088065071646,"28","Female","right",1,1,0,0,FALSE,"P_F_nicola_sturge.png P_M_david_camer.png"
3539,"P_F_Theresa_May.png","P_M_Tony_Blair.png","TRUE","pictures/stimuli/P","pictures/stimuli/P","F","M","6","5a5aa4eaacc75b00017a52b8","06/30/2022, 09:37:11",1.07088065071646,"28","Female","right",1,1,0,0,FALSE,"P_F_Theresa_May.png P_M_Tony_Blair.png"
7373,"E_F_Dawn_Roma_French.png","E_F_Sarah_Millican.png","TRUE","pictures/stimuli/E","pictures/stimuli/E","F","F","3","5a5aa4eaacc75b00017a52b8","06/30/2022, 09:37:11",-1.63001302586931,"28","Female","right",1,1,0,0,FALSE,"E_F_Dawn_Roma_French.png E_F_Sarah_Millican.png"
12808,"E_M_Michael_McIntyr.png","P_M_david_camer.png","FALSE","pictures/stimuli/E","pictures/stimuli/P","M","M","3","5a5aa4eaacc75b00017a52b8","06/30/2022, 09:37:11",-1.63001302586931,"28","Female","right",1,1,0,0,FALSE,"E_M_Michael_McIntyr.png P_M_david_camer.png"
11168,"E_F_Julie_Walters.png","E_M_Ewan_McGregor.png","TRUE","pictures/stimuli/E","pictures/stimuli/E","F","M","6","5a5aa4eaacc75b00017a52b8","06/30/2022, 09:37:11",1.07088065071646,"28","Female","right",1,1,0,0,FALSE,"E_F_Julie_Walters.png E_M_Ewan_McGregor.png"
5167,"P_M_jeremy_corbyn.png","P_M_Tony_Blair.png","TRUE","pictures/stimuli/P","pictures/stimuli/P","M","M","4","5a5aa4eaacc75b00017a52b8","06/30/2022, 09:37:11",-0.729715133674051,"28","Female","right",1,1,0,0,FALSE,"P_M_jeremy_corbyn.png P_M_Tony_Blair.png"
8796,"E_F_Julie_Walters.png","P_F_Theresa_May.png","FALSE","pictures/stimuli/E","pictures/stimuli/P","F","F","4","5a5aa4eaacc75b00017a52b8","06/30/2022, 09:37:11",-0.729715133674051,"28","Female","right",1,1,0,0,FALSE,"E_F_Julie_Walters.png P_F_Theresa_May.png"
4654,"P_M_jeremy_corbyn.png","P_M_nigel_farage.png","TRUE","pictures/stimuli/P","pictures/stimuli/P","M","M","4","5a5aa4eaacc75b00017a52b8","06/30/2022, 09:37:11",-0.729715133674051,"28","Female","right",1,1,0,0,FALSE,"P_M_jeremy_corbyn.png P_M_nigel_farage.png"
5780,"P_M_Michael_Gove.png","P_M_nigel_farage.png","TRUE","pictures/stimuli/P","pictures/stimuli/P","M","M","3","5a5aa4eaacc75b00017a52b8","06/30/2022, 09:37:11",-1.63001302586931,"28","Female","right",1,1,0,0,FALSE,"P_M_Michael_Gove.png P_M_nigel_farage.png"
3615,"E_M_Russell_Howard.png","P_M_Sajid_Javid.png","FALSE","pictures/stimuli/E","pictures/stimuli/P","M","M","6","5a5aa4eaacc75b00017a52b8","06/30/2022, 09:37:11",1.07088065071646,"28","Female","right",1,1,0,0,FALSE,"E_M_Russell_Howard.png P_M_Sajid_Javid.png"
3589,"E_M_Michael_McIntyr.png","P_M_Tony_Blair.png","FALSE","pictures/stimuli/E","pictures/stimuli/P","M","M","5","5a5aa4eaacc75b00017a52b8","06/30/2022, 09:37:11",0.170582758521206,"28","Female","right",1,1,0,0,FALSE,"E_M_Michael_McIntyr.png P_M_Tony_Blair.png"
5869,"E_F_Dawn_Roma_French.png","E_M_Peter_Kay.png","TRUE","pictures/stimuli/E","pictures/stimuli/E","F","M","6","5a5aa4eaacc75b00017a52b8","06/30/2022, 09:37:11",1.07088065071646,"28","Female","right",1,1,0,0,FALSE,"E_F_Dawn_Roma_French.png E_M_Peter_Kay.png"
2883,"E_M_Michael_McIntyr.png","P_F_Theresa_May.png","FALSE","pictures/stimuli/E","pictures/stimuli/P","M","F","6","5a5aa4eaacc75b00017a52b8","06/30/2022, 09:37:11",1.07088065071646,"28","Female","right",1,1,0,0,FALSE,"E_M_Michael_McIntyr.png P_F_Theresa_May.png"
4796,"P_M_david_camer.png","P_M_nigel_farage.png","TRUE","pictures/stimuli/P","pictures/stimuli/P","M","M","5","5a5aa4eaacc75b00017a52b8","06/30/2022, 09:37:11",0.170582758521206,"28","Female","right",1,1,0,0,FALSE,"P_M_david_camer.png P_M_nigel_farage.png"
5425,"E_M_Russell_Howard.png","P_M_nigel_farage.png","FALSE","pictures/stimuli/E","pictures/stimuli/P","M","M","4","5a5aa4eaacc75b00017a52b8","06/30/2022, 09:37:11",-0.729715133674051,"28","Female","right",1,1,0,0,FALSE,"E_M_Russell_Howard.png P_M_nigel_farage.png"
12457,"P_F_nicola_sturge.png","P_F_Theresa_May.png","TRUE","pictures/stimuli/P","pictures/stimuli/P","F","F","2","5a5aa4eaacc75b00017a52b8","06/30/2022, 09:37:11",-2.53031091806457,"28","Female","right",1,1,0,0,FALSE,"P_F_nicola_sturge.png P_F_Theresa_May.png"
3362,"P_F_nicola_sturge.png","P_M_keir_starmer.png","TRUE","pictures/stimuli/P","pictures/stimuli/P","F","M","6","5a5aa4eaacc75b00017a52b8","06/30/2022, 09:37:11",1.07088065071646,"28","Female","right",1,1,0,0,FALSE,"P_F_nicola_sturge.png P_M_keir_starmer.png"
3012,"P_F_nicola_sturge.png","P_M_Tony_Blair.png","TRUE","pictures/stimuli/P","pictures/stimuli/P","F","M","6","5a5aa4eaacc75b00017a52b8","06/30/2022, 09:37:11",1.07088065071646,"28","Female","right",1,1,0,0,FALSE,"P_F_nicola_sturge.png P_M_Tony_Blair.png"
3310,"P_M_david_camer.png","P_M_Gordon_Brown.png","TRUE","pictures/stimuli/P","pictures/stimuli/P","M","M","5","5a5aa4eaacc75b00017a52b8","06/30/2022, 09:37:11",0.170582758521206,"28","Female","right",1,1,0,0,FALSE,"P_M_david_camer.png P_M_Gordon_Brown.png"
2635,"E_F_Sarah_Millican.png","E_M_Russell_Howard.png","TRUE","pictures/stimuli/E","pictures/stimuli/E","F","M","6","5a5aa4eaacc75b00017a52b8","06/30/2022, 09:37:11",1.07088065071646,"28","Female","right",1,1,0,0,FALSE,"E_F_Sarah_Millican.png E_M_Russell_Howard.png"
4000,"E_M_Ewan_McGregor.png","P_F_nicola_sturge.png","FALSE","pictures/stimuli/E","pictures/stimuli/P","M","F","6","5a5aa4eaacc75b00017a52b8","06/30/2022, 09:37:11",1.07088065071646,"28","Female","right",1,1,0,0,FALSE,"E_M_Ewan_McGregor.png P_F_nicola_sturge.png"
3552,"E_M_Ewan_McGregor.png","P_F_Theresa_May.png","FALSE","pictures/stimuli/E","pictures/stimuli/P","M","F","6","5a5aa4eaacc75b00017a52b8","06/30/2022, 09:37:11",1.07088065071646,"28","Female","right",1,1,0,0,FALSE,"E_M_Ewan_McGregor.png P_F_Theresa_May.png"
4333,"E_M_Ewan_McGregor.png","P_M_Sajid_Javid.png","FALSE","pictures/stimuli/E","pictures/stimuli/P","M","M","6","5a5aa4eaacc75b00017a52b8","06/30/2022, 09:37:11",1.07088065071646,"28","Female","right",1,1,0,0,FALSE,"E_M_Ewan_McGregor.png P_M_Sajid_Javid.png"
3859,"E_F_Sarah_Millican.png","E_M_Ewan_McGregor.png","TRUE","pictures/stimuli/E","pictures/stimuli/E","F","M","6","5a5aa4eaacc75b00017a52b8","06/30/2022, 09:37:11",1.07088065071646,"28","Female","right",1,1,0,0,FALSE,"E_F_Sarah_Millican.png E_M_Ewan_McGregor.png"
4778,"P_M_jeremy_corbyn.png","P_M_keir_starmer.png","TRUE","pictures/stimuli/P","pictures/stimuli/P","M","M","5","5a5aa4eaacc75b00017a52b8","06/30/2022, 09:37:11",0.170582758521206,"28","Female","right",1,1,0,0,FALSE,"P_M_jeremy_corbyn.png P_M_keir_starmer.png"
3101,"P_F_nicola_sturge.png","P_M_jeremy_corbyn.png","TRUE","pictures/stimuli/P","pictures/stimuli/P","F","M","6","5a5aa4eaacc75b00017a52b8","06/30/2022, 09:37:11",1.07088065071646,"28","Female","right",1,1,0,0,FALSE,"P_F_nicola_sturge.png P_M_jeremy_corbyn.png"
3361,"P_F_Theresa_May.png","P_M_david_camer.png","TRUE","pictures/stimuli/P","pictures/stimuli/P","F","M","6","5a5aa4eaacc75b00017a52b8","06/30/2022, 09:37:11",1.07088065071646,"28","Female","right",1,1,0,0,FALSE,"P_F_Theresa_May.png P_M_david_camer.png"
2768,"E_F_Dawn_Roma_French.png","E_M_Russell_Howard.png","TRUE","pictures/stimuli/E","pictures/stimuli/E","F","M","6","5a5aa4eaacc75b00017a52b8","06/30/2022, 09:37:11",1.07088065071646,"28","Female","right",1,1,0,0,FALSE,"E_F_Dawn_Roma_French.png E_M_Russell_Howard.png"
7425,"E_M_Peter_Kay.png","P_F_Theresa_May.png","FALSE","pictures/stimuli/E","pictures/stimuli/P","M","F","6","5a5aa4eaacc75b00017a52b8","06/30/2022, 09:37:11",1.07088065071646,"28","Female","right",1,1,0,0,FALSE,"E_M_Peter_Kay.png P_F_Theresa_May.png"
5154,"E_M_Simon_Pegg.png","P_M_Tony_Blair.png","FALSE","pictures/stimuli/E","pictures/stimuli/P","M","M","3","5a5aa4eaacc75b00017a52b8","06/30/2022, 09:37:11",-1.63001302586931,"28","Female","right",1,1,0,0,FALSE,"E_M_Simon_Pegg.png P_M_Tony_Blair.png"
2999,"E_F_Julie_Walters.png","P_M_Sajid_Javid.png","FALSE","pictures/stimuli/E","pictures/stimuli/P","F","M","6","5a5aa4eaacc75b00017a52b8","06/30/2022, 09:37:11",1.07088065071646,"28","Female","right",1,1,0,0,FALSE,"E_F_Julie_Walters.png P_M_Sajid_Javid.png"
11179,"P_M_david_camer.png","P_M_keir_starmer.png","TRUE","pictures/stimuli/P","pictures/stimuli/P","M","M","4","5a5aa4eaacc75b00017a52b8","06/30/2022, 09:37:11",-0.729715133674051,"28","Female","right",1,1,0,0,FALSE,"P_M_david_camer.png P_M_keir_starmer.png"
5039,"E_F_Dawn_Roma_French.png","E_M_Jimmy_Carr.png","TRUE","pictures/stimuli/E","pictures/stimuli/E","F","M","4","5a5aa4eaacc75b00017a52b8","06/30/2022, 09:37:11",-0.729715133674051,"28","Female","right",1,1,0,0,FALSE,"E_F_Dawn_Roma_French.png E_M_Jimmy_Carr.png"
3568,"E_M_Ewan_McGregor.png","P_M_keir_starmer.png","FALSE","pictures/stimuli/E","pictures/stimuli/P","M","M","3","5a5aa4eaacc75b00017a52b8","06/30/2022, 09:37:11",-1.63001302586931,"28","Female","right",1,1,0,0,FALSE,"E_M_Ewan_McGregor.png P_M_keir_starmer.png"
10089,"E_F_Sarah_Millican.png","P_M_Michael_Gove.png","FALSE","pictures/stimuli/E","pictures/stimuli/P","F","M","5","5a5aa4eaacc75b00017a52b8","06/30/2022, 09:37:11",0.170582758521206,"28","Female","right",1,1,0,0,FALSE,"E_F_Sarah_Millican.png P_M_Michael_Gove.png"
4229,"E_M_Russell_Howard.png","P_M_david_camer.png","FALSE","pictures/stimuli/E","pictures/stimuli/P","M","M","4","5a5aa4eaacc75b00017a52b8","06/30/2022, 09:37:11",-0.729715133674051,"28","Female","right",1,1,0,0,FALSE,"E_M_Russell_Howard.png P_M_david_camer.png"
4314,"E_M_Michael_McIntyr.png","E_M_Simon_Pegg.png","TRUE","pictures/stimuli/E","pictures/stimuli/E","M","M","5","5a5aa4eaacc75b00017a52b8","06/30/2022, 09:37:11",0.170582758521206,"28","Female","right",1,1,0,0,FALSE,"E_M_Michael_McIntyr.png E_M_Simon_Pegg.png"
5103,"E_F_Jennifer_Saunders.png","P_M_jeremy_corbyn.png","FALSE","pictures/stimuli/E","pictures/stimuli/P","F","M","4","5a5aa4eaacc75b00017a52b8","06/30/2022, 09:37:11",-0.729715133674051,"28","Female","right",1,1,0,0,FALSE,"E_F_Jennifer_Saunders.png P_M_jeremy_corbyn.png"
7396,"E_F_Julie_Walters.png","P_M_jeremy_corbyn.png","FALSE","pictures/stimuli/E","pictures/stimuli/P","F","M","5","5a5aa4eaacc75b00017a52b8","06/30/2022, 09:37:11",0.170582758521206,"28","Female","right",1,1,0,0,FALSE,"E_F_Julie_Walters.png P_M_jeremy_corbyn.png"
4282,"P_F_nicola_sturge.png","P_M_nigel_farage.png","TRUE","pictures/stimuli/P","pictures/stimuli/P","F","M","5","5a5aa4eaacc75b00017a52b8","06/30/2022, 09:37:11",0.170582758521206,"28","Female","right",1,1,0,0,FALSE,"P_F_nicola_sturge.png P_M_nigel_farage.png"
6567,"E_F_Jennifer_Saunders.png","E_M_Russell_Howard.png","TRUE","pictures/stimuli/E","pictures/stimuli/E","F","M","3","5a5aa4eaacc75b00017a52b8","06/30/2022, 09:37:11",-1.63001302586931,"28","Female","right",1,1,0,0,FALSE,"E_F_Jennifer_Saunders.png E_M_Russell_Howard.png"
7081,"P_M_keir_starmer.png","P_M_Michael_Gove.png","TRUE","pictures/stimuli/P","pictures/stimuli/P","M","M","3","5a5aa4eaacc75b00017a52b8","06/30/2022, 09:37:11",-1.63001302586931,"28","Female","right",1,1,0,0,FALSE,"P_M_keir_starmer.png P_M_Michael_Gove.png"
5870,"P_M_Gordon_Brown.png","P_M_nigel_farage.png","TRUE","pictures/stimuli/P","pictures/stimuli/P","M","M","3","5a5aa4eaacc75b00017a52b8","06/30/2022, 09:37:11",-1.63001302586931,"28","Female","right",1,1,0,0,FALSE,"P_M_Gordon_Brown.png P_M_nigel_farage.png"
4764,"E_M_Jimmy_Carr.png","P_M_jeremy_corbyn.png","FALSE","pictures/stimuli/E","pictures/stimuli/P","M","M","4","5a5aa4eaacc75b00017a52b8","06/30/2022, 09:37:11",-0.729715133674051,"28","Female","right",1,1,0,0,FALSE,"E_M_Jimmy_Carr.png P_M_jeremy_corbyn.png"
3169,"E_F_Dawn_Roma_French.png","P_M_Gordon_Brown.png","FALSE","pictures/stimuli/E","pictures/stimuli/P","F","M","5","5a5aa4eaacc75b00017a52b8","06/30/2022, 09:37:11",0.170582758521206,"28","Female","right",1,1,0,0,FALSE,"E_F_Dawn_Roma_French.png P_M_Gordon_Brown.png"
5547,"P_F_Theresa_May.png","P_M_jeremy_corbyn.png","TRUE","pictures/stimuli/P","pictures/stimuli/P","F","M","5","5a5aa4eaacc75b00017a52b8","06/30/2022, 09:37:11",0.170582758521206,"28","Female","right",1,1,0,0,FALSE,"P_F_Theresa_May.png P_M_jeremy_corbyn.png"
3384,"E_M_Ewan_McGregor.png","E_M_Russell_Howard.png","TRUE","pictures/stimuli/E","pictures/stimuli/E","M","M","3","5a5aa4eaacc75b00017a52b8","06/30/2022, 09:37:11",-1.63001302586931,"28","Female","right",1,1,0,0,FALSE,"E_M_Ewan_McGregor.png E_M_Russell_Howard.png"
4751,"E_M_Jimmy_Carr.png","P_M_Gordon_Brown.png","FALSE","pictures/stimuli/E","pictures/stimuli/P","M","M","3","5a5aa4eaacc75b00017a52b8","06/30/2022, 09:37:11",-1.63001302586931,"28","Female","right",1,1,0,0,FALSE,"E_M_Jimmy_Carr.png P_M_Gordon_Brown.png"
4312,"E_F_Sarah_Millican.png","P_M_david_camer.png","FALSE","pictures/stimuli/E","pictures/stimuli/P","F","M","5","5a5aa4eaacc75b00017a52b8","06/30/2022, 09:37:11",0.170582758521206,"28","Female","right",1,1,0,0,FALSE,"E_F_Sarah_Millican.png P_M_david_camer.png"
3367,"E_F_Sarah_Millican.png","E_M_Peter_Kay.png","TRUE","pictures/stimuli/E","pictures/stimuli/E","F","M","6","5a5aa4eaacc75b00017a52b8","06/30/2022, 09:37:11",1.07088065071646,"28","Female","right",1,1,0,0,FALSE,"E_F_Sarah_Millican.png E_M_Peter_Kay.png"
4372,"E_M_Simon_Pegg.png","P_M_keir_starmer.png","FALSE","pictures/stimuli/E","pictures/stimuli/P","M","M","3","5a5aa4eaacc75b00017a52b8","06/30/2022, 09:37:11",-1.63001302586931,"28","Female","right",1,1,0,0,FALSE,"E_M_Simon_Pegg.png P_M_keir_starmer.png"
4231,"E_M_Simon_Pegg.png","P_M_Gordon_Brown.png","FALSE","pictures/stimuli/E","pictures/stimuli/P","M","M","6","5a5aa4eaacc75b00017a52b8","06/30/2022, 09:37:11",1.07088065071646,"28","Female","right",1,1,0,0,FALSE,"E_M_Simon_Pegg.png P_M_Gordon_Brown.png"
3851,"P_M_jeremy_corbyn.png","P_M_Sajid_Javid.png","TRUE","pictures/stimuli/P","pictures/stimuli/P","M","M","6","5a5aa4eaacc75b00017a52b8","06/30/2022, 09:37:11",1.07088065071646,"28","Female","right",1,1,0,0,FALSE,"P_M_jeremy_corbyn.png P_M_Sajid_Javid.png"
6325,"E_F_Julie_Walters.png","E_M_Michael_McIntyr.png","TRUE","pictures/stimuli/E","pictures/stimuli/E","F","M","6","5a5aa4eaacc75b00017a52b8","06/30/2022, 09:37:11",1.07088065071646,"28","Female","right",1,1,0,0,FALSE,"E_F_Julie_Walters.png E_M_Michael_McIntyr.png"
4349,"E_F_Julie_Walters.png","E_M_Jimmy_Carr.png","TRUE","pictures/stimuli/E","pictures/stimuli/E","F","M","6","5a5aa4eaacc75b00017a52b8","06/30/2022, 09:37:11",1.07088065071646,"28","Female","right",1,1,0,0,FALSE,"E_F_Julie_Walters.png E_M_Jimmy_Carr.png"
2950,"E_M_Michael_McIntyr.png","P_M_Sajid_Javid.png","FALSE","pictures/stimuli/E","pictures/stimuli/P","M","M","6","5a5aa4eaacc75b00017a52b8","06/30/2022, 09:37:11",1.07088065071646,"28","Female","right",1,1,0,0,FALSE,"E_M_Michael_McIntyr.png P_M_Sajid_Javid.png"
4881,"E_F_Sarah_Millican.png","P_M_jeremy_corbyn.png","FALSE","pictures/stimuli/E","pictures/stimuli/P","F","M","6","5a5aa4eaacc75b00017a52b8","06/30/2022, 09:37:11",1.07088065071646,"28","Female","right",1,1,0,0,FALSE,"E_F_Sarah_Millican.png P_M_jeremy_corbyn.png"
3963,"E_F_Jennifer_Saunders.png","P_M_Gordon_Brown.png","FALSE","pictures/stimuli/E","pictures/stimuli/P","F","M","6","5a5aa4eaacc75b00017a52b8","06/30/2022, 09:37:11",1.07088065071646,"28","Female","right",1,1,0,0,FALSE,"E_F_Jennifer_Saunders.png P_M_Gordon_Brown.png"
13793,"E_M_Ewan_McGregor.png","P_M_david_camer.png","FALSE","pictures/stimuli/E","pictures/stimuli/P","M","M","4","5a5aa4eaacc75b00017a52b8","06/30/2022, 09:37:11",-0.729715133674051,"28","Female","right",1,1,0,0,FALSE,"E_M_Ewan_McGregor.png P_M_david_camer.png"
18862,"E_F_Julie_Walters.png","P_M_keir_starmer.png","FALSE","pictures/stimuli/E","pictures/stimuli/P","F","M","5","5a5aa4eaacc75b00017a52b8","06/30/2022, 09:37:11",0.170582758521206,"28","Female","right",1,1,0,0,FALSE,"E_F_Julie_Walters.png P_M_keir_starmer.png"
6481,"E_M_Peter_Kay.png","P_F_nicola_sturge.png","FALSE","pictures/stimuli/E","pictures/stimuli/P","M","F","6","5a5aa4eaacc75b00017a52b8","06/30/2022, 09:37:11",1.07088065071646,"28","Female","right",1,1,0,0,FALSE,"E_M_Peter_Kay.png P_F_nicola_sturge.png"
9403,"E_M_Simon_Pegg.png","P_M_jeremy_corbyn.png","FALSE","pictures/stimuli/E","pictures/stimuli/P","M","M","3","5a5aa4eaacc75b00017a52b8","06/30/2022, 09:37:11",-1.63001302586931,"28","Female","right",1,1,0,0,FALSE,"E_M_Simon_Pegg.png P_M_jeremy_corbyn.png"
2631,"P_M_Michael_Gove.png","P_M_Sajid_Javid.png","TRUE","pictures/stimuli/P","pictures/stimuli/P","M","M","6","5a5aa4eaacc75b00017a52b8","06/30/2022, 09:37:11",1.07088065071646,"28","Female","right",1,1,0,0,FALSE,"P_M_Michael_Gove.png P_M_Sajid_Javid.png"
4859,"E_M_Peter_Kay.png","E_M_Simon_Pegg.png","TRUE","pictures/stimuli/E","pictures/stimuli/E","M","M","6","5a5aa4eaacc75b00017a52b8","06/30/2022, 09:37:11",1.07088065071646,"28","Female","right",1,1,0,0,FALSE,"E_M_Peter_Kay.png E_M_Simon_Pegg.png"
3760,"E_F_Dawn_Roma_French.png","E_M_Michael_McIntyr.png","TRUE","pictures/stimuli/E","pictures/stimuli/E","F","M","4","5a5aa4eaacc75b00017a52b8","06/30/2022, 09:37:11",-0.729715133674051,"28","Female","right",1,1,0,0,FALSE,"E_F_Dawn_Roma_French.png E_M_Michael_McIntyr.png"
3346,"P_F_Theresa_May.png","P_M_Sajid_Javid.png","TRUE","pictures/stimuli/P","pictures/stimuli/P","F","M","6","5a5aa4eaacc75b00017a52b8","06/30/2022, 09:37:11",1.07088065071646,"28","Female","right",1,1,0,0,FALSE,"P_F_Theresa_May.png P_M_Sajid_Javid.png"
3467,"P_M_Gordon_Brown.png","P_M_keir_starmer.png","TRUE","pictures/stimuli/P","pictures/stimuli/P","M","M","6","5a5aa4eaacc75b00017a52b8","06/30/2022, 09:37:11",1.07088065071646,"28","Female","right",1,1,0,0,FALSE,"P_M_Gordon_Brown.png P_M_keir_starmer.png"
3365,"E_M_Jimmy_Carr.png","E_M_Russell_Howard.png","TRUE","pictures/stimuli/E","pictures/stimuli/E","M","M","5","5a5aa4eaacc75b00017a52b8","06/30/2022, 09:37:11",0.170582758521206,"28","Female","right",1,1,0,0,FALSE,"E_M_Jimmy_Carr.png E_M_Russell_Howard.png"
6180,"E_F_Jennifer_Saunders.png","E_M_Michael_McIntyr.png","TRUE","pictures/stimuli/E","pictures/stimuli/E","F","M","6","5a5aa4eaacc75b00017a52b8","06/30/2022, 09:37:11",1.07088065071646,"28","Female","right",1,1,0,0,FALSE,"E_F_Jennifer_Saunders.png E_M_Michael_McIntyr.png"
4301,"E_F_Julie_Walters.png","P_M_nigel_farage.png","FALSE","pictures/stimuli/E","pictures/stimuli/P","F","M","6","5a5aa4eaacc75b00017a52b8","06/30/2022, 09:37:11",1.07088065071646,"28","Female","right",1,1,0,0,FALSE,"E_F_Julie_Walters.png P_M_nigel_farage.png"
13558,"E_F_Dawn_Roma_French.png","P_M_Tony_Blair.png","FALSE","pictures/stimuli/E","pictures/stimuli/P","F","M","6","5a5aa4eaacc75b00017a52b8","06/30/2022, 09:37:11",1.07088065071646,"28","Female","right",1,1,0,0,FALSE,"E_F_Dawn_Roma_French.png P_M_Tony_Blair.png"
4739,"E_F_Julie_Walters.png","P_M_Gordon_Brown.png","FALSE","pictures/stimuli/E","pictures/stimuli/P","F","M","6","5a5aa4eaacc75b00017a52b8","06/30/2022, 09:37:11",1.07088065071646,"28","Female","right",1,1,0,0,FALSE,"E_F_Julie_Walters.png P_M_Gordon_Brown.png"
14608,"E_M_Michael_McIntyr.png","P_M_Gordon_Brown.png","FALSE","pictures/stimuli/E","pictures/stimuli/P","M","M","3","5a5aa4eaacc75b00017a52b8","06/30/2022, 09:37:11",-1.63001302586931,"28","Female","right",1,1,0,0,FALSE,"E_M_Michael_McIntyr.png P_M_Gordon_Brown.png"
7318,"E_M_Peter_Kay.png","P_M_Michael_Gove.png","FALSE","pictures/stimuli/E","pictures/stimuli/P","M","M","5","5a5aa4eaacc75b00017a52b8","06/30/2022, 09:37:11",0.170582758521206,"28","Female","right",1,1,0,0,FALSE,"E_M_Peter_Kay.png P_M_Michael_Gove.png"
4623,"P_M_david_camer.png","P_M_Sajid_Javid.png","TRUE","pictures/stimuli/P","pictures/stimuli/P","M","M","6","5a5aa4eaacc75b00017a52b8","06/30/2022, 09:37:11",1.07088065071646,"28","Female","right",1,1,0,0,FALSE,"P_M_david_camer.png P_M_Sajid_Javid.png"
2763,"E_F_Dawn_Roma_French.png","P_M_Sajid_Javid.png","FALSE","pictures/stimuli/E","pictures/stimuli/P","F","M","6","5a5aa4eaacc75b00017a52b8","06/30/2022, 09:37:11",1.07088065071646,"28","Female","right",1,1,0,0,FALSE,"E_F_Dawn_Roma_French.png P_M_Sajid_Javid.png"
3769,"E_M_Simon_Pegg.png","P_M_david_camer.png","FALSE","pictures/stimuli/E","pictures/stimuli/P","M","M","5","5a5aa4eaacc75b00017a52b8","06/30/2022, 09:37:11",0.170582758521206,"28","Female","right",1,1,0,0,FALSE,"E_M_Simon_Pegg.png P_M_david_camer.png"
3396,"E_M_Jimmy_Carr.png","P_F_Theresa_May.png","FALSE","pictures/stimuli/E","pictures/stimuli/P","M","F","6","5a5aa4eaacc75b00017a52b8","06/30/2022, 09:37:11",1.07088065071646,"28","Female","right",1,1,0,0,FALSE,"E_M_Jimmy_Carr.png P_F_Theresa_May.png"
3920,"E_F_Dawn_Roma_French.png","P_M_jeremy_corbyn.png","FALSE","pictures/stimuli/E","pictures/stimuli/P","F","M","6","5a5aa4eaacc75b00017a52b8","06/30/2022, 09:37:11",1.07088065071646,"28","Female","right",1,1,0,0,FALSE,"E_F_Dawn_Roma_French.png P_M_jeremy_corbyn.png"
4852,"P_M_nigel_farage.png","P_M_Tony_Blair.png","TRUE","pictures/stimuli/P","pictures/stimuli/P","M","M","2","5a5aa4eaacc75b00017a52b8","06/30/2022, 09:37:11",-2.53031091806457,"28","Female","right",1,1,0,0,FALSE,"P_M_nigel_farage.png P_M_Tony_Blair.png"
8229,"P_M_david_camer.png","P_M_Michael_Gove.png","TRUE","pictures/stimuli/P","pictures/stimuli/P","M","M","4","5a5aa4eaacc75b00017a52b8","06/30/2022, 09:37:11",-0.729715133674051,"28","Female","right",1,1,0,0,FALSE,"P_M_david_camer.png P_M_Michael_Gove.png"
5655,"E_M_Ewan_McGregor.png","P_M_Gordon_Brown.png","FALSE","pictures/stimuli/E","pictures/stimuli/P","M","M","5","5a5aa4eaacc75b00017a52b8","06/30/2022, 09:37:11",0.170582758521206,"28","Female","right",1,1,0,0,FALSE,"E_M_Ewan_McGregor.png P_M_Gordon_Brown.png"
6457,"E_M_Russell_Howard.png","P_M_Tony_Blair.png","FALSE","pictures/stimuli/E","pictures/stimuli/P","M","M","3","5a5aa4eaacc75b00017a52b8","06/30/2022, 09:37:11",-1.63001302586931,"28","Female","right",1,1,0,0,FALSE,"E_M_Russell_Howard.png P_M_Tony_Blair.png"
10747,"E_F_Jennifer_Saunders.png","P_M_keir_starmer.png","FALSE","pictures/stimuli/E","pictures/stimuli/P","F","M","4","5a5aa4eaacc75b00017a52b8","06/30/2022, 09:37:11",-0.729715133674051,"28","Female","right",1,1,0,0,FALSE,"E_F_Jennifer_Saunders.png P_M_keir_starmer.png"
4730,"E_F_Sarah_Millican.png","P_M_Tony_Blair.png","FALSE","pictures/stimuli/E","pictures/stimuli/P","F","M","5","5a5aa4eaacc75b00017a52b8","06/30/2022, 09:37:11",0.170582758521206,"28","Female","right",1,1,0,0,FALSE,"E_F_Sarah_Millican.png P_M_Tony_Blair.png"
4444,"E_M_Michael_McIntyr.png","P_M_Michael_Gove.png","FALSE","pictures/stimuli/E","pictures/stimuli/P","M","M","5","5a5aa4eaacc75b00017a52b8","06/30/2022, 09:37:11",0.170582758521206,"28","Female","right",1,1,0,0,FALSE,"E_M_Michael_McIntyr.png P_M_Michael_Gove.png"
2698,"E_F_Dawn_Roma_French.png","E_M_Simon_Pegg.png","TRUE","pictures/stimuli/E","pictures/stimuli/E","F","M","6","5a5aa4eaacc75b00017a52b8","06/30/2022, 09:37:11",1.07088065071646,"28","Female","right",1,1,0,0,FALSE,"E_F_Dawn_Roma_French.png E_M_Simon_Pegg.png"
5206,"E_M_Simon_Pegg.png","P_M_Michael_Gove.png","FALSE","pictures/stimuli/E","pictures/stimuli/P","M","M","5","5a5aa4eaacc75b00017a52b8","06/30/2022, 09:37:11",0.170582758521206,"28","Female","right",1,1,0,0,FALSE,"E_M_Simon_Pegg.png P_M_Michael_Gove.png"
5515,"E_M_Michael_McIntyr.png","P_M_jeremy_corbyn.png","FALSE","pictures/stimuli/E","pictures/stimuli/P","M","M","6","5a5aa4eaacc75b00017a52b8","06/30/2022, 09:37:11",1.07088065071646,"28","Female","right",1,1,0,0,FALSE,"E_M_Michael_McIntyr.png P_M_jeremy_corbyn.png"
6171,"E_M_Peter_Kay.png","P_M_Tony_Blair.png","FALSE","pictures/stimuli/E","pictures/stimuli/P","M","M","5","5a5aa4eaacc75b00017a52b8","06/30/2022, 09:37:11",0.170582758521206,"28","Female","right",1,1,0,0,FALSE,"E_M_Peter_Kay.png P_M_Tony_Blair.png"
15597,"P_M_Michael_Gove.png","P_M_Tony_Blair.png","TRUE","pictures/stimuli/P","pictures/stimuli/P","M","M","3","5a5aa4eaacc75b00017a52b8","06/30/2022, 09:37:11",-1.63001302586931,"28","Female","right",1,1,0,0,FALSE,"P_M_Michael_Gove.png P_M_Tony_Blair.png"
7181,"E_M_Michael_McIntyr.png","E_M_Peter_Kay.png","TRUE","pictures/stimuli/E","pictures/stimuli/E","M","M","3","5a5aa4eaacc75b00017a52b8","06/30/2022, 09:37:11",-1.63001302586931,"28","Female","right",1,1,0,0,FALSE,"E_M_Michael_McIntyr.png E_M_Peter_Kay.png"
3766,"E_F_Sarah_Millican.png","P_M_nigel_farage.png","FALSE","pictures/stimuli/E","pictures/stimuli/P","F","M","5","5a5aa4eaacc75b00017a52b8","06/30/2022, 09:37:11",0.170582758521206,"28","Female","right",1,1,0,0,FALSE,"E_F_Sarah_Millican.png P_M_nigel_farage.png"
3341,"E_F_Jennifer_Saunders.png","E_M_Peter_Kay.png","TRUE","pictures/stimuli/E","pictures/stimuli/E","F","M","6","5a5aa4eaacc75b00017a52b8","06/30/2022, 09:37:11",1.07088065071646,"28","Female","right",1,1,0,0,FALSE,"E_F_Jennifer_Saunders.png E_M_Peter_Kay.png"
5034,"P_M_david_camer.png","P_M_jeremy_corbyn.png","TRUE","pictures/stimuli/P","pictures/stimuli/P","M","M","6","5a5aa4eaacc75b00017a52b8","06/30/2022, 09:37:11",1.07088065071646,"28","Female","right",1,1,0,0,FALSE,"P_M_david_camer.png P_M_jeremy_corbyn.png"
6732,"P_M_Gordon_Brown.png","P_M_jeremy_corbyn.png","TRUE","pictures/stimuli/P","pictures/stimuli/P","M","M","6","5a5aa4eaacc75b00017a52b8","06/30/2022, 09:37:11",1.07088065071646,"28","Female","right",1,1,0,0,FALSE,"P_M_Gordon_Brown.png P_M_jeremy_corbyn.png"
3189,"E_F_Dawn_Roma_French.png","E_M_Ewan_McGregor.png","TRUE","pictures/stimuli/E","pictures/stimuli/E","F","M","5","5a5aa4eaacc75b00017a52b8","06/30/2022, 09:37:11",0.170582758521206,"28","Female","right",1,1,0,0,FALSE,"E_F_Dawn_Roma_French.png E_M_Ewan_McGregor.png"
4745,"E_M_Peter_Kay.png","P_M_david_camer.png","FALSE","pictures/stimuli/E","pictures/stimuli/P","M","M","4","5a5aa4eaacc75b00017a52b8","06/30/2022, 09:37:11",-0.729715133674051,"28","Female","right",1,1,0,0,FALSE,"E_M_Peter_Kay.png P_M_david_camer.png"
3747,"E_F_Julie_Walters.png","P_M_Michael_Gove.png","FALSE","pictures/stimuli/E","pictures/stimuli/P","F","M","5","5a5aa4eaacc75b00017a52b8","06/30/2022, 09:37:11",0.170582758521206,"28","Female","right",1,1,0,0,FALSE,"E_F_Julie_Walters.png P_M_Michael_Gove.png"
9633,"E_F_Sarah_Millican.png","P_M_keir_starmer.png","FALSE","pictures/stimuli/E","pictures/stimuli/P","F","M","5","5a5aa4eaacc75b00017a52b8","06/30/2022, 09:37:11",0.170582758521206,"28","Female","right",1,1,0,0,FALSE,"E_F_Sarah_Millican.png P_M_keir_starmer.png"
20581,"E_F_Sarah_Millican.png","P_F_Theresa_May.png","FALSE","pictures/stimuli/E","pictures/stimuli/P","F","F","3","5a5aa4eaacc75b00017a52b8","06/30/2022, 09:37:11",-1.63001302586931,"28","Female","right",1,1,0,0,FALSE,"E_F_Sarah_Millican.png P_F_Theresa_May.png"
8430,"E_M_Jimmy_Carr.png","E_M_Simon_Pegg.png","TRUE","pictures/stimuli/E","pictures/stimuli/E","M","M","5","5a5aa4eaacc75b00017a52b8","06/30/2022, 09:37:11",0.170582758521206,"28","Female","right",1,1,0,0,FALSE,"E_M_Jimmy_Carr.png E_M_Simon_Pegg.png"
6415,"E_F_Julie_Walters.png","P_M_Tony_Blair.png","FALSE","pictures/stimuli/E","pictures/stimuli/P","F","M","6","5a5aa4eaacc75b00017a52b8","06/30/2022, 09:37:11",1.07088065071646,"28","Female","right",1,1,0,0,FALSE,"E_F_Julie_Walters.png P_M_Tony_Blair.png"
19932,"E_M_Peter_Kay.png","E_M_Russell_Howard.png","TRUE","pictures/stimuli/E","pictures/stimuli/E","M","M","5","5a5aa4eaacc75b00017a52b8","06/30/2022, 09:37:11",0.170582758521206,"28","Female","right",1,1,0,0,FALSE,"E_M_Peter_Kay.png E_M_Russell_Howard.png"
13018,"E_M_Ewan_McGregor.png","P_M_jeremy_corbyn.png","FALSE","pictures/stimuli/E","pictures/stimuli/P","M","M","5","5a5aa4eaacc75b00017a52b8","06/30/2022, 09:37:11",0.170582758521206,"28","Female","right",1,1,0,0,FALSE,"E_M_Ewan_McGregor.png P_M_jeremy_corbyn.png"
3350,"E_M_Jimmy_Carr.png","P_F_nicola_sturge.png","FALSE","pictures/stimuli/E","pictures/stimuli/P","M","F","6","5a5aa4eaacc75b00017a52b8","06/30/2022, 09:37:11",1.07088065071646,"28","Female","right",1,1,0,0,FALSE,"E_M_Jimmy_Carr.png P_F_nicola_sturge.png"
18052,"E_F_Julie_Walters.png","E_M_Russell_Howard.png","TRUE","pictures/stimuli/E","pictures/stimuli/E","F","M","5","5a5aa4eaacc75b00017a52b8","06/30/2022, 09:37:11",0.170582758521206,"28","Female","right",1,1,0,0,FALSE,"E_F_Julie_Walters.png E_M_Russell_Howard.png"
6325,"E_M_Jimmy_Carr.png","P_M_david_camer.png","FALSE","pictures/stimuli/E","pictures/stimuli/P","M","M","4","5a5aa4eaacc75b00017a52b8","06/30/2022, 09:37:11",-0.729715133674051,"28","Female","right",1,1,0,0,FALSE,"E_M_Jimmy_Carr.png P_M_david_camer.png"
6966,"P_F_nicola_sturge.png","P_M_Michael_Gove.png","TRUE","pictures/stimuli/P","pictures/stimuli/P","F","M","5","5a5aa4eaacc75b00017a52b8","06/30/2022, 09:37:11",0.170582758521206,"28","Female","right",1,1,0,0,FALSE,"P_F_nicola_sturge.png P_M_Michael_Gove.png"
5780,"E_M_Simon_Pegg.png","P_M_nigel_farage.png","FALSE","pictures/stimuli/E","pictures/stimuli/P","M","M","2","5a5aa4eaacc75b00017a52b8","06/30/2022, 09:37:11",-2.53031091806457,"28","Female","right",1,1,0,0,FALSE,"E_M_Simon_Pegg.png P_M_nigel_farage.png"
9008,"E_F_Jennifer_Saunders.png","P_M_david_camer.png","FALSE","pictures/stimuli/E","pictures/stimuli/P","F","M","5","5a5aa4eaacc75b00017a52b8","06/30/2022, 09:37:11",0.170582758521206,"28","Female","right",1,1,0,0,FALSE,"E_F_Jennifer_Saunders.png P_M_david_camer.png"
7179,"E_M_Michael_McIntyr.png","P_M_nigel_farage.png","FALSE","pictures/stimuli/E","pictures/stimuli/P","M","M","5","5a5aa4eaacc75b00017a52b8","06/30/2022, 09:37:11",0.170582758521206,"28","Female","right",1,1,0,0,FALSE,"E_M_Michael_McIntyr.png P_M_nigel_farage.png"
4206,"E_M_Russell_Howard.png","E_M_Simon_Pegg.png","TRUE","pictures/stimuli/E","pictures/stimuli/E","M","M","3","5a5aa4eaacc75b00017a52b8","06/30/2022, 09:37:11",-1.63001302586931,"28","Female","right",1,1,0,0,FALSE,"E_M_Russell_Howard.png E_M_Simon_Pegg.png"
7174,"E_F_Jennifer_Saunders.png","P_F_Theresa_May.png","FALSE","pictures/stimuli/E","pictures/stimuli/P","F","F","4","5a5aa4eaacc75b00017a52b8","06/30/2022, 09:37:11",-0.729715133674051,"28","Female","right",1,1,0,0,FALSE,"E_F_Jennifer_Saunders.png P_F_Theresa_May.png"
4520,"P_M_keir_starmer.png","P_M_Tony_Blair.png","TRUE","pictures/stimuli/P","pictures/stimuli/P","M","M","2","5a5aa4eaacc75b00017a52b8","06/30/2022, 09:37:11",-2.53031091806457,"28","Female","right",1,1,0,0,FALSE,"P_M_keir_starmer.png P_M_Tony_Blair.png"
3200,"E_F_Julie_Walters.png","P_M_david_camer.png","FALSE","pictures/stimuli/E","pictures/stimuli/P","F","M","5","5a5aa4eaacc75b00017a52b8","06/30/2022, 09:37:11",0.170582758521206,"28","Female","right",1,1,0,0,FALSE,"E_F_Julie_Walters.png P_M_david_camer.png"
2957,"E_F_Jennifer_Saunders.png","P_M_Sajid_Javid.png","FALSE","pictures/stimuli/E","pictures/stimuli/P","F","M","6","5a5aa4eaacc75b00017a52b8","06/30/2022, 09:37:11",1.07088065071646,"28","Female","right",1,1,0,0,FALSE,"E_F_Jennifer_Saunders.png P_M_Sajid_Javid.png"
4112,"E_M_Jimmy_Carr.png","E_M_Michael_McIntyr.png","TRUE","pictures/stimuli/E","pictures/stimuli/E","M","M","5","5a5aa4eaacc75b00017a52b8","06/30/2022, 09:37:11",0.170582758521206,"28","Female","right",1,1,0,0,FALSE,"E_M_Jimmy_Carr.png E_M_Michael_McIntyr.png"
2683,"P_F_nicola_sturge.png","P_M_Sajid_Javid.png","TRUE","pictures/stimuli/P","pictures/stimuli/P","F","M","6","5a5aa4eaacc75b00017a52b8","06/30/2022, 09:37:11",1.07088065071646,"28","Female","right",1,1,0,0,FALSE,"P_F_nicola_sturge.png P_M_Sajid_Javid.png"
11143,"E_M_Simon_Pegg.png","P_F_nicola_sturge.png","FALSE","pictures/stimuli/E","pictures/stimuli/P","M","F","5","5a5aa4eaacc75b00017a52b8","06/30/2022, 09:37:11",0.170582758521206,"28","Female","right",1,1,0,0,FALSE,"E_M_Simon_Pegg.png P_F_nicola_sturge.png"
3783,"E_F_Jennifer_Saunders.png","E_M_Ewan_McGregor.png","TRUE","pictures/stimuli/E","pictures/stimuli/E","F","M","5","5a5aa4eaacc75b00017a52b8","06/30/2022, 09:37:11",0.170582758521206,"28","Female","right",1,1,0,0,FALSE,"E_F_Jennifer_Saunders.png E_M_Ewan_McGregor.png"
8535,"P_F_Theresa_May.png","P_M_nigel_farage.png","TRUE","pictures/stimuli/P","pictures/stimuli/P","F","M","4","5a5aa4eaacc75b00017a52b8","06/30/2022, 09:37:11",-0.729715133674051,"28","Female","right",1,1,0,0,FALSE,"P_F_Theresa_May.png P_M_nigel_farage.png"
8923,"E_M_Jimmy_Carr.png","P_M_nigel_farage.png","FALSE","pictures/stimuli/E","pictures/stimuli/P","M","M","5","5a5aa4eaacc75b00017a52b8","06/30/2022, 09:37:11",0.170582758521206,"28","Female","right",1,1,0,0,FALSE,"E_M_Jimmy_Carr.png P_M_nigel_farage.png"
4887,"E_F_Dawn_Roma_French.png","P_M_keir_starmer.png","FALSE","pictures/stimuli/E","pictures/stimuli/P","F","M","6","5a5aa4eaacc75b00017a52b8","06/30/2022, 09:37:11",1.07088065071646,"28","Female","right",1,1,0,0,FALSE,"E_F_Dawn_Roma_French.png P_M_keir_starmer.png"
5848,"P_M_Gordon_Brown.png","P_M_Tony_Blair.png","TRUE","pictures/stimuli/P","pictures/stimuli/P","M","M","6","5a5aa4eaacc75b00017a52b8","06/30/2022, 09:37:11",1.07088065071646,"28","Female","right",1,1,0,0,FALSE,"P_M_Gordon_Brown.png P_M_Tony_Blair.png"
10216,"P_F_Theresa_May.png","P_M_Gordon_Brown.png","TRUE","pictures/stimuli/P","pictures/stimuli/P","F","M","5","5a5aa4eaacc75b00017a52b8","06/30/2022, 09:37:11",0.170582758521206,"28","Female","right",1,1,0,0,FALSE,"P_F_Theresa_May.png P_M_Gordon_Brown.png"
29711,"P_F_Theresa_May.png","P_M_keir_starmer.png","TRUE","pictures/stimuli/P","pictures/stimuli/P","F","M","5","5a5aa4eaacc75b00017a52b8","06/30/2022, 09:37:11",0.170582758521206,"28","Female","right",1,1,0,0,FALSE,"P_F_Theresa_May.png P_M_keir_starmer.png"
5913,"E_M_Ewan_McGregor.png","E_M_Michael_McIntyr.png","TRUE","pictures/stimuli/E","pictures/stimuli/E","M","M","4","5a5aa4eaacc75b00017a52b8","06/30/2022, 09:37:11",-0.729715133674051,"28","Female","right",1,1,0,0,FALSE,"E_M_Ewan_McGregor.png E_M_Michael_McIntyr.png"
4793,"E_M_Michael_McIntyr.png","P_M_keir_starmer.png","FALSE","pictures/stimuli/E","pictures/stimuli/P","M","M","5","5a5aa4eaacc75b00017a52b8","06/30/2022, 09:37:11",0.170582758521206,"28","Female","right",1,1,0,0,FALSE,"E_M_Michael_McIntyr.png P_M_keir_starmer.png"
3740,"E_F_Julie_Walters.png","P_F_nicola_sturge.png","FALSE","pictures/stimuli/E","pictures/stimuli/P","F","F","5","5a5aa4eaacc75b00017a52b8","06/30/2022, 09:37:11",0.170582758521206,"28","Female","right",1,1,0,0,FALSE,"E_F_Julie_Walters.png P_F_nicola_sturge.png"
4354,"E_M_Jimmy_Carr.png","P_M_Tony_Blair.png","FALSE","pictures/stimuli/E","pictures/stimuli/P","M","M","5","5a5aa4eaacc75b00017a52b8","06/30/2022, 09:37:11",0.170582758521206,"28","Female","right",1,1,0,0,FALSE,"E_M_Jimmy_Carr.png P_M_Tony_Blair.png"
2676,"E_F_Sarah_Millican.png","E_M_Simon_Pegg.png","TRUE","pictures/stimuli/E","pictures/stimuli/E","F","M","4","5a5aa4eaacc75b00017a52b8","06/30/2022, 09:37:11",-0.729715133674051,"28","Female","right",1,1,0,0,FALSE,"E_F_Sarah_Millican.png E_M_Simon_Pegg.png"
4066,"E_M_Peter_Kay.png","P_M_Sajid_Javid.png","FALSE","pictures/stimuli/E","pictures/stimuli/P","M","M","6","5a5aa4eaacc75b00017a52b8","06/30/2022, 09:37:11",1.07088065071646,"28","Female","right",1,1,0,0,FALSE,"E_M_Peter_Kay.png P_M_Sajid_Javid.png"
6520,"E_M_Simon_Pegg.png","P_F_Theresa_May.png","FALSE","pictures/stimuli/E","pictures/stimuli/P","M","F","4","5a5aa4eaacc75b00017a52b8","06/30/2022, 09:37:11",-0.729715133674051,"28","Female","right",1,1,0,0,FALSE,"E_M_Simon_Pegg.png P_F_Theresa_May.png"
3361,"P_M_keir_starmer.png","P_M_Sajid_Javid.png","TRUE","pictures/stimuli/P","pictures/stimuli/P","M","M","6","5a5aa4eaacc75b00017a52b8","06/30/2022, 09:37:11",1.07088065071646,"28","Female","right",1,1,0,0,FALSE,"P_M_keir_starmer.png P_M_Sajid_Javid.png"
8390,"E_M_Russell_Howard.png","P_M_keir_starmer.png","FALSE","pictures/stimuli/E","pictures/stimuli/P","M","M","3","5a5aa4eaacc75b00017a52b8","06/30/2022, 09:37:11",-1.63001302586931,"28","Female","right",1,1,0,0,FALSE,"E_M_Russell_Howard.png P_M_keir_starmer.png"
2919,"E_F_Jennifer_Saunders.png","P_M_Tony_Blair.png","FALSE","pictures/stimuli/E","pictures/stimuli/P","F","M","5","5a5aa4eaacc75b00017a52b8","06/30/2022, 09:37:11",0.170582758521206,"28","Female","right",1,1,0,0,FALSE,"E_F_Jennifer_Saunders.png P_M_Tony_Blair.png"
4057,"P_M_Gordon_Brown.png","P_M_Sajid_Javid.png","TRUE","pictures/stimuli/P","pictures/stimuli/P","M","M","6","5a5aa4eaacc75b00017a52b8","06/30/2022, 09:37:11",1.07088065071646,"28","Female","right",1,1,0,0,FALSE,"P_M_Gordon_Brown.png P_M_Sajid_Javid.png"
7739,"E_F_Julie_Walters.png","E_F_Sarah_Millican.png","TRUE","pictures/stimuli/E","pictures/stimuli/E","F","F","5","5a5aa4eaacc75b00017a52b8","06/30/2022, 09:37:11",0.170582758521206,"28","Female","right",1,1,0,0,FALSE,"E_F_Julie_Walters.png E_F_Sarah_Millican.png"
4234,"E_M_Russell_Howard.png","P_F_Theresa_May.png","FALSE","pictures/stimuli/E","pictures/stimuli/P","M","F","5","5a5aa4eaacc75b00017a52b8","06/30/2022, 09:37:11",0.170582758521206,"28","Female","right",1,1,0,0,FALSE,"E_M_Russell_Howard.png P_F_Theresa_May.png"
21344,"E_M_Peter_Kay.png","P_M_jeremy_corbyn.png","FALSE","pictures/stimuli/E","pictures/stimuli/P","M","M","5","5a5aa4eaacc75b00017a52b8","06/30/2022, 09:37:11",0.170582758521206,"28","Female","right",1,1,0,0,FALSE,"E_M_Peter_Kay.png P_M_jeremy_corbyn.png"
4882,"P_M_david_camer.png","P_M_Tony_Blair.png","TRUE","pictures/stimuli/P","pictures/stimuli/P","M","M","5","5a5aa4eaacc75b00017a52b8","06/30/2022, 09:37:11",0.170582758521206,"28","Female","right",1,1,0,0,FALSE,"P_M_david_camer.png P_M_Tony_Blair.png"
16198,"E_M_Ewan_McGregor.png","P_M_Michael_Gove.png","FALSE","pictures/stimuli/E","pictures/stimuli/P","M","M","3","5a5aa4eaacc75b00017a52b8","06/30/2022, 09:37:11",-1.63001302586931,"28","Female","right",1,1,0,0,FALSE,"E_M_Ewan_McGregor.png P_M_Michael_Gove.png"
8107,"E_F_Dawn_Roma_French.png","P_M_Michael_Gove.png","FALSE","pictures/stimuli/E","pictures/stimuli/P","F","M","5","5a5aa4eaacc75b00017a52b8","06/30/2022, 09:37:11",0.170582758521206,"28","Female","right",1,1,0,0,FALSE,"E_F_Dawn_Roma_French.png P_M_Michael_Gove.png"
23600,"E_F_Sarah_Millican.png","P_M_Gordon_Brown.png","FALSE","pictures/stimuli/E","pictures/stimuli/P","F","M","5","5a5aa4eaacc75b00017a52b8","06/30/2022, 09:37:11",0.170582758521206,"28","Female","right",1,1,0,0,FALSE,"E_F_Sarah_Millican.png P_M_Gordon_Brown.png"
12190,"E_F_Sarah_Millican.png","E_M_Michael_McIntyr.png","TRUE","pictures/stimuli/E","pictures/stimuli/E","F","M","4","5a5aa4eaacc75b00017a52b8","06/30/2022, 09:37:11",-0.729715133674051,"28","Female","right",1,1,0,0,FALSE,"E_F_Sarah_Millican.png E_M_Michael_McIntyr.png"
6456,"E_F_Sarah_Millican.png","P_M_Sajid_Javid.png","FALSE","pictures/stimuli/E","pictures/stimuli/P","F","M","6","5a5aa4eaacc75b00017a52b8","06/30/2022, 09:37:11",1.07088065071646,"28","Female","right",1,1,0,0,FALSE,"E_F_Sarah_Millican.png P_M_Sajid_Javid.png"
5102,"E_M_Michael_McIntyr.png","P_F_nicola_sturge.png","FALSE","pictures/stimuli/E","pictures/stimuli/P","M","F","6","5a5aa4eaacc75b00017a52b8","06/30/2022, 09:37:11",1.07088065071646,"28","Female","right",1,1,0,0,FALSE,"E_M_Michael_McIntyr.png P_F_nicola_sturge.png"
3206,"E_M_Russell_Howard.png","P_F_nicola_sturge.png","FALSE","pictures/stimuli/E","pictures/stimuli/P","M","F","5","5a5aa4eaacc75b00017a52b8","06/30/2022, 09:37:11",0.170582758521206,"28","Female","right",1,1,0,0,FALSE,"E_M_Russell_Howard.png P_F_nicola_sturge.png"
7675,"E_F_Jennifer_Saunders.png","E_F_Sarah_Millican.png","TRUE","pictures/stimuli/E","pictures/stimuli/E","F","F","5","5a5aa4eaacc75b00017a52b8","06/30/2022, 09:37:11",0.170582758521206,"28","Female","right",1,1,0,0,FALSE,"E_F_Jennifer_Saunders.png E_F_Sarah_Millican.png"
13740,"E_M_Ewan_McGregor.png","E_M_Peter_Kay.png","TRUE","pictures/stimuli/E","pictures/stimuli/E","M","M","6","5a5aa4eaacc75b00017a52b8","06/30/2022, 09:37:11",1.07088065071646,"28","Female","right",1,1,0,0,FALSE,"E_M_Ewan_McGregor.png E_M_Peter_Kay.png"
2701,"E_M_Simon_Pegg.png","P_M_Sajid_Javid.png","FALSE","pictures/stimuli/E","pictures/stimuli/P","M","M","6","5a5aa4eaacc75b00017a52b8","06/30/2022, 09:37:11",1.07088065071646,"28","Female","right",1,1,0,0,FALSE,"E_M_Simon_Pegg.png P_M_Sajid_Javid.png"
21844,"E_M_Michael_McIntyr.png","E_M_Russell_Howard.png","TRUE","pictures/stimuli/E","pictures/stimuli/E","M","M","5","5a5aa4eaacc75b00017a52b8","06/30/2022, 09:37:11",0.170582758521206,"28","Female","right",1,1,0,0,FALSE,"E_M_Michael_McIntyr.png E_M_Russell_Howard.png"
4257,"E_F_Dawn_Roma_French.png","P_M_david_camer.png","FALSE","pictures/stimuli/E","pictures/stimuli/P","F","M","4","5a5aa4eaacc75b00017a52b8","06/30/2022, 09:37:11",-0.729715133674051,"28","Female","right",1,1,0,0,FALSE,"E_F_Dawn_Roma_French.png P_M_david_camer.png"
5534,"E_F_Sarah_Millican.png","E_M_Jimmy_Carr.png","TRUE","pictures/stimuli/E","pictures/stimuli/E","F","M","4","5a5aa4eaacc75b00017a52b8","06/30/2022, 09:37:11",-0.729715133674051,"28","Female","right",1,1,0,0,FALSE,"E_F_Sarah_Millican.png E_M_Jimmy_Carr.png"
5185,"E_M_Ewan_McGregor.png","E_M_Jimmy_Carr.png","TRUE","pictures/stimuli/E","pictures/stimuli/E","M","M","5","5a5aa4eaacc75b00017a52b8","06/30/2022, 09:37:11",0.170582758521206,"28","Female","right",1,1,0,0,FALSE,"E_M_Ewan_McGregor.png E_M_Jimmy_Carr.png"
4095,"E_M_Jimmy_Carr.png","E_M_Peter_Kay.png","TRUE","pictures/stimuli/E","pictures/stimuli/E","M","M","5","5a5aa4eaacc75b00017a52b8","06/30/2022, 09:37:11",0.170582758521206,"28","Female","right",1,1,0,0,FALSE,"E_M_Jimmy_Carr.png E_M_Peter_Kay.png"
3857,"E_M_Ewan_McGregor.png","E_M_Simon_Pegg.png","TRUE","pictures/stimuli/E","pictures/stimuli/E","M","M","5","5a5aa4eaacc75b00017a52b8","06/30/2022, 09:37:11",0.170582758521206,"28","Female","right",1,1,0,0,FALSE,"E_M_Ewan_McGregor.png E_M_Simon_Pegg.png"
5326,"E_M_Peter_Kay.png","P_M_keir_starmer.png","FALSE","pictures/stimuli/E","pictures/stimuli/P","M","M","6","5a5aa4eaacc75b00017a52b8","06/30/2022, 09:37:11",1.07088065071646,"28","Female","right",1,1,0,0,FALSE,"E_M_Peter_Kay.png P_M_keir_starmer.png"
3591,"P_M_keir_starmer.png","P_M_nigel_farage.png","TRUE","pictures/stimuli/P","pictures/stimuli/P","M","M","3","5a5aa4eaacc75b00017a52b8","06/30/2022, 09:37:11",-1.63001302586931,"28","Female","right",1,1,0,0,FALSE,"P_M_keir_starmer.png P_M_nigel_farage.png"
4728,"P_F_Theresa_May.png","P_M_Michael_Gove.png","TRUE","pictures/stimuli/P","pictures/stimuli/P","F","M","5","5a5aa4eaacc75b00017a52b8","06/30/2022, 09:37:11",0.170582758521206,"28","Female","right",1,1,0,0,FALSE,"P_F_Theresa_May.png P_M_Michael_Gove.png"
9852,"E_M_Peter_Kay.png","P_M_nigel_farage.png","FALSE","pictures/stimuli/E","pictures/stimuli/P","M","M","5","5a5aa4eaacc75b00017a52b8","06/30/2022, 09:37:11",0.170582758521206,"28","Female","right",1,1,0,0,FALSE,"E_M_Peter_Kay.png P_M_nigel_farage.png"
5712,"E_M_Ewan_McGregor.png","P_M_nigel_farage.png","FALSE","pictures/stimuli/E","pictures/stimuli/P","M","M","4","5a5aa4eaacc75b00017a52b8","06/30/2022, 09:37:11",-0.729715133674051,"28","Female","right",1,1,0,0,FALSE,"E_M_Ewan_McGregor.png P_M_nigel_farage.png"
6426,"E_F_Jennifer_Saunders.png","P_M_nigel_farage.png","FALSE","pictures/stimuli/E","pictures/stimuli/P","F","M","4","5a5aa4eaacc75b00017a52b8","06/30/2022, 09:37:11",-0.729715133674051,"28","Female","right",1,1,0,0,FALSE,"E_F_Jennifer_Saunders.png P_M_nigel_farage.png"
3987,"E_F_Dawn_Roma_French.png","E_F_Julie_Walters.png","TRUE","pictures/stimuli/E","pictures/stimuli/E","F","F","5","5a5aa4eaacc75b00017a52b8","06/30/2022, 09:37:11",0.170582758521206,"28","Female","right",1,1,0,0,FALSE,"E_F_Dawn_Roma_French.png E_F_Julie_Walters.png"
8170,"P_M_jeremy_corbyn.png","P_M_Michael_Gove.png","TRUE","pictures/stimuli/P","pictures/stimuli/P","M","M","4","5a5aa4eaacc75b00017a52b8","06/30/2022, 09:37:11",-0.729715133674051,"28","Female","right",1,1,0,0,FALSE,"P_M_jeremy_corbyn.png P_M_Michael_Gove.png"
21679,"E_F_Jennifer_Saunders.png","P_F_nicola_sturge.png","FALSE","pictures/stimuli/E","pictures/stimuli/P","F","F","3","5a5aa4eaacc75b00017a52b8","06/30/2022, 09:37:11",-1.63001302586931,"28","Female","right",1,1,0,0,FALSE,"E_F_Jennifer_Saunders.png P_F_nicola_sturge.png"
3212,"E_F_Dawn_Roma_French.png","E_F_Jennifer_Saunders.png","TRUE","pictures/stimuli/E","pictures/stimuli/E","F","F","6","5a5aa4eaacc75b00017a52b8","06/30/2022, 09:37:11",1.07088065071646,"28","Female","right",1,1,0,0,FALSE,"E_F_Dawn_Roma_French.png E_F_Jennifer_Saunders.png"
5066,"E_M_Jimmy_Carr.png","P_M_keir_starmer.png","FALSE","pictures/stimuli/E","pictures/stimuli/P","M","M","5","5a5aa4eaacc75b00017a52b8","06/30/2022, 09:37:11",0.170582758521206,"28","Female","right",1,1,0,0,FALSE,"E_M_Jimmy_Carr.png P_M_keir_starmer.png"
5583,"E_F_Julie_Walters.png","E_M_Peter_Kay.png","TRUE","pictures/stimuli/E","pictures/stimuli/E","F","M","5","5a5aa4eaacc75b00017a52b8","06/30/2022, 09:37:11",0.170582758521206,"28","Female","right",1,1,0,0,FALSE,"E_F_Julie_Walters.png E_M_Peter_Kay.png"
7225,"E_F_Jennifer_Saunders.png","E_F_Julie_Walters.png","TRUE","pictures/stimuli/E","pictures/stimuli/E","F","F","3","5a5aa4eaacc75b00017a52b8","06/30/2022, 09:37:11",-1.63001302586931,"28","Female","right",1,1,0,0,FALSE,"E_F_Jennifer_Saunders.png E_F_Julie_Walters.png"
8439,"E_F_Jennifer_Saunders.png","P_M_Michael_Gove.png","FALSE","pictures/stimuli/E","pictures/stimuli/P","F","M","4","5a5aa4eaacc75b00017a52b8","06/30/2022, 09:37:11",-0.729715133674051,"28","Female","right",1,1,0,0,FALSE,"E_F_Jennifer_Saunders.png P_M_Michael_Gove.png"
7552,"E_F_Jennifer_Saunders.png","E_M_Simon_Pegg.png","TRUE","pictures/stimuli/E","pictures/stimuli/E","F","M","5","5a5aa4eaacc75b00017a52b8","06/30/2022, 09:37:11",0.170582758521206,"28","Female","right",1,1,0,0,FALSE,"E_F_Jennifer_Saunders.png E_M_Simon_Pegg.png"
3522,"E_F_Jennifer_Saunders.png","E_M_Jimmy_Carr.png","TRUE","pictures/stimuli/E","pictures/stimuli/E","F","M","5","5a5aa4eaacc75b00017a52b8","06/30/2022, 09:37:11",0.170582758521206,"28","Female","right",1,1,0,0,FALSE,"E_F_Jennifer_Saunders.png E_M_Jimmy_Carr.png"
2641,"E_M_Jimmy_Carr.png","P_M_Sajid_Javid.png","FALSE","pictures/stimuli/E","pictures/stimuli/P","M","M","6","5a5aa4eaacc75b00017a52b8","06/30/2022, 09:37:11",1.07088065071646,"28","Female","right",1,1,0,0,FALSE,"E_M_Jimmy_Carr.png P_M_Sajid_Javid.png"
9357,"E_M_Ewan_McGregor.png","P_M_Tony_Blair.png","FALSE","pictures/stimuli/E","pictures/stimuli/P","M","M","3","5a5aa4eaacc75b00017a52b8","06/30/2022, 09:37:11",-1.63001302586931,"28","Female","right",1,1,0,0,FALSE,"E_M_Ewan_McGregor.png P_M_Tony_Blair.png"
3902,"E_F_Dawn_Roma_French.png","P_M_nigel_farage.png","FALSE","pictures/stimuli/E","pictures/stimuli/P","F","M","5","5a5aa4eaacc75b00017a52b8","06/30/2022, 09:37:11",0.170582758521206,"28","Female","right",1,1,0,0,FALSE,"E_F_Dawn_Roma_French.png P_M_nigel_farage.png"
4428,"P_F_nicola_sturge.png","P_M_Gordon_Brown.png","TRUE","pictures/stimuli/P","pictures/stimuli/P","F","M","4","5a5aa4eaacc75b00017a52b8","06/30/2022, 09:37:11",-0.729715133674051,"28","Female","right",1,1,0,0,FALSE,"P_F_nicola_sturge.png P_M_Gordon_Brown.png"
16667,"P_M_Gordon_Brown.png","P_M_Michael_Gove.png","TRUE","pictures/stimuli/P","pictures/stimuli/P","M","M","5","5a5aa4eaacc75b00017a52b8","06/30/2022, 09:37:11",0.170582758521206,"28","Female","right",1,1,0,0,FALSE,"P_M_Gordon_Brown.png P_M_Michael_Gove.png"
5579,"E_F_Dawn_Roma_French.png","P_F_Theresa_May.png","FALSE","pictures/stimuli/E","pictures/stimuli/P","F","F","5","5a5aa4eaacc75b00017a52b8","06/30/2022, 09:37:11",0.170582758521206,"28","Female","right",1,1,0,0,FALSE,"E_F_Dawn_Roma_French.png P_F_Theresa_May.png"
2764,"E_M_Russell_Howard.png","P_M_Michael_Gove.png","FALSE","pictures/stimuli/E","pictures/stimuli/P","M","M","3","5a5aa4eaacc75b00017a52b8","06/30/2022, 09:37:11",-1.63001302586931,"28","Female","right",1,1,0,0,FALSE,"E_M_Russell_Howard.png P_M_Michael_Gove.png"
4842,"E_M_Peter_Kay.png","P_M_Gordon_Brown.png","FALSE","pictures/stimuli/E","pictures/stimuli/P","M","M","3","5a5aa4eaacc75b00017a52b8","06/30/2022, 09:37:11",-1.63001302586931,"28","Female","right",1,1,0,0,FALSE,"E_M_Peter_Kay.png P_M_Gordon_Brown.png"
4745,"E_F_Dawn_Roma_French.png","P_F_nicola_sturge.png","FALSE","pictures/stimuli/E","pictures/stimuli/P","F","F","5","5a5aa4eaacc75b00017a52b8","06/30/2022, 09:37:11",0.170582758521206,"28","Female","right",1,1,0,0,FALSE,"E_F_Dawn_Roma_French.png P_F_nicola_sturge.png"
3448,"E_M_Russell_Howard.png","P_M_Gordon_Brown.png","FALSE","pictures/stimuli/E","pictures/stimuli/P","M","M","4","5a5aa4eaacc75b00017a52b8","06/30/2022, 09:37:11",-0.729715133674051,"28","Female","right",1,1,0,0,FALSE,"E_M_Russell_Howard.png P_M_Gordon_Brown.png"
2844,"P_M_nigel_farage.png","P_M_Sajid_Javid.png","TRUE","pictures/stimuli/P","pictures/stimuli/P","M","M","6","5a5aa4eaacc75b00017a52b8","06/30/2022, 09:37:11",1.07088065071646,"28","Female","right",1,1,0,0,FALSE,"P_M_nigel_farage.png P_M_Sajid_Javid.png"
5216,"E_F_Julie_Walters.png","E_M_Simon_Pegg.png","TRUE","pictures/stimuli/E","pictures/stimuli/E","F","M","4","5a5aa4eaacc75b00017a52b8","06/30/2022, 09:37:11",-0.729715133674051,"28","Female","right",1,1,0,0,FALSE,"E_F_Julie_Walters.png E_M_Simon_Pegg.png"
5502,"E_M_Russell_Howard.png","P_M_jeremy_corbyn.png","FALSE","pictures/stimuli/E","pictures/stimuli/P","M","M","3","5a5aa4eaacc75b00017a52b8","06/30/2022, 09:37:11",-1.63001302586931,"28","Female","right",1,1,0,0,FALSE,"E_M_Russell_Howard.png P_M_jeremy_corbyn.png"
4278,"E_M_Jimmy_Carr.png","P_M_Michael_Gove.png","FALSE","pictures/stimuli/E","pictures/stimuli/P","M","M","5","5a5aa4eaacc75b00017a52b8","06/30/2022, 09:37:11",0.170582758521206,"28","Female","right",1,1,0,0,FALSE,"E_M_Jimmy_Carr.png P_M_Michael_Gove.png"
4748,"E_F_Sarah_Millican.png","P_F_nicola_sturge.png","FALSE","pictures/stimuli/E","pictures/stimuli/P","F","F","3","5a5aa4eaacc75b00017a52b8","06/30/2022, 09:37:11",-1.63001302586931,"28","Female","right",1,1,0,0,FALSE,"E_F_Sarah_Millican.png P_F_nicola_sturge.png"
7148,"E_M_Peter_Kay.png","P_M_Tony_Blair.png","FALSE","pictures/stimuli/E","pictures/stimuli/P","M","M","6","5d71640e8a1bff0001d88e70","06/30/2022, 07:20:24",2.23502520708557,"35","Male","right",0,1,0,0,TRUE,"E_M_Peter_Kay.png P_M_Tony_Blair.png"
3398,"E_M_Peter_Kay.png","P_M_david_camer.png","FALSE","pictures/stimuli/E","pictures/stimuli/P","M","M","6","5d71640e8a1bff0001d88e70","06/30/2022, 07:20:24",2.23502520708557,"35","Male","right",0,1,0,0,TRUE,"E_M_Peter_Kay.png P_M_david_camer.png"
4574,"E_M_Simon_Pegg.png","P_M_jeremy_corbyn.png","FALSE","pictures/stimuli/E","pictures/stimuli/P","M","M","6","5d71640e8a1bff0001d88e70","06/30/2022, 07:20:24",2.23502520708557,"35","Male","right",0,1,0,0,TRUE,"E_M_Simon_Pegg.png P_M_jeremy_corbyn.png"
23486,"E_F_Dawn_Roma_French.png","E_F_Jennifer_Saunders.png","TRUE","pictures/stimuli/E","pictures/stimuli/E","F","F","4","5d71640e8a1bff0001d88e70","06/30/2022, 07:20:24",0.127557269883296,"35","Male","right",0,0,0,0,TRUE,"E_F_Dawn_Roma_French.png E_F_Jennifer_Saunders.png"
4479,"E_M_Michael_McIntyr.png","E_M_Peter_Kay.png","TRUE","pictures/stimuli/E","pictures/stimuli/E","M","M","3","5d71640e8a1bff0001d88e70","06/30/2022, 07:20:24",-0.926176698717842,"35","Male","right",0,0,0,0,TRUE,"E_M_Michael_McIntyr.png E_M_Peter_Kay.png"
5972,"P_M_jeremy_corbyn.png","P_M_nigel_farage.png","TRUE","pictures/stimuli/P","pictures/stimuli/P","M","M","2","5d71640e8a1bff0001d88e70","06/30/2022, 07:20:24",-1.97991066731898,"35","Male","right",1,1,0,0,TRUE,"P_M_jeremy_corbyn.png P_M_nigel_farage.png"
1783,"E_M_Ewan_McGregor.png","E_M_Jimmy_Carr.png","TRUE","pictures/stimuli/E","pictures/stimuli/E","M","M","4","5d71640e8a1bff0001d88e70","06/30/2022, 07:20:24",0.127557269883296,"35","Male","right",0,1,0,0,TRUE,"E_M_Ewan_McGregor.png E_M_Jimmy_Carr.png"
1639,"E_M_Jimmy_Carr.png","E_M_Simon_Pegg.png","TRUE","pictures/stimuli/E","pictures/stimuli/E","M","M","3","5d71640e8a1bff0001d88e70","06/30/2022, 07:20:24",-0.926176698717842,"35","Male","right",1,0,0,0,TRUE,"E_M_Jimmy_Carr.png E_M_Simon_Pegg.png"
2877,"P_M_nigel_farage.png","P_M_Sajid_Javid.png","TRUE","pictures/stimuli/P","pictures/stimuli/P","M","M","5","5d71640e8a1bff0001d88e70","06/30/2022, 07:20:24",1.18129123848443,"35","Male","right",1,0,0,0,TRUE,"P_M_nigel_farage.png P_M_Sajid_Javid.png"
2046,"E_M_Jimmy_Carr.png","P_M_Tony_Blair.png","FALSE","pictures/stimuli/E","pictures/stimuli/P","M","M","3","5d71640e8a1bff0001d88e70","06/30/2022, 07:20:24",-0.926176698717842,"35","Male","right",1,1,0,0,TRUE,"E_M_Jimmy_Carr.png P_M_Tony_Blair.png"
1607,"E_M_Michael_McIntyr.png","P_M_david_camer.png","FALSE","pictures/stimuli/E","pictures/stimuli/P","M","M","4","5d71640e8a1bff0001d88e70","06/30/2022, 07:20:24",0.127557269883296,"35","Male","right",0,1,0,0,TRUE,"E_M_Michael_McIntyr.png P_M_david_camer.png"
1359,"E_F_Sarah_Millican.png","P_M_Tony_Blair.png","FALSE","pictures/stimuli/E","pictures/stimuli/P","F","M","5","5d71640e8a1bff0001d88e70","06/30/2022, 07:20:24",1.18129123848443,"35","Male","right",0,1,0,0,TRUE,"E_F_Sarah_Millican.png P_M_Tony_Blair.png"
1302,"E_F_Sarah_Millican.png","E_M_Peter_Kay.png","TRUE","pictures/stimuli/E","pictures/stimuli/E","F","M","3","5d71640e8a1bff0001d88e70","06/30/2022, 07:20:24",-0.926176698717842,"35","Male","right",0,0,0,0,TRUE,"E_F_Sarah_Millican.png E_M_Peter_Kay.png"
1239,"E_F_Julie_Walters.png","P_M_Michael_Gove.png","FALSE","pictures/stimuli/E","pictures/stimuli/P","F","M","5","5d71640e8a1bff0001d88e70","06/30/2022, 07:20:24",1.18129123848443,"35","Male","right",0,0,0,0,TRUE,"E_F_Julie_Walters.png P_M_Michael_Gove.png"
1031,"E_F_Sarah_Millican.png","E_M_Jimmy_Carr.png","TRUE","pictures/stimuli/E","pictures/stimuli/E","F","M","4","5d71640e8a1bff0001d88e70","06/30/2022, 07:20:24",0.127557269883296,"35","Male","right",0,1,0,0,TRUE,"E_F_Sarah_Millican.png E_M_Jimmy_Carr.png"
1695,"E_F_Jennifer_Saunders.png","P_M_jeremy_corbyn.png","FALSE","pictures/stimuli/E","pictures/stimuli/P","F","M","3","5d71640e8a1bff0001d88e70","06/30/2022, 07:20:24",-0.926176698717842,"35","Male","right",0,1,0,0,TRUE,"E_F_Jennifer_Saunders.png P_M_jeremy_corbyn.png"
1535,"P_F_nicola_sturge.png","P_F_Theresa_May.png","TRUE","pictures/stimuli/P","pictures/stimuli/P","F","F","5","5d71640e8a1bff0001d88e70","06/30/2022, 07:20:24",1.18129123848443,"35","Male","right",0,1,0,0,TRUE,"P_F_nicola_sturge.png P_F_Theresa_May.png"
1311,"E_F_Julie_Walters.png","P_M_david_camer.png","FALSE","pictures/stimuli/E","pictures/stimuli/P","F","M","4","5d71640e8a1bff0001d88e70","06/30/2022, 07:20:24",0.127557269883296,"35","Male","right",0,1,0,0,TRUE,"E_F_Julie_Walters.png P_M_david_camer.png"
1271,"E_F_Jennifer_Saunders.png","E_M_Jimmy_Carr.png","TRUE","pictures/stimuli/E","pictures/stimuli/E","F","M","3","5d71640e8a1bff0001d88e70","06/30/2022, 07:20:24",-0.926176698717842,"35","Male","right",0,1,0,0,TRUE,"E_F_Jennifer_Saunders.png E_M_Jimmy_Carr.png"
1647,"P_M_jeremy_corbyn.png","P_M_Tony_Blair.png","TRUE","pictures/stimuli/P","pictures/stimuli/P","M","M","5","5d71640e8a1bff0001d88e70","06/30/2022, 07:20:24",1.18129123848443,"35","Male","right",1,1,0,0,TRUE,"P_M_jeremy_corbyn.png P_M_Tony_Blair.png"
1159,"E_M_Ewan_McGregor.png","P_M_jeremy_corbyn.png","FALSE","pictures/stimuli/E","pictures/stimuli/P","M","M","4","5d71640e8a1bff0001d88e70","06/30/2022, 07:20:24",0.127557269883296,"35","Male","right",0,1,0,0,TRUE,"E_M_Ewan_McGregor.png P_M_jeremy_corbyn.png"
1173,"E_F_Sarah_Millican.png","E_M_Simon_Pegg.png","TRUE","pictures/stimuli/E","pictures/stimuli/E","F","M","3","5d71640e8a1bff0001d88e70","06/30/2022, 07:20:24",-0.926176698717842,"35","Male","right",0,0,0,0,TRUE,"E_F_Sarah_Millican.png E_M_Simon_Pegg.png"
1295,"E_F_Sarah_Millican.png","P_M_jeremy_corbyn.png","FALSE","pictures/stimuli/E","pictures/stimuli/P","F","M","3","5d71640e8a1bff0001d88e70","06/30/2022, 07:20:24",-0.926176698717842,"35","Male","right",0,1,0,0,TRUE,"E_F_Sarah_Millican.png P_M_jeremy_corbyn.png"
1055,"E_M_Michael_McIntyr.png","P_M_nigel_farage.png","FALSE","pictures/stimuli/E","pictures/stimuli/P","M","M","4","5d71640e8a1bff0001d88e70","06/30/2022, 07:20:24",0.127557269883296,"35","Male","right",0,1,0,0,TRUE,"E_M_Michael_McIntyr.png P_M_nigel_farage.png"
1085,"E_M_Peter_Kay.png","P_M_jeremy_corbyn.png","FALSE","pictures/stimuli/E","pictures/stimuli/P","M","M","3","5d71640e8a1bff0001d88e70","06/30/2022, 07:20:24",-0.926176698717842,"35","Male","right",0,1,0,0,TRUE,"E_M_Peter_Kay.png P_M_jeremy_corbyn.png"
1398,"E_F_Sarah_Millican.png","P_F_Theresa_May.png","FALSE","pictures/stimuli/E","pictures/stimuli/P","F","F","5","5d71640e8a1bff0001d88e70","06/30/2022, 07:20:24",1.18129123848443,"35","Male","right",0,1,0,0,TRUE,"E_F_Sarah_Millican.png P_F_Theresa_May.png"
983,"P_M_keir_starmer.png","P_M_Tony_Blair.png","TRUE","pictures/stimuli/P","pictures/stimuli/P","M","M","4","5d71640e8a1bff0001d88e70","06/30/2022, 07:20:24",0.127557269883296,"35","Male","right",0,1,0,0,TRUE,"P_M_keir_starmer.png P_M_Tony_Blair.png"
1184,"P_F_Theresa_May.png","P_M_nigel_farage.png","TRUE","pictures/stimuli/P","pictures/stimuli/P","F","M","3","5d71640e8a1bff0001d88e70","06/30/2022, 07:20:24",-0.926176698717842,"35","Male","right",1,1,0,0,TRUE,"P_F_Theresa_May.png P_M_nigel_farage.png"
974,"E_F_Julie_Walters.png","P_M_Gordon_Brown.png","FALSE","pictures/stimuli/E","pictures/stimuli/P","F","M","5","5d71640e8a1bff0001d88e70","06/30/2022, 07:20:24",1.18129123848443,"35","Male","right",0,1,0,0,TRUE,"E_F_Julie_Walters.png P_M_Gordon_Brown.png"
1454,"E_M_Ewan_McGregor.png","E_M_Peter_Kay.png","TRUE","pictures/stimuli/E","pictures/stimuli/E","M","M","4","5d71640e8a1bff0001d88e70","06/30/2022, 07:20:24",0.127557269883296,"35","Male","right",0,0,0,0,TRUE,"E_M_Ewan_McGregor.png E_M_Peter_Kay.png"
1350,"E_M_Michael_McIntyr.png","P_M_jeremy_corbyn.png","FALSE","pictures/stimuli/E","pictures/stimuli/P","M","M","3","5d71640e8a1bff0001d88e70","06/30/2022, 07:20:24",-0.926176698717842,"35","Male","right",0,1,0,0,TRUE,"E_M_Michael_McIntyr.png P_M_jeremy_corbyn.png"
1126,"E_F_Jennifer_Saunders.png","E_M_Michael_McIntyr.png","TRUE","pictures/stimuli/E","pictures/stimuli/E","F","M","4","5d71640e8a1bff0001d88e70","06/30/2022, 07:20:24",0.127557269883296,"35","Male","right",0,0,0,0,TRUE,"E_F_Jennifer_Saunders.png E_M_Michael_McIntyr.png"
1230,"E_F_Dawn_Roma_French.png","E_M_Simon_Pegg.png","TRUE","pictures/stimuli/E","pictures/stimuli/E","F","M","3","5d71640e8a1bff0001d88e70","06/30/2022, 07:20:24",-0.926176698717842,"35","Male","right",0,0,0,0,TRUE,"E_F_Dawn_Roma_French.png E_M_Simon_Pegg.png"
1351,"E_F_Jennifer_Saunders.png","P_F_nicola_sturge.png","FALSE","pictures/stimuli/E","pictures/stimuli/P","F","F","5","5d71640e8a1bff0001d88e70","06/30/2022, 07:20:24",1.18129123848443,"35","Male","right",0,0,0,0,TRUE,"E_F_Jennifer_Saunders.png P_F_nicola_sturge.png"
1295,"E_M_Peter_Kay.png","E_M_Simon_Pegg.png","TRUE","pictures/stimuli/E","pictures/stimuli/E","M","M","3","5d71640e8a1bff0001d88e70","06/30/2022, 07:20:24",-0.926176698717842,"35","Male","right",0,0,0,0,TRUE,"E_M_Peter_Kay.png E_M_Simon_Pegg.png"
1111,"P_F_nicola_sturge.png","P_M_nigel_farage.png","TRUE","pictures/stimuli/P","pictures/stimuli/P","F","M","4","5d71640e8a1bff0001d88e70","06/30/2022, 07:20:24",0.127557269883296,"35","Male","right",0,1,0,0,TRUE,"P_F_nicola_sturge.png P_M_nigel_farage.png"
1103,"E_F_Jennifer_Saunders.png","E_F_Sarah_Millican.png","TRUE","pictures/stimuli/E","pictures/stimuli/E","F","F","2","5d71640e8a1bff0001d88e70","06/30/2022, 07:20:24",-1.97991066731898,"35","Male","right",0,0,0,0,TRUE,"E_F_Jennifer_Saunders.png E_F_Sarah_Millican.png"
1158,"P_M_Gordon_Brown.png","P_M_Sajid_Javid.png","TRUE","pictures/stimuli/P","pictures/stimuli/P","M","M","5","5d71640e8a1bff0001d88e70","06/30/2022, 07:20:24",1.18129123848443,"35","Male","right",1,0,0,0,TRUE,"P_M_Gordon_Brown.png P_M_Sajid_Javid.png"
911,"E_M_Peter_Kay.png","P_M_Michael_Gove.png","FALSE","pictures/stimuli/E","pictures/stimuli/P","M","M","4","5d71640e8a1bff0001d88e70","06/30/2022, 07:20:24",0.127557269883296,"35","Male","right",0,0,0,0,TRUE,"E_M_Peter_Kay.png P_M_Michael_Gove.png"
959,"E_M_Jimmy_Carr.png","P_M_jeremy_corbyn.png","FALSE","pictures/stimuli/E","pictures/stimuli/P","M","M","3","5d71640e8a1bff0001d88e70","06/30/2022, 07:20:24",-0.926176698717842,"35","Male","right",1,1,0,0,TRUE,"E_M_Jimmy_Carr.png P_M_jeremy_corbyn.png"
8580,"E_M_Ewan_McGregor.png","P_F_Theresa_May.png","FALSE","pictures/stimuli/E","pictures/stimuli/P","M","F","5","5d71640e8a1bff0001d88e70","06/30/2022, 07:20:24",1.18129123848443,"35","Male","right",0,1,0,0,TRUE,"E_M_Ewan_McGregor.png P_F_Theresa_May.png"
1238,"E_M_Jimmy_Carr.png","P_M_david_camer.png","FALSE","pictures/stimuli/E","pictures/stimuli/P","M","M","3","5d71640e8a1bff0001d88e70","06/30/2022, 07:20:24",-0.926176698717842,"35","Male","right",1,1,0,0,TRUE,"E_M_Jimmy_Carr.png P_M_david_camer.png"
1087,"P_M_Sajid_Javid.png","P_M_Tony_Blair.png","TRUE","pictures/stimuli/P","pictures/stimuli/P","M","M","4","5d71640e8a1bff0001d88e70","06/30/2022, 07:20:24",0.127557269883296,"35","Male","right",0,1,0,0,TRUE,"P_M_Sajid_Javid.png P_M_Tony_Blair.png"
1495,"E_F_Dawn_Roma_French.png","E_M_Peter_Kay.png","TRUE","pictures/stimuli/E","pictures/stimuli/E","F","M","5","5d71640e8a1bff0001d88e70","06/30/2022, 07:20:24",1.18129123848443,"35","Male","right",0,0,0,0,TRUE,"E_F_Dawn_Roma_French.png E_M_Peter_Kay.png"
879,"E_M_Ewan_McGregor.png","P_M_Sajid_Javid.png","FALSE","pictures/stimuli/E","pictures/stimuli/P","M","M","3","5d71640e8a1bff0001d88e70","06/30/2022, 07:20:24",-0.926176698717842,"35","Male","right",0,0,0,0,TRUE,"E_M_Ewan_McGregor.png P_M_Sajid_Javid.png"
1070,"P_M_david_camer.png","P_M_nigel_farage.png","TRUE","pictures/stimuli/P","pictures/stimuli/P","M","M","5","5d71640e8a1bff0001d88e70","06/30/2022, 07:20:24",1.18129123848443,"35","Male","right",1,1,0,0,TRUE,"P_M_david_camer.png P_M_nigel_farage.png"
991,"E_M_Simon_Pegg.png","P_M_Gordon_Brown.png","FALSE","pictures/stimuli/E","pictures/stimuli/P","M","M","4","5d71640e8a1bff0001d88e70","06/30/2022, 07:20:24",0.127557269883296,"35","Male","right",0,1,0,0,TRUE,"E_M_Simon_Pegg.png P_M_Gordon_Brown.png"
1158,"E_M_Peter_Kay.png","E_M_Russell_Howard.png","TRUE","pictures/stimuli/E","pictures/stimuli/E","M","M","3","5d71640e8a1bff0001d88e70","06/30/2022, 07:20:24",-0.926176698717842,"35","Male","right",0,0,0,0,TRUE,"E_M_Peter_Kay.png E_M_Russell_Howard.png"
1047,"E_F_Jennifer_Saunders.png","E_M_Russell_Howard.png","TRUE","pictures/stimuli/E","pictures/stimuli/E","F","M","4","5d71640e8a1bff0001d88e70","06/30/2022, 07:20:24",0.127557269883296,"35","Male","right",0,0,0,0,TRUE,"E_F_Jennifer_Saunders.png E_M_Russell_Howard.png"
1031,"E_F_Julie_Walters.png","E_M_Simon_Pegg.png","TRUE","pictures/stimuli/E","pictures/stimuli/E","F","M","5","5d71640e8a1bff0001d88e70","06/30/2022, 07:20:24",1.18129123848443,"35","Male","right",0,0,0,0,TRUE,"E_F_Julie_Walters.png E_M_Simon_Pegg.png"
1118,"E_F_Jennifer_Saunders.png","P_M_david_camer.png","FALSE","pictures/stimuli/E","pictures/stimuli/P","F","M","3","5d71640e8a1bff0001d88e70","06/30/2022, 07:20:24",-0.926176698717842,"35","Male","right",0,1,0,0,TRUE,"E_F_Jennifer_Saunders.png P_M_david_camer.png"
1151,"P_M_Michael_Gove.png","P_M_nigel_farage.png","TRUE","pictures/stimuli/P","pictures/stimuli/P","M","M","4","5d71640e8a1bff0001d88e70","06/30/2022, 07:20:24",0.127557269883296,"35","Male","right",0,1,0,0,TRUE,"P_M_Michael_Gove.png P_M_nigel_farage.png"
1999,"P_M_Gordon_Brown.png","P_M_Tony_Blair.png","TRUE","pictures/stimuli/P","pictures/stimuli/P","M","M","5","5d71640e8a1bff0001d88e70","06/30/2022, 07:20:24",1.18129123848443,"35","Male","right",1,1,0,0,TRUE,"P_M_Gordon_Brown.png P_M_Tony_Blair.png"
951,"E_F_Jennifer_Saunders.png","E_M_Simon_Pegg.png","TRUE","pictures/stimuli/E","pictures/stimuli/E","F","M","3","5d71640e8a1bff0001d88e70","06/30/2022, 07:20:24",-0.926176698717842,"35","Male","right",0,0,0,0,TRUE,"E_F_Jennifer_Saunders.png E_M_Simon_Pegg.png"
898,"P_M_david_camer.png","P_M_jeremy_corbyn.png","TRUE","pictures/stimuli/P","pictures/stimuli/P","M","M","4","5d71640e8a1bff0001d88e70","06/30/2022, 07:20:24",0.127557269883296,"35","Male","right",1,1,0,0,TRUE,"P_M_david_camer.png P_M_jeremy_corbyn.png"
1007,"E_F_Jennifer_Saunders.png","E_F_Julie_Walters.png","TRUE","pictures/stimuli/E","pictures/stimuli/E","F","F","2","5d71640e8a1bff0001d88e70","06/30/2022, 07:20:24",-1.97991066731898,"35","Male","right",0,0,0,0,TRUE,"E_F_Jennifer_Saunders.png E_F_Julie_Walters.png"
1647,"E_M_Simon_Pegg.png","P_F_nicola_sturge.png","FALSE","pictures/stimuli/E","pictures/stimuli/P","M","F","5","5d71640e8a1bff0001d88e70","06/30/2022, 07:20:24",1.18129123848443,"35","Male","right",0,0,0,0,TRUE,"E_M_Simon_Pegg.png P_F_nicola_sturge.png"
967,"E_F_Julie_Walters.png","E_M_Peter_Kay.png","TRUE","pictures/stimuli/E","pictures/stimuli/E","F","M","4","5d71640e8a1bff0001d88e70","06/30/2022, 07:20:24",0.127557269883296,"35","Male","right",0,0,0,0,TRUE,"E_F_Julie_Walters.png E_M_Peter_Kay.png"
935,"E_F_Sarah_Millican.png","E_M_Russell_Howard.png","TRUE","pictures/stimuli/E","pictures/stimuli/E","F","M","4","5d71640e8a1bff0001d88e70","06/30/2022, 07:20:24",0.127557269883296,"35","Male","right",0,0,0,0,TRUE,"E_F_Sarah_Millican.png E_M_Russell_Howard.png"
950,"E_F_Sarah_Millican.png","P_F_nicola_sturge.png","FALSE","pictures/stimuli/E","pictures/stimuli/P","F","F","3","5d71640e8a1bff0001d88e70","06/30/2022, 07:20:24",-0.926176698717842,"35","Male","right",0,0,0,0,TRUE,"E_F_Sarah_Millican.png P_F_nicola_sturge.png"
1239,"E_M_Simon_Pegg.png","P_M_Sajid_Javid.png","FALSE","pictures/stimuli/E","pictures/stimuli/P","M","M","5","5d71640e8a1bff0001d88e70","06/30/2022, 07:20:24",1.18129123848443,"35","Male","right",0,0,0,0,TRUE,"E_M_Simon_Pegg.png P_M_Sajid_Javid.png"
1119,"E_M_Peter_Kay.png","P_M_keir_starmer.png","FALSE","pictures/stimuli/E","pictures/stimuli/P","M","M","3","5d71640e8a1bff0001d88e70","06/30/2022, 07:20:24",-0.926176698717842,"35","Male","right",0,0,0,0,TRUE,"E_M_Peter_Kay.png P_M_keir_starmer.png"
1070,"E_F_Dawn_Roma_French.png","P_M_david_camer.png","FALSE","pictures/stimuli/E","pictures/stimuli/P","F","M","4","5d71640e8a1bff0001d88e70","06/30/2022, 07:20:24",0.127557269883296,"35","Male","right",0,1,0,0,TRUE,"E_F_Dawn_Roma_French.png P_M_david_camer.png"
991,"E_M_Simon_Pegg.png","P_M_david_camer.png","FALSE","pictures/stimuli/E","pictures/stimuli/P","M","M","5","5d71640e8a1bff0001d88e70","06/30/2022, 07:20:24",1.18129123848443,"35","Male","right",0,1,0,0,TRUE,"E_M_Simon_Pegg.png P_M_david_camer.png"
967,"E_F_Jennifer_Saunders.png","P_M_Michael_Gove.png","FALSE","pictures/stimuli/E","pictures/stimuli/P","F","M","3","5d71640e8a1bff0001d88e70","06/30/2022, 07:20:24",-0.926176698717842,"35","Male","right",0,0,0,0,TRUE,"E_F_Jennifer_Saunders.png P_M_Michael_Gove.png"
1431,"E_F_Dawn_Roma_French.png","E_M_Ewan_McGregor.png","TRUE","pictures/stimuli/E","pictures/stimuli/E","F","M","4","5d71640e8a1bff0001d88e70","06/30/2022, 07:20:24",0.127557269883296,"35","Male","right",0,0,0,0,TRUE,"E_F_Dawn_Roma_French.png E_M_Ewan_McGregor.png"
1192,"E_M_Simon_Pegg.png","P_F_Theresa_May.png","FALSE","pictures/stimuli/E","pictures/stimuli/P","M","F","3","5d71640e8a1bff0001d88e70","06/30/2022, 07:20:24",-0.926176698717842,"35","Male","right",0,1,0,0,TRUE,"E_M_Simon_Pegg.png P_F_Theresa_May.png"
1143,"E_M_Russell_Howard.png","E_M_Simon_Pegg.png","TRUE","pictures/stimuli/E","pictures/stimuli/E","M","M","2","5d71640e8a1bff0001d88e70","06/30/2022, 07:20:24",-1.97991066731898,"35","Male","right",0,0,0,0,TRUE,"E_M_Russell_Howard.png E_M_Simon_Pegg.png"
1182,"E_F_Sarah_Millican.png","P_M_Gordon_Brown.png","FALSE","pictures/stimuli/E","pictures/stimuli/P","F","M","5","5d71640e8a1bff0001d88e70","06/30/2022, 07:20:24",1.18129123848443,"35","Male","right",0,1,0,0,TRUE,"E_F_Sarah_Millican.png P_M_Gordon_Brown.png"
1199,"E_M_Russell_Howard.png","P_M_Gordon_Brown.png","FALSE","pictures/stimuli/E","pictures/stimuli/P","M","M","4","5d71640e8a1bff0001d88e70","06/30/2022, 07:20:24",0.127557269883296,"35","Male","right",0,1,0,0,TRUE,"E_M_Russell_Howard.png P_M_Gordon_Brown.png"
1126,"E_F_Jennifer_Saunders.png","P_M_Gordon_Brown.png","FALSE","pictures/stimuli/E","pictures/stimuli/P","F","M","3","5d71640e8a1bff0001d88e70","06/30/2022, 07:20:24",-0.926176698717842,"35","Male","right",0,1,0,0,TRUE,"E_F_Jennifer_Saunders.png P_M_Gordon_Brown.png"
1311,"E_F_Julie_Walters.png","E_F_Sarah_Millican.png","TRUE","pictures/stimuli/E","pictures/stimuli/E","F","F","5","5d71640e8a1bff0001d88e70","06/30/2022, 07:20:24",1.18129123848443,"35","Male","right",0,0,0,0,TRUE,"E_F_Julie_Walters.png E_F_Sarah_Millican.png"
960,"P_M_david_camer.png","P_M_keir_starmer.png","TRUE","pictures/stimuli/P","pictures/stimuli/P","M","M","4","5d71640e8a1bff0001d88e70","06/30/2022, 07:20:24",0.127557269883296,"35","Male","right",1,0,0,0,TRUE,"P_M_david_camer.png P_M_keir_starmer.png"
1007,"P_M_Michael_Gove.png","P_M_Sajid_Javid.png","TRUE","pictures/stimuli/P","pictures/stimuli/P","M","M","3","5d71640e8a1bff0001d88e70","06/30/2022, 07:20:24",-0.926176698717842,"35","Male","right",0,0,0,0,TRUE,"P_M_Michael_Gove.png P_M_Sajid_Javid.png"
1214,"E_F_Sarah_Millican.png","P_M_Sajid_Javid.png","FALSE","pictures/stimuli/E","pictures/stimuli/P","F","M","5","5d71640e8a1bff0001d88e70","06/30/2022, 07:20:24",1.18129123848443,"35","Male","right",0,0,0,0,TRUE,"E_F_Sarah_Millican.png P_M_Sajid_Javid.png"
974,"E_F_Dawn_Roma_French.png","P_M_Tony_Blair.png","FALSE","pictures/stimuli/E","pictures/stimuli/P","F","M","4","5d71640e8a1bff0001d88e70","06/30/2022, 07:20:24",0.127557269883296,"35","Male","right",0,1,0,0,TRUE,"E_F_Dawn_Roma_French.png P_M_Tony_Blair.png"
1000,"E_F_Jennifer_Saunders.png","P_M_nigel_farage.png","FALSE","pictures/stimuli/E","pictures/stimuli/P","F","M","3","5d71640e8a1bff0001d88e70","06/30/2022, 07:20:24",-0.926176698717842,"35","Male","right",0,1,0,0,TRUE,"E_F_Jennifer_Saunders.png P_M_nigel_farage.png"
1037,"E_M_Peter_Kay.png","P_M_Sajid_Javid.png","FALSE","pictures/stimuli/E","pictures/stimuli/P","M","M","5","5d71640e8a1bff0001d88e70","06/30/2022, 07:20:24",1.18129123848443,"35","Male","right",0,0,0,0,TRUE,"E_M_Peter_Kay.png P_M_Sajid_Javid.png"
936,"E_F_Jennifer_Saunders.png","E_M_Ewan_McGregor.png","TRUE","pictures/stimuli/E","pictures/stimuli/E","F","M","4","5d71640e8a1bff0001d88e70","06/30/2022, 07:20:24",0.127557269883296,"35","Male","right",0,0,0,0,TRUE,"E_F_Jennifer_Saunders.png E_M_Ewan_McGregor.png"
1070,"P_M_Michael_Gove.png","P_M_Tony_Blair.png","TRUE","pictures/stimuli/P","pictures/stimuli/P","M","M","3","5d71640e8a1bff0001d88e70","06/30/2022, 07:20:24",-0.926176698717842,"35","Male","right",0,1,0,0,TRUE,"P_M_Michael_Gove.png P_M_Tony_Blair.png"
1951,"E_M_Ewan_McGregor.png","P_M_Gordon_Brown.png","FALSE","pictures/stimuli/E","pictures/stimuli/P","M","M","4","5d71640e8a1bff0001d88e70","06/30/2022, 07:20:24",0.127557269883296,"35","Male","right",0,1,0,0,TRUE,"E_M_Ewan_McGregor.png P_M_Gordon_Brown.png"
1215,"E_F_Jennifer_Saunders.png","E_M_Peter_Kay.png","TRUE","pictures/stimuli/E","pictures/stimuli/E","F","M","5","5d71640e8a1bff0001d88e70","06/30/2022, 07:20:24",1.18129123848443,"35","Male","right",0,0,0,0,TRUE,"E_F_Jennifer_Saunders.png E_M_Peter_Kay.png"
999,"P_F_Theresa_May.png","P_M_Michael_Gove.png","TRUE","pictures/stimuli/P","pictures/stimuli/P","F","M","3","5d71640e8a1bff0001d88e70","06/30/2022, 07:20:24",-0.926176698717842,"35","Male","right",1,0,0,0,TRUE,"P_F_Theresa_May.png P_M_Michael_Gove.png"
1766,"E_M_Russell_Howard.png","P_F_Theresa_May.png","FALSE","pictures/stimuli/E","pictures/stimuli/P","M","F","5","5d71640e8a1bff0001d88e70","06/30/2022, 07:20:24",1.18129123848443,"35","Male","right",0,1,0,0,TRUE,"E_M_Russell_Howard.png P_F_Theresa_May.png"
958,"E_M_Simon_Pegg.png","P_M_keir_starmer.png","FALSE","pictures/stimuli/E","pictures/stimuli/P","M","M","4","5d71640e8a1bff0001d88e70","06/30/2022, 07:20:24",0.127557269883296,"35","Male","right",0,0,0,0,TRUE,"E_M_Simon_Pegg.png P_M_keir_starmer.png"
1095,"E_M_Michael_McIntyr.png","P_M_Sajid_Javid.png","FALSE","pictures/stimuli/E","pictures/stimuli/P","M","M","3","5d71640e8a1bff0001d88e70","06/30/2022, 07:20:24",-0.926176698717842,"35","Male","right",0,0,0,0,TRUE,"E_M_Michael_McIntyr.png P_M_Sajid_Javid.png"
893,"E_F_Dawn_Roma_French.png","P_F_nicola_sturge.png","FALSE","pictures/stimuli/E","pictures/stimuli/P","F","F","4","5d71640e8a1bff0001d88e70","06/30/2022, 07:20:24",0.127557269883296,"35","Male","right",0,0,0,0,TRUE,"E_F_Dawn_Roma_French.png P_F_nicola_sturge.png"
1039,"P_F_Theresa_May.png","P_M_jeremy_corbyn.png","TRUE","pictures/stimuli/P","pictures/stimuli/P","F","M","3","5d71640e8a1bff0001d88e70","06/30/2022, 07:20:24",-0.926176698717842,"35","Male","right",1,1,0,0,TRUE,"P_F_Theresa_May.png P_M_jeremy_corbyn.png"
1167,"E_F_Sarah_Millican.png","P_M_nigel_farage.png","FALSE","pictures/stimuli/E","pictures/stimuli/P","F","M","5","5d71640e8a1bff0001d88e70","06/30/2022, 07:20:24",1.18129123848443,"35","Male","right",0,1,0,0,TRUE,"E_F_Sarah_Millican.png P_M_nigel_farage.png"
1135,"P_M_david_camer.png","P_M_Sajid_Javid.png","TRUE","pictures/stimuli/P","pictures/stimuli/P","M","M","4","5d71640e8a1bff0001d88e70","06/30/2022, 07:20:24",0.127557269883296,"35","Male","right",1,0,0,0,TRUE,"P_M_david_camer.png P_M_Sajid_Javid.png"
943,"E_M_Peter_Kay.png","P_F_nicola_sturge.png","FALSE","pictures/stimuli/E","pictures/stimuli/P","M","F","3","5d71640e8a1bff0001d88e70","06/30/2022, 07:20:24",-0.926176698717842,"35","Male","right",0,0,0,0,TRUE,"E_M_Peter_Kay.png P_F_nicola_sturge.png"
1334,"E_F_Jennifer_Saunders.png","P_M_Sajid_Javid.png","FALSE","pictures/stimuli/E","pictures/stimuli/P","F","M","4","5d71640e8a1bff0001d88e70","06/30/2022, 07:20:24",0.127557269883296,"35","Male","right",0,0,0,0,TRUE,"E_F_Jennifer_Saunders.png P_M_Sajid_Javid.png"
1078,"E_F_Julie_Walters.png","E_M_Ewan_McGregor.png","TRUE","pictures/stimuli/E","pictures/stimuli/E","F","M","5","5d71640e8a1bff0001d88e70","06/30/2022, 07:20:24",1.18129123848443,"35","Male","right",0,0,0,0,TRUE,"E_F_Julie_Walters.png E_M_Ewan_McGregor.png"
1015,"P_M_nigel_farage.png","P_M_Tony_Blair.png","TRUE","pictures/stimuli/P","pictures/stimuli/P","M","M","3","5d71640e8a1bff0001d88e70","06/30/2022, 07:20:24",-0.926176698717842,"35","Male","right",1,1,0,0,TRUE,"P_M_nigel_farage.png P_M_Tony_Blair.png"
919,"E_M_Jimmy_Carr.png","P_M_nigel_farage.png","FALSE","pictures/stimuli/E","pictures/stimuli/P","M","M","4","5d71640e8a1bff0001d88e70","06/30/2022, 07:20:24",0.127557269883296,"35","Male","right",1,1,0,0,TRUE,"E_M_Jimmy_Carr.png P_M_nigel_farage.png"
1076,"E_M_Ewan_McGregor.png","P_M_nigel_farage.png","FALSE","pictures/stimuli/E","pictures/stimuli/P","M","M","5","5d71640e8a1bff0001d88e70","06/30/2022, 07:20:24",1.18129123848443,"35","Male","right",0,1,0,0,TRUE,"E_M_Ewan_McGregor.png P_M_nigel_farage.png"
974,"E_F_Julie_Walters.png","P_F_Theresa_May.png","FALSE","pictures/stimuli/E","pictures/stimuli/P","F","F","4","5d71640e8a1bff0001d88e70","06/30/2022, 07:20:24",0.127557269883296,"35","Male","right",0,1,0,0,TRUE,"E_F_Julie_Walters.png P_F_Theresa_May.png"
1143,"E_F_Julie_Walters.png","P_M_keir_starmer.png","FALSE","pictures/stimuli/E","pictures/stimuli/P","F","M","3","5d71640e8a1bff0001d88e70","06/30/2022, 07:20:24",-0.926176698717842,"35","Male","right",0,0,0,0,TRUE,"E_F_Julie_Walters.png P_M_keir_starmer.png"
966,"E_M_Michael_McIntyr.png","P_F_Theresa_May.png","FALSE","pictures/stimuli/E","pictures/stimuli/P","M","F","4","5d71640e8a1bff0001d88e70","06/30/2022, 07:20:24",0.127557269883296,"35","Male","right",0,1,0,0,TRUE,"E_M_Michael_McIntyr.png P_F_Theresa_May.png"
1055,"E_M_Russell_Howard.png","P_M_keir_starmer.png","FALSE","pictures/stimuli/E","pictures/stimuli/P","M","M","5","5d71640e8a1bff0001d88e70","06/30/2022, 07:20:24",1.18129123848443,"35","Male","right",0,0,0,0,TRUE,"E_M_Russell_Howard.png P_M_keir_starmer.png"
1919,"P_F_nicola_sturge.png","P_M_Tony_Blair.png","TRUE","pictures/stimuli/P","pictures/stimuli/P","F","M","2","5d71640e8a1bff0001d88e70","06/30/2022, 07:20:24",-1.97991066731898,"35","Male","right",0,1,0,0,TRUE,"P_F_nicola_sturge.png P_M_Tony_Blair.png"
1291,"E_F_Dawn_Roma_French.png","P_M_Michael_Gove.png","FALSE","pictures/stimuli/E","pictures/stimuli/P","F","M","4","5d71640e8a1bff0001d88e70","06/30/2022, 07:20:24",0.127557269883296,"35","Male","right",0,0,0,0,TRUE,"E_F_Dawn_Roma_French.png P_M_Michael_Gove.png"
5090,"E_F_Jennifer_Saunders.png","P_F_Theresa_May.png","FALSE","pictures/stimuli/E","pictures/stimuli/P","F","F","5","5d71640e8a1bff0001d88e70","06/30/2022, 07:20:24",1.18129123848443,"35","Male","right",0,1,0,0,TRUE,"E_F_Jennifer_Saunders.png P_F_Theresa_May.png"
935,"P_M_jeremy_corbyn.png","P_M_keir_starmer.png","TRUE","pictures/stimuli/P","pictures/stimuli/P","M","M","4","5d71640e8a1bff0001d88e70","06/30/2022, 07:20:24",0.127557269883296,"35","Male","right",1,0,0,0,TRUE,"P_M_jeremy_corbyn.png P_M_keir_starmer.png"
7495,"E_M_Michael_McIntyr.png","P_M_Gordon_Brown.png","FALSE","pictures/stimuli/E","pictures/stimuli/P","M","M","2","5d71640e8a1bff0001d88e70","06/30/2022, 07:20:24",-1.97991066731898,"35","Male","right",0,1,0,0,TRUE,"E_M_Michael_McIntyr.png P_M_Gordon_Brown.png"
999,"E_F_Jennifer_Saunders.png","P_M_keir_starmer.png","FALSE","pictures/stimuli/E","pictures/stimuli/P","F","M","4","5d71640e8a1bff0001d88e70","06/30/2022, 07:20:24",0.127557269883296,"35","Male","right",0,0,0,0,TRUE,"E_F_Jennifer_Saunders.png P_M_keir_starmer.png"
1054,"P_F_nicola_sturge.png","P_M_Michael_Gove.png","TRUE","pictures/stimuli/P","pictures/stimuli/P","F","M","5","5d71640e8a1bff0001d88e70","06/30/2022, 07:20:24",1.18129123848443,"35","Male","right",0,0,0,0,TRUE,"P_F_nicola_sturge.png P_M_Michael_Gove.png"
934,"E_M_Jimmy_Carr.png","P_M_Gordon_Brown.png","FALSE","pictures/stimuli/E","pictures/stimuli/P","M","M","3","5d71640e8a1bff0001d88e70","06/30/2022, 07:20:24",-0.926176698717842,"35","Male","right",1,1,0,0,TRUE,"E_M_Jimmy_Carr.png P_M_Gordon_Brown.png"
1135,"E_F_Sarah_Millican.png","P_M_david_camer.png","FALSE","pictures/stimuli/E","pictures/stimuli/P","F","M","5","5d71640e8a1bff0001d88e70","06/30/2022, 07:20:24",1.18129123848443,"35","Male","right",0,1,0,0,TRUE,"E_F_Sarah_Millican.png P_M_david_camer.png"
951,"E_M_Russell_Howard.png","P_M_nigel_farage.png","FALSE","pictures/stimuli/E","pictures/stimuli/P","M","M","3","5d71640e8a1bff0001d88e70","06/30/2022, 07:20:24",-0.926176698717842,"35","Male","right",0,1,0,0,TRUE,"E_M_Russell_Howard.png P_M_nigel_farage.png"
1118,"E_F_Dawn_Roma_French.png","P_M_keir_starmer.png","FALSE","pictures/stimuli/E","pictures/stimuli/P","F","M","4","5d71640e8a1bff0001d88e70","06/30/2022, 07:20:24",0.127557269883296,"35","Male","right",0,0,0,0,TRUE,"E_F_Dawn_Roma_French.png P_M_keir_starmer.png"
1079,"P_F_nicola_sturge.png","P_M_Gordon_Brown.png","TRUE","pictures/stimuli/P","pictures/stimuli/P","F","M","2","5d71640e8a1bff0001d88e70","06/30/2022, 07:20:24",-1.97991066731898,"35","Male","right",0,1,0,0,TRUE,"P_F_nicola_sturge.png P_M_Gordon_Brown.png"
1198,"E_M_Jimmy_Carr.png","P_M_Michael_Gove.png","FALSE","pictures/stimuli/E","pictures/stimuli/P","M","M","5","5d71640e8a1bff0001d88e70","06/30/2022, 07:20:24",1.18129123848443,"35","Male","right",1,0,0,0,TRUE,"E_M_Jimmy_Carr.png P_M_Michael_Gove.png"
1043,"E_M_Peter_Kay.png","P_M_Gordon_Brown.png","FALSE","pictures/stimuli/E","pictures/stimuli/P","M","M","4","5d71640e8a1bff0001d88e70","06/30/2022, 07:20:24",0.127557269883296,"35","Male","right",0,1,0,0,TRUE,"E_M_Peter_Kay.png P_M_Gordon_Brown.png"
1072,"P_M_keir_starmer.png","P_M_nigel_farage.png","TRUE","pictures/stimuli/P","pictures/stimuli/P","M","M","5","5d71640e8a1bff0001d88e70","06/30/2022, 07:20:24",1.18129123848443,"35","Male","right",0,1,0,0,TRUE,"P_M_keir_starmer.png P_M_nigel_farage.png"
911,"E_F_Dawn_Roma_French.png","E_F_Sarah_Millican.png","TRUE","pictures/stimuli/E","pictures/stimuli/E","F","F","3","5d71640e8a1bff0001d88e70","06/30/2022, 07:20:24",-0.926176698717842,"35","Male","right",0,0,0,0,TRUE,"E_F_Dawn_Roma_French.png E_F_Sarah_Millican.png"
872,"E_M_Russell_Howard.png","P_M_david_camer.png","FALSE","pictures/stimuli/E","pictures/stimuli/P","M","M","4","5d71640e8a1bff0001d88e70","06/30/2022, 07:20:24",0.127557269883296,"35","Male","right",0,1,0,0,TRUE,"E_M_Russell_Howard.png P_M_david_camer.png"
1037,"E_F_Sarah_Millican.png","E_M_Michael_McIntyr.png","TRUE","pictures/stimuli/E","pictures/stimuli/E","F","M","5","5d71640e8a1bff0001d88e70","06/30/2022, 07:20:24",1.18129123848443,"35","Male","right",0,0,0,0,TRUE,"E_F_Sarah_Millican.png E_M_Michael_McIntyr.png"
1063,"P_M_jeremy_corbyn.png","P_M_Sajid_Javid.png","TRUE","pictures/stimuli/P","pictures/stimuli/P","M","M","3","5d71640e8a1bff0001d88e70","06/30/2022, 07:20:24",-0.926176698717842,"35","Male","right",1,0,0,0,TRUE,"P_M_jeremy_corbyn.png P_M_Sajid_Javid.png"
1615,"E_M_Russell_Howard.png","P_M_Sajid_Javid.png","FALSE","pictures/stimuli/E","pictures/stimuli/P","M","M","2","5d71640e8a1bff0001d88e70","06/30/2022, 07:20:24",-1.97991066731898,"35","Male","right",0,0,0,0,TRUE,"E_M_Russell_Howard.png P_M_Sajid_Javid.png"
1047,"P_M_david_camer.png","P_M_Gordon_Brown.png","TRUE","pictures/stimuli/P","pictures/stimuli/P","M","M","5","5d71640e8a1bff0001d88e70","06/30/2022, 07:20:24",1.18129123848443,"35","Male","right",1,1,0,0,TRUE,"P_M_david_camer.png P_M_Gordon_Brown.png"
926,"E_M_Russell_Howard.png","P_F_nicola_sturge.png","FALSE","pictures/stimuli/E","pictures/stimuli/P","M","F","4","5d71640e8a1bff0001d88e70","06/30/2022, 07:20:24",0.127557269883296,"35","Male","right",0,0,0,0,TRUE,"E_M_Russell_Howard.png P_F_nicola_sturge.png"
1063,"P_M_jeremy_corbyn.png","P_M_Michael_Gove.png","TRUE","pictures/stimuli/P","pictures/stimuli/P","M","M","4","5d71640e8a1bff0001d88e70","06/30/2022, 07:20:24",0.127557269883296,"35","Male","right",1,0,0,0,TRUE,"P_M_jeremy_corbyn.png P_M_Michael_Gove.png"
1040,"E_M_Ewan_McGregor.png","P_M_david_camer.png","FALSE","pictures/stimuli/E","pictures/stimuli/P","M","M","5","5d71640e8a1bff0001d88e70","06/30/2022, 07:20:24",1.18129123848443,"35","Male","right",0,1,0,0,TRUE,"E_M_Ewan_McGregor.png P_M_david_camer.png"
982,"E_M_Ewan_McGregor.png","P_F_nicola_sturge.png","FALSE","pictures/stimuli/E","pictures/stimuli/P","M","F","3","5d71640e8a1bff0001d88e70","06/30/2022, 07:20:24",-0.926176698717842,"35","Male","right",0,0,0,0,TRUE,"E_M_Ewan_McGregor.png P_F_nicola_sturge.png"
1758,"E_F_Dawn_Roma_French.png","E_M_Michael_McIntyr.png","TRUE","pictures/stimuli/E","pictures/stimuli/E","F","M","2","5d71640e8a1bff0001d88e70","06/30/2022, 07:20:24",-1.97991066731898,"35","Male","right",0,0,0,0,TRUE,"E_F_Dawn_Roma_French.png E_M_Michael_McIntyr.png"
974,"P_M_Gordon_Brown.png","P_M_Michael_Gove.png","TRUE","pictures/stimuli/P","pictures/stimuli/P","M","M","5","5d71640e8a1bff0001d88e70","06/30/2022, 07:20:24",1.18129123848443,"35","Male","right",1,0,0,0,TRUE,"P_M_Gordon_Brown.png P_M_Michael_Gove.png"
1536,"P_M_david_camer.png","P_M_Michael_Gove.png","TRUE","pictures/stimuli/P","pictures/stimuli/P","M","M","4","5d71640e8a1bff0001d88e70","06/30/2022, 07:20:24",0.127557269883296,"35","Male","right",1,0,0,0,TRUE,"P_M_david_camer.png P_M_Michael_Gove.png"
895,"E_M_Ewan_McGregor.png","E_M_Russell_Howard.png","TRUE","pictures/stimuli/E","pictures/stimuli/E","M","M","4","5d71640e8a1bff0001d88e70","06/30/2022, 07:20:24",0.127557269883296,"35","Male","right",0,0,0,0,TRUE,"E_M_Ewan_McGregor.png E_M_Russell_Howard.png"
1285,"E_M_Michael_McIntyr.png","P_M_keir_starmer.png","FALSE","pictures/stimuli/E","pictures/stimuli/P","M","M","2","5d71640e8a1bff0001d88e70","06/30/2022, 07:20:24",-1.97991066731898,"35","Male","right",0,0,0,0,TRUE,"E_M_Michael_McIntyr.png P_M_keir_starmer.png"
943,"P_F_Theresa_May.png","P_M_Sajid_Javid.png","TRUE","pictures/stimuli/P","pictures/stimuli/P","F","M","3","5d71640e8a1bff0001d88e70","06/30/2022, 07:20:24",-0.926176698717842,"35","Male","right",1,0,0,0,TRUE,"P_F_Theresa_May.png P_M_Sajid_Javid.png"
1191,"P_M_Gordon_Brown.png","P_M_keir_starmer.png","TRUE","pictures/stimuli/P","pictures/stimuli/P","M","M","5","5d71640e8a1bff0001d88e70","06/30/2022, 07:20:24",1.18129123848443,"35","Male","right",1,0,0,0,TRUE,"P_M_Gordon_Brown.png P_M_keir_starmer.png"
1063,"E_M_Peter_Kay.png","P_M_nigel_farage.png","FALSE","pictures/stimuli/E","pictures/stimuli/P","M","M","5","5d71640e8a1bff0001d88e70","06/30/2022, 07:20:24",1.18129123848443,"35","Male","right",0,1,0,0,TRUE,"E_M_Peter_Kay.png P_M_nigel_farage.png"
1046,"P_F_nicola_sturge.png","P_M_Sajid_Javid.png","TRUE","pictures/stimuli/P","pictures/stimuli/P","F","M","4","5d71640e8a1bff0001d88e70","06/30/2022, 07:20:24",0.127557269883296,"35","Male","right",0,0,0,0,TRUE,"P_F_nicola_sturge.png P_M_Sajid_Javid.png"
1031,"P_F_Theresa_May.png","P_M_david_camer.png","TRUE","pictures/stimuli/P","pictures/stimuli/P","F","M","3","5d71640e8a1bff0001d88e70","06/30/2022, 07:20:24",-0.926176698717842,"35","Male","right",1,1,0,0,TRUE,"P_F_Theresa_May.png P_M_david_camer.png"
1079,"E_F_Julie_Walters.png","E_M_Jimmy_Carr.png","TRUE","pictures/stimuli/E","pictures/stimuli/E","F","M","3","5d71640e8a1bff0001d88e70","06/30/2022, 07:20:24",-0.926176698717842,"35","Male","right",0,1,0,0,TRUE,"E_F_Julie_Walters.png E_M_Jimmy_Carr.png"
3751,"E_M_Jimmy_Carr.png","P_M_keir_starmer.png","FALSE","pictures/stimuli/E","pictures/stimuli/P","M","M","4","5d71640e8a1bff0001d88e70","06/30/2022, 07:20:24",0.127557269883296,"35","Male","right",1,0,0,0,TRUE,"E_M_Jimmy_Carr.png P_M_keir_starmer.png"
1079,"E_F_Julie_Walters.png","P_M_Tony_Blair.png","FALSE","pictures/stimuli/E","pictures/stimuli/P","F","M","3","5d71640e8a1bff0001d88e70","06/30/2022, 07:20:24",-0.926176698717842,"35","Male","right",0,1,0,0,TRUE,"E_F_Julie_Walters.png P_M_Tony_Blair.png"
919,"E_M_Simon_Pegg.png","P_M_nigel_farage.png","FALSE","pictures/stimuli/E","pictures/stimuli/P","M","M","5","5d71640e8a1bff0001d88e70","06/30/2022, 07:20:24",1.18129123848443,"35","Male","right",0,1,0,0,TRUE,"E_M_Simon_Pegg.png P_M_nigel_farage.png"
903,"E_M_Russell_Howard.png","P_M_jeremy_corbyn.png","FALSE","pictures/stimuli/E","pictures/stimuli/P","M","M","4","5d71640e8a1bff0001d88e70","06/30/2022, 07:20:24",0.127557269883296,"35","Male","right",0,1,0,0,TRUE,"E_M_Russell_Howard.png P_M_jeremy_corbyn.png"
941,"E_F_Dawn_Roma_French.png","P_M_Sajid_Javid.png","FALSE","pictures/stimuli/E","pictures/stimuli/P","F","M","3","5d71640e8a1bff0001d88e70","06/30/2022, 07:20:24",-0.926176698717842,"35","Male","right",0,0,0,0,TRUE,"E_F_Dawn_Roma_French.png P_M_Sajid_Javid.png"
918,"E_M_Jimmy_Carr.png","E_M_Peter_Kay.png","TRUE","pictures/stimuli/E","pictures/stimuli/E","M","M","5","5d71640e8a1bff0001d88e70","06/30/2022, 07:20:24",1.18129123848443,"35","Male","right",1,0,0,0,TRUE,"E_M_Jimmy_Carr.png E_M_Peter_Kay.png"
1695,"E_M_Russell_Howard.png","P_M_Tony_Blair.png","FALSE","pictures/stimuli/E","pictures/stimuli/P","M","M","4","5d71640e8a1bff0001d88e70","06/30/2022, 07:20:24",0.127557269883296,"35","Male","right",0,1,0,0,TRUE,"E_M_Russell_Howard.png P_M_Tony_Blair.png"
878,"E_M_Ewan_McGregor.png","P_M_Michael_Gove.png","FALSE","pictures/stimuli/E","pictures/stimuli/P","M","M","3","5d71640e8a1bff0001d88e70","06/30/2022, 07:20:24",-0.926176698717842,"35","Male","right",0,0,0,0,TRUE,"E_M_Ewan_McGregor.png P_M_Michael_Gove.png"
1061,"E_F_Julie_Walters.png","P_F_nicola_sturge.png","FALSE","pictures/stimuli/E","pictures/stimuli/P","F","F","5","5d71640e8a1bff0001d88e70","06/30/2022, 07:20:24",1.18129123848443,"35","Male","right",0,0,0,0,TRUE,"E_F_Julie_Walters.png P_F_nicola_sturge.png"
943,"E_F_Dawn_Roma_French.png","P_F_Theresa_May.png","FALSE","pictures/stimuli/E","pictures/stimuli/P","F","F","4","5d71640e8a1bff0001d88e70","06/30/2022, 07:20:24",0.127557269883296,"35","Male","right",0,1,0,0,TRUE,"E_F_Dawn_Roma_French.png P_F_Theresa_May.png"
799,"P_F_Theresa_May.png","P_M_Tony_Blair.png","TRUE","pictures/stimuli/P","pictures/stimuli/P","F","M","4","5d71640e8a1bff0001d88e70","06/30/2022, 07:20:24",0.127557269883296,"35","Male","right",1,1,0,0,TRUE,"P_F_Theresa_May.png P_M_Tony_Blair.png"
950,"E_F_Jennifer_Saunders.png","P_M_Tony_Blair.png","FALSE","pictures/stimuli/E","pictures/stimuli/P","F","M","5","5d71640e8a1bff0001d88e70","06/30/2022, 07:20:24",1.18129123848443,"35","Male","right",0,1,0,0,TRUE,"E_F_Jennifer_Saunders.png P_M_Tony_Blair.png"
1135,"P_F_nicola_sturge.png","P_M_jeremy_corbyn.png","TRUE","pictures/stimuli/P","pictures/stimuli/P","F","M","5","5d71640e8a1bff0001d88e70","06/30/2022, 07:20:24",1.18129123848443,"35","Male","right",0,1,0,0,TRUE,"P_F_nicola_sturge.png P_M_jeremy_corbyn.png"
1431,"E_M_Ewan_McGregor.png","P_M_keir_starmer.png","FALSE","pictures/stimuli/E","pictures/stimuli/P","M","M","2","5d71640e8a1bff0001d88e70","06/30/2022, 07:20:24",-1.97991066731898,"35","Male","right",0,0,0,0,TRUE,"E_M_Ewan_McGregor.png P_M_keir_starmer.png"
999,"P_M_Gordon_Brown.png","P_M_nigel_farage.png","TRUE","pictures/stimuli/P","pictures/stimuli/P","M","M","3","5d71640e8a1bff0001d88e70","06/30/2022, 07:20:24",-0.926176698717842,"35","Male","right",1,1,0,0,TRUE,"P_M_Gordon_Brown.png P_M_nigel_farage.png"
919,"P_M_david_camer.png","P_M_Tony_Blair.png","TRUE","pictures/stimuli/P","pictures/stimuli/P","M","M","4","5d71640e8a1bff0001d88e70","06/30/2022, 07:20:24",0.127557269883296,"35","Male","right",1,1,0,0,TRUE,"P_M_david_camer.png P_M_Tony_Blair.png"
886,"E_F_Dawn_Roma_French.png","P_M_nigel_farage.png","FALSE","pictures/stimuli/E","pictures/stimuli/P","F","M","3","5d71640e8a1bff0001d88e70","06/30/2022, 07:20:24",-0.926176698717842,"35","Male","right",0,1,0,0,TRUE,"E_F_Dawn_Roma_French.png P_M_nigel_farage.png"
911,"E_F_Julie_Walters.png","P_M_Sajid_Javid.png","FALSE","pictures/stimuli/E","pictures/stimuli/P","F","M","5","5d71640e8a1bff0001d88e70","06/30/2022, 07:20:24",1.18129123848443,"35","Male","right",0,0,0,0,TRUE,"E_F_Julie_Walters.png P_M_Sajid_Javid.png"
864,"E_F_Sarah_Millican.png","P_M_keir_starmer.png","FALSE","pictures/stimuli/E","pictures/stimuli/P","F","M","4","5d71640e8a1bff0001d88e70","06/30/2022, 07:20:24",0.127557269883296,"35","Male","right",0,0,0,0,TRUE,"E_F_Sarah_Millican.png P_M_keir_starmer.png"
831,"P_F_Theresa_May.png","P_M_keir_starmer.png","TRUE","pictures/stimuli/P","pictures/stimuli/P","F","M","5","5d71640e8a1bff0001d88e70","06/30/2022, 07:20:24",1.18129123848443,"35","Male","right",1,0,0,0,TRUE,"P_F_Theresa_May.png P_M_keir_starmer.png"
2349,"P_F_Theresa_May.png","P_M_Gordon_Brown.png","TRUE","pictures/stimuli/P","pictures/stimuli/P","F","M","2","5d71640e8a1bff0001d88e70","06/30/2022, 07:20:24",-1.97991066731898,"35","Male","right",1,1,0,0,TRUE,"P_F_Theresa_May.png P_M_Gordon_Brown.png"
2440,"E_M_Jimmy_Carr.png","P_F_Theresa_May.png","FALSE","pictures/stimuli/E","pictures/stimuli/P","M","F","5","5d71640e8a1bff0001d88e70","06/30/2022, 07:20:24",1.18129123848443,"35","Male","right",1,1,0,0,TRUE,"E_M_Jimmy_Carr.png P_F_Theresa_May.png"
1015,"E_M_Peter_Kay.png","P_F_Theresa_May.png","FALSE","pictures/stimuli/E","pictures/stimuli/P","M","F","4","5d71640e8a1bff0001d88e70","06/30/2022, 07:20:24",0.127557269883296,"35","Male","right",0,1,0,0,TRUE,"E_M_Peter_Kay.png P_F_Theresa_May.png"
822,"P_M_keir_starmer.png","P_M_Sajid_Javid.png","TRUE","pictures/stimuli/P","pictures/stimuli/P","M","M","5","5d71640e8a1bff0001d88e70","06/30/2022, 07:20:24",1.18129123848443,"35","Male","right",0,0,0,0,TRUE,"P_M_keir_starmer.png P_M_Sajid_Javid.png"
1583,"E_F_Julie_Walters.png","P_M_nigel_farage.png","FALSE","pictures/stimuli/E","pictures/stimuli/P","F","M","3","5d71640e8a1bff0001d88e70","06/30/2022, 07:20:24",-0.926176698717842,"35","Male","right",0,1,0,0,TRUE,"E_F_Julie_Walters.png P_M_nigel_farage.png"
1047,"P_F_nicola_sturge.png","P_M_keir_starmer.png","TRUE","pictures/stimuli/P","pictures/stimuli/P","F","M","4","5d71640e8a1bff0001d88e70","06/30/2022, 07:20:24",0.127557269883296,"35","Male","right",0,0,0,0,TRUE,"P_F_nicola_sturge.png P_M_keir_starmer.png"
1085,"E_M_Michael_McIntyr.png","P_M_Michael_Gove.png","FALSE","pictures/stimuli/E","pictures/stimuli/P","M","M","4","5d71640e8a1bff0001d88e70","06/30/2022, 07:20:24",0.127557269883296,"35","Male","right",0,0,0,0,TRUE,"E_M_Michael_McIntyr.png P_M_Michael_Gove.png"
1038,"E_M_Jimmy_Carr.png","P_F_nicola_sturge.png","FALSE","pictures/stimuli/E","pictures/stimuli/P","M","F","3","5d71640e8a1bff0001d88e70","06/30/2022, 07:20:24",-0.926176698717842,"35","Male","right",1,0,0,0,TRUE,"E_M_Jimmy_Carr.png P_F_nicola_sturge.png"
1143,"E_F_Julie_Walters.png","E_M_Michael_McIntyr.png","TRUE","pictures/stimuli/E","pictures/stimuli/E","F","M","5","5d71640e8a1bff0001d88e70","06/30/2022, 07:20:24",1.18129123848443,"35","Male","right",0,0,0,0,TRUE,"E_F_Julie_Walters.png E_M_Michael_McIntyr.png"
966,"E_M_Ewan_McGregor.png","P_M_Tony_Blair.png","FALSE","pictures/stimuli/E","pictures/stimuli/P","M","M","4","5d71640e8a1bff0001d88e70","06/30/2022, 07:20:24",0.127557269883296,"35","Male","right",0,1,0,0,TRUE,"E_M_Ewan_McGregor.png P_M_Tony_Blair.png"
1231,"E_M_Michael_McIntyr.png","P_F_nicola_sturge.png","FALSE","pictures/stimuli/E","pictures/stimuli/P","M","F","3","5d71640e8a1bff0001d88e70","06/30/2022, 07:20:24",-0.926176698717842,"35","Male","right",0,0,0,0,TRUE,"E_M_Michael_McIntyr.png P_F_nicola_sturge.png"
959,"E_M_Michael_McIntyr.png","P_M_Tony_Blair.png","FALSE","pictures/stimuli/E","pictures/stimuli/P","M","M","5","5d71640e8a1bff0001d88e70","06/30/2022, 07:20:24",1.18129123848443,"35","Male","right",0,1,0,0,TRUE,"E_M_Michael_McIntyr.png P_M_Tony_Blair.png"
967,"E_F_Sarah_Millican.png","P_M_Michael_Gove.png","FALSE","pictures/stimuli/E","pictures/stimuli/P","F","M","4","5d71640e8a1bff0001d88e70","06/30/2022, 07:20:24",0.127557269883296,"35","Male","right",0,0,0,0,TRUE,"E_F_Sarah_Millican.png P_M_Michael_Gove.png"
1070,"E_F_Julie_Walters.png","P_M_jeremy_corbyn.png","FALSE","pictures/stimuli/E","pictures/stimuli/P","F","M","3","5d71640e8a1bff0001d88e70","06/30/2022, 07:20:24",-0.926176698717842,"35","Male","right",0,1,0,0,TRUE,"E_F_Julie_Walters.png P_M_jeremy_corbyn.png"
966,"E_F_Dawn_Roma_French.png","E_F_Julie_Walters.png","TRUE","pictures/stimuli/E","pictures/stimuli/E","F","F","4","5d71640e8a1bff0001d88e70","06/30/2022, 07:20:24",0.127557269883296,"35","Male","right",0,0,0,0,TRUE,"E_F_Dawn_Roma_French.png E_F_Julie_Walters.png"
894,"E_F_Dawn_Roma_French.png","P_M_Gordon_Brown.png","FALSE","pictures/stimuli/E","pictures/stimuli/P","F","M","5","5d71640e8a1bff0001d88e70","06/30/2022, 07:20:24",1.18129123848443,"35","Male","right",0,1,0,0,TRUE,"E_F_Dawn_Roma_French.png P_M_Gordon_Brown.png"
1174,"E_M_Ewan_McGregor.png","E_M_Simon_Pegg.png","TRUE","pictures/stimuli/E","pictures/stimuli/E","M","M","4","5d71640e8a1bff0001d88e70","06/30/2022, 07:20:24",0.127557269883296,"35","Male","right",0,0,0,0,TRUE,"E_M_Ewan_McGregor.png E_M_Simon_Pegg.png"
894,"E_F_Julie_Walters.png","E_M_Russell_Howard.png","TRUE","pictures/stimuli/E","pictures/stimuli/E","F","M","3","5d71640e8a1bff0001d88e70","06/30/2022, 07:20:24",-0.926176698717842,"35","Male","right",0,0,0,0,TRUE,"E_F_Julie_Walters.png E_M_Russell_Howard.png"
823,"E_M_Ewan_McGregor.png","E_M_Michael_McIntyr.png","TRUE","pictures/stimuli/E","pictures/stimuli/E","M","M","4","5d71640e8a1bff0001d88e70","06/30/2022, 07:20:24",0.127557269883296,"35","Male","right",0,0,0,0,TRUE,"E_M_Ewan_McGregor.png E_M_Michael_McIntyr.png"
1007,"E_F_Dawn_Roma_French.png","E_M_Jimmy_Carr.png","TRUE","pictures/stimuli/E","pictures/stimuli/E","F","M","5","5d71640e8a1bff0001d88e70","06/30/2022, 07:20:24",1.18129123848443,"35","Male","right",0,1,0,0,TRUE,"E_F_Dawn_Roma_French.png E_M_Jimmy_Carr.png"
910,"E_M_Michael_McIntyr.png","E_M_Russell_Howard.png","TRUE","pictures/stimuli/E","pictures/stimuli/E","M","M","4","5d71640e8a1bff0001d88e70","06/30/2022, 07:20:24",0.127557269883296,"35","Male","right",0,0,0,0,TRUE,"E_M_Michael_McIntyr.png E_M_Russell_Howard.png"
871,"E_F_Sarah_Millican.png","E_M_Ewan_McGregor.png","TRUE","pictures/stimuli/E","pictures/stimuli/E","F","M","4","5d71640e8a1bff0001d88e70","06/30/2022, 07:20:24",0.127557269883296,"35","Male","right",0,0,0,0,TRUE,"E_F_Sarah_Millican.png E_M_Ewan_McGregor.png"
927,"E_M_Jimmy_Carr.png","E_M_Michael_McIntyr.png","TRUE","pictures/stimuli/E","pictures/stimuli/E","M","M","4","5d71640e8a1bff0001d88e70","06/30/2022, 07:20:24",0.127557269883296,"35","Male","right",1,0,0,0,TRUE,"E_M_Jimmy_Carr.png E_M_Michael_McIntyr.png"
935,"P_F_nicola_sturge.png","P_M_david_camer.png","TRUE","pictures/stimuli/P","pictures/stimuli/P","F","M","3","5d71640e8a1bff0001d88e70","06/30/2022, 07:20:24",-0.926176698717842,"35","Male","right",0,1,0,0,TRUE,"P_F_nicola_sturge.png P_M_david_camer.png"
1703,"E_F_Dawn_Roma_French.png","P_M_jeremy_corbyn.png","FALSE","pictures/stimuli/E","pictures/stimuli/P","F","M","3","5d71640e8a1bff0001d88e70","06/30/2022, 07:20:24",-0.926176698717842,"35","Male","right",0,1,0,0,TRUE,"E_F_Dawn_Roma_French.png P_M_jeremy_corbyn.png"
1568,"E_M_Russell_Howard.png","P_M_Michael_Gove.png","FALSE","pictures/stimuli/E","pictures/stimuli/P","M","M","3","5d71640e8a1bff0001d88e70","06/30/2022, 07:20:24",-0.926176698717842,"35","Male","right",0,0,0,0,TRUE,"E_M_Russell_Howard.png P_M_Michael_Gove.png"
1470,"E_M_Jimmy_Carr.png","E_M_Russell_Howard.png","TRUE","pictures/stimuli/E","pictures/stimuli/E","M","M","5","5d71640e8a1bff0001d88e70","06/30/2022, 07:20:24",1.18129123848443,"35","Male","right",1,0,0,0,TRUE,"E_M_Jimmy_Carr.png E_M_Russell_Howard.png"
3986,"E_M_Simon_Pegg.png","P_M_Michael_Gove.png","FALSE","pictures/stimuli/E","pictures/stimuli/P","M","M","4","5d71640e8a1bff0001d88e70","06/30/2022, 07:20:24",0.127557269883296,"35","Male","right",0,0,0,0,TRUE,"E_M_Simon_Pegg.png P_M_Michael_Gove.png"
2367,"E_M_Jimmy_Carr.png","P_M_Sajid_Javid.png","FALSE","pictures/stimuli/E","pictures/stimuli/P","M","M","3","5d71640e8a1bff0001d88e70","06/30/2022, 07:20:24",-0.926176698717842,"35","Male","right",1,0,0,0,TRUE,"E_M_Jimmy_Carr.png P_M_Sajid_Javid.png"
1952,"P_M_Gordon_Brown.png","P_M_jeremy_corbyn.png","TRUE","pictures/stimuli/P","pictures/stimuli/P","M","M","5","5d71640e8a1bff0001d88e70","06/30/2022, 07:20:24",1.18129123848443,"35","Male","right",1,1,0,0,TRUE,"P_M_Gordon_Brown.png P_M_jeremy_corbyn.png"
1807,"E_M_Simon_Pegg.png","P_M_Tony_Blair.png","FALSE","pictures/stimuli/E","pictures/stimuli/P","M","M","4","5d71640e8a1bff0001d88e70","06/30/2022, 07:20:24",0.127557269883296,"35","Male","right",0,1,0,0,TRUE,"E_M_Simon_Pegg.png P_M_Tony_Blair.png"
1559,"E_F_Dawn_Roma_French.png","E_M_Russell_Howard.png","TRUE","pictures/stimuli/E","pictures/stimuli/E","F","M","2","5d71640e8a1bff0001d88e70","06/30/2022, 07:20:24",-1.97991066731898,"35","Male","right",0,0,0,0,TRUE,"E_F_Dawn_Roma_French.png E_M_Russell_Howard.png"
1157,"P_M_keir_starmer.png","P_M_Michael_Gove.png","TRUE","pictures/stimuli/P","pictures/stimuli/P","M","M","3","5d71640e8a1bff0001d88e70","06/30/2022, 07:20:24",-0.926176698717842,"35","Male","right",0,0,0,0,TRUE,"P_M_keir_starmer.png P_M_Michael_Gove.png"
1039,"E_M_Michael_McIntyr.png","E_M_Simon_Pegg.png","TRUE","pictures/stimuli/E","pictures/stimuli/E","M","M","4","5d71640e8a1bff0001d88e70","06/30/2022, 07:20:24",0.127557269883296,"35","Male","right",0,0,0,0,TRUE,"E_M_Michael_McIntyr.png E_M_Simon_Pegg.png"
6779,"P_M_keir_starmer.png","P_M_Sajid_Javid.png","TRUE","pictures/stimuli/P","pictures/stimuli/P","M","M","5","5e9375259c9687000b26ec11","06/30/2022, 09:44:46",0.433007198081658,"34","Female","right",1,0,0,0,TRUE,"P_M_keir_starmer.png P_M_Sajid_Javid.png"
5377,"E_F_Dawn_Roma_French.png","E_F_Sarah_Millican.png","TRUE","pictures/stimuli/E","pictures/stimuli/E","F","F","5","5e9375259c9687000b26ec11","06/30/2022, 09:44:46",0.433007198081658,"34","Female","right",1,0,0,0,TRUE,"E_F_Dawn_Roma_French.png E_F_Sarah_Millican.png"
3679,"P_M_nigel_farage.png","P_M_Tony_Blair.png","TRUE","pictures/stimuli/P","pictures/stimuli/P","M","M","6","5e9375259c9687000b26ec11","06/30/2022, 09:44:46",1.0291765287738,"34","Female","right",0,1,0,0,TRUE,"P_M_nigel_farage.png P_M_Tony_Blair.png"
3291,"E_F_Julie_Walters.png","E_F_Sarah_Millican.png","TRUE","pictures/stimuli/E","pictures/stimuli/E","F","F","4","5e9375259c9687000b26ec11","06/30/2022, 09:44:46",-0.16316213261048,"34","Female","right",1,0,0,0,TRUE,"E_F_Julie_Walters.png E_F_Sarah_Millican.png"
3021,"E_M_Russell_Howard.png","P_M_keir_starmer.png","FALSE","pictures/stimuli/E","pictures/stimuli/P","M","M","6","5e9375259c9687000b26ec11","06/30/2022, 09:44:46",1.0291765287738,"34","Female","right",0,1,0,0,TRUE,"E_M_Russell_Howard.png P_M_keir_starmer.png"
3121,"E_F_Jennifer_Saunders.png","E_F_Julie_Walters.png","TRUE","pictures/stimuli/E","pictures/stimuli/E","F","F","3","5e9375259c9687000b26ec11","06/30/2022, 09:44:46",-0.759331463302618,"34","Female","right",1,1,0,0,FALSE,"E_F_Jennifer_Saunders.png E_F_Julie_Walters.png"
2390,"E_M_Jimmy_Carr.png","P_M_nigel_farage.png","FALSE","pictures/stimuli/E","pictures/stimuli/P","M","M","6","5e9375259c9687000b26ec11","06/30/2022, 09:44:46",1.0291765287738,"34","Female","right",1,0,0,0,TRUE,"E_M_Jimmy_Carr.png P_M_nigel_farage.png"
2595,"E_M_Simon_Pegg.png","P_M_jeremy_corbyn.png","FALSE","pictures/stimuli/E","pictures/stimuli/P","M","M","6","5e9375259c9687000b26ec11","06/30/2022, 09:44:46",1.0291765287738,"34","Female","right",1,1,0,0,FALSE,"E_M_Simon_Pegg.png P_M_jeremy_corbyn.png"
2359,"E_M_Simon_Pegg.png","P_M_Gordon_Brown.png","FALSE","pictures/stimuli/E","pictures/stimuli/P","M","M","6","5e9375259c9687000b26ec11","06/30/2022, 09:44:46",1.0291765287738,"34","Female","right",1,1,0,0,FALSE,"E_M_Simon_Pegg.png P_M_Gordon_Brown.png"
3234,"E_F_Jennifer_Saunders.png","P_M_Gordon_Brown.png","FALSE","pictures/stimuli/E","pictures/stimuli/P","F","M","6","5e9375259c9687000b26ec11","06/30/2022, 09:44:46",1.0291765287738,"34","Female","right",1,1,0,0,FALSE,"E_F_Jennifer_Saunders.png P_M_Gordon_Brown.png"
2471,"P_M_david_camer.png","P_M_Michael_Gove.png","TRUE","pictures/stimuli/P","pictures/stimuli/P","M","M","4","5e9375259c9687000b26ec11","06/30/2022, 09:44:46",-0.16316213261048,"34","Female","right",1,0,0,0,TRUE,"P_M_david_camer.png P_M_Michael_Gove.png"
2563,"P_M_Sajid_Javid.png","P_M_Tony_Blair.png","TRUE","pictures/stimuli/P","pictures/stimuli/P","M","M","6","5e9375259c9687000b26ec11","06/30/2022, 09:44:46",1.0291765287738,"34","Female","right",0,1,0,0,TRUE,"P_M_Sajid_Javid.png P_M_Tony_Blair.png"
2286,"E_F_Jennifer_Saunders.png","P_M_nigel_farage.png","FALSE","pictures/stimuli/E","pictures/stimuli/P","F","M","6","5e9375259c9687000b26ec11","06/30/2022, 09:44:46",1.0291765287738,"34","Female","right",1,0,0,0,TRUE,"E_F_Jennifer_Saunders.png P_M_nigel_farage.png"
2432,"E_F_Dawn_Roma_French.png","P_M_jeremy_corbyn.png","FALSE","pictures/stimuli/E","pictures/stimuli/P","F","M","6","5e9375259c9687000b26ec11","06/30/2022, 09:44:46",1.0291765287738,"34","Female","right",1,1,0,0,FALSE,"E_F_Dawn_Roma_French.png P_M_jeremy_corbyn.png"
2792,"E_M_Peter_Kay.png","P_M_Michael_Gove.png","FALSE","pictures/stimuli/E","pictures/stimuli/P","M","M","6","5e9375259c9687000b26ec11","06/30/2022, 09:44:46",1.0291765287738,"34","Female","right",1,0,0,0,TRUE,"E_M_Peter_Kay.png P_M_Michael_Gove.png"
2257,"E_M_Russell_Howard.png","P_M_david_camer.png","FALSE","pictures/stimuli/E","pictures/stimuli/P","M","M","5","5e9375259c9687000b26ec11","06/30/2022, 09:44:46",0.433007198081658,"34","Female","right",0,1,0,0,TRUE,"E_M_Russell_Howard.png P_M_david_camer.png"
3134,"E_F_Dawn_Roma_French.png","E_M_Jimmy_Carr.png","TRUE","pictures/stimuli/E","pictures/stimuli/E","F","M","3","5e9375259c9687000b26ec11","06/30/2022, 09:44:46",-0.759331463302618,"34","Female","right",1,1,0,0,FALSE,"E_F_Dawn_Roma_French.png E_M_Jimmy_Carr.png"
2557,"E_M_Michael_McIntyr.png","P_M_nigel_farage.png","FALSE","pictures/stimuli/E","pictures/stimuli/P","M","M","6","5e9375259c9687000b26ec11","06/30/2022, 09:44:46",1.0291765287738,"34","Female","right",1,0,0,0,TRUE,"E_M_Michael_McIntyr.png P_M_nigel_farage.png"
2755,"E_F_Sarah_Millican.png","P_M_Michael_Gove.png","FALSE","pictures/stimuli/E","pictures/stimuli/P","F","M","5","5e9375259c9687000b26ec11","06/30/2022, 09:44:46",0.433007198081658,"34","Female","right",0,0,0,0,TRUE,"E_F_Sarah_Millican.png P_M_Michael_Gove.png"
2909,"E_M_Ewan_McGregor.png","P_M_nigel_farage.png","FALSE","pictures/stimuli/E","pictures/stimuli/P","M","M","6","5e9375259c9687000b26ec11","06/30/2022, 09:44:46",1.0291765287738,"34","Female","right",1,0,0,0,TRUE,"E_M_Ewan_McGregor.png P_M_nigel_farage.png"
2217,"E_M_Peter_Kay.png","P_F_nicola_sturge.png","FALSE","pictures/stimuli/E","pictures/stimuli/P","M","F","5","5e9375259c9687000b26ec11","06/30/2022, 09:44:46",0.433007198081658,"34","Female","right",1,1,0,0,FALSE,"E_M_Peter_Kay.png P_F_nicola_sturge.png"
2091,"E_M_Michael_McIntyr.png","P_M_Sajid_Javid.png","FALSE","pictures/stimuli/E","pictures/stimuli/P","M","M","4","5e9375259c9687000b26ec11","06/30/2022, 09:44:46",-0.16316213261048,"34","Female","right",1,0,0,0,TRUE,"E_M_Michael_McIntyr.png P_M_Sajid_Javid.png"
3009,"E_F_Sarah_Millican.png","P_M_david_camer.png","FALSE","pictures/stimuli/E","pictures/stimuli/P","F","M","4","5e9375259c9687000b26ec11","06/30/2022, 09:44:46",-0.16316213261048,"34","Female","right",0,1,0,0,TRUE,"E_F_Sarah_Millican.png P_M_david_camer.png"
3814,"E_F_Dawn_Roma_French.png","P_M_keir_starmer.png","FALSE","pictures/stimuli/E","pictures/stimuli/P","F","M","3","5e9375259c9687000b26ec11","06/30/2022, 09:44:46",-0.759331463302618,"34","Female","right",1,1,0,0,FALSE,"E_F_Dawn_Roma_French.png P_M_keir_starmer.png"
2175,"E_F_Julie_Walters.png","P_M_nigel_farage.png","FALSE","pictures/stimuli/E","pictures/stimuli/P","F","M","6","5e9375259c9687000b26ec11","06/30/2022, 09:44:46",1.0291765287738,"34","Female","right",1,0,0,0,TRUE,"E_F_Julie_Walters.png P_M_nigel_farage.png"
2469,"P_F_Theresa_May.png","P_M_david_camer.png","TRUE","pictures/stimuli/P","pictures/stimuli/P","F","M","1","5e9375259c9687000b26ec11","06/30/2022, 09:44:46",-1.95167012468689,"34","Female","right",1,1,0,0,FALSE,"P_F_Theresa_May.png P_M_david_camer.png"
2094,"E_F_Julie_Walters.png","E_M_Jimmy_Carr.png","TRUE","pictures/stimuli/E","pictures/stimuli/E","F","M","1","5e9375259c9687000b26ec11","06/30/2022, 09:44:46",-1.95167012468689,"34","Female","right",1,1,0,0,FALSE,"E_F_Julie_Walters.png E_M_Jimmy_Carr.png"
2001,"P_M_Gordon_Brown.png","P_M_nigel_farage.png","TRUE","pictures/stimuli/P","pictures/stimuli/P","M","M","4","5e9375259c9687000b26ec11","06/30/2022, 09:44:46",-0.16316213261048,"34","Female","right",1,0,0,0,TRUE,"P_M_Gordon_Brown.png P_M_nigel_farage.png"
2045,"E_M_Jimmy_Carr.png","P_M_Sajid_Javid.png","FALSE","pictures/stimuli/E","pictures/stimuli/P","M","M","5","5e9375259c9687000b26ec11","06/30/2022, 09:44:46",0.433007198081658,"34","Female","right",1,0,0,0,TRUE,"E_M_Jimmy_Carr.png P_M_Sajid_Javid.png"
2538,"E_M_Michael_McIntyr.png","P_M_Tony_Blair.png","FALSE","pictures/stimuli/E","pictures/stimuli/P","M","M","6","5e9375259c9687000b26ec11","06/30/2022, 09:44:46",1.0291765287738,"34","Female","right",1,1,0,0,FALSE,"E_M_Michael_McIntyr.png P_M_Tony_Blair.png"
2285,"E_M_Jimmy_Carr.png","P_M_keir_starmer.png","FALSE","pictures/stimuli/E","pictures/stimuli/P","M","M","4","5e9375259c9687000b26ec11","06/30/2022, 09:44:46",-0.16316213261048,"34","Female","right",1,1,0,0,FALSE,"E_M_Jimmy_Carr.png P_M_keir_starmer.png"
1772,"P_M_jeremy_corbyn.png","P_M_Michael_Gove.png","TRUE","pictures/stimuli/P","pictures/stimuli/P","M","M","5","5e9375259c9687000b26ec11","06/30/2022, 09:44:46",0.433007198081658,"34","Female","right",1,0,0,0,TRUE,"P_M_jeremy_corbyn.png P_M_Michael_Gove.png"
2348,"E_M_Jimmy_Carr.png","P_M_Gordon_Brown.png","FALSE","pictures/stimuli/E","pictures/stimuli/P","M","M","5","5e9375259c9687000b26ec11","06/30/2022, 09:44:46",0.433007198081658,"34","Female","right",1,1,0,0,FALSE,"E_M_Jimmy_Carr.png P_M_Gordon_Brown.png"
3030,"P_F_nicola_sturge.png","P_M_Sajid_Javid.png","TRUE","pictures/stimuli/P","pictures/stimuli/P","F","M","6","5e9375259c9687000b26ec11","06/30/2022, 09:44:46",1.0291765287738,"34","Female","right",1,0,0,0,TRUE,"P_F_nicola_sturge.png P_M_Sajid_Javid.png"
2447,"E_M_Michael_McIntyr.png","P_F_Theresa_May.png","FALSE","pictures/stimuli/E","pictures/stimuli/P","M","F","5","5e9375259c9687000b26ec11","06/30/2022, 09:44:46",0.433007198081658,"34","Female","right",1,1,0,0,FALSE,"E_M_Michael_McIntyr.png P_F_Theresa_May.png"
3185,"P_F_Theresa_May.png","P_M_Gordon_Brown.png","TRUE","pictures/stimuli/P","pictures/stimuli/P","F","M","1","5e9375259c9687000b26ec11","06/30/2022, 09:44:46",-1.95167012468689,"34","Female","right",1,1,0,0,FALSE,"P_F_Theresa_May.png P_M_Gordon_Brown.png"
2504,"P_F_Theresa_May.png","P_M_Tony_Blair.png","TRUE","pictures/stimuli/P","pictures/stimuli/P","F","M","6","5e9375259c9687000b26ec11","06/30/2022, 09:44:46",1.0291765287738,"34","Female","right",1,1,0,0,FALSE,"P_F_Theresa_May.png P_M_Tony_Blair.png"
2162,"E_F_Jennifer_Saunders.png","P_M_Sajid_Javid.png","FALSE","pictures/stimuli/E","pictures/stimuli/P","F","M","6","5e9375259c9687000b26ec11","06/30/2022, 09:44:46",1.0291765287738,"34","Female","right",1,0,0,0,TRUE,"E_F_Jennifer_Saunders.png P_M_Sajid_Javid.png"
2160,"E_F_Dawn_Roma_French.png","P_M_Sajid_Javid.png","FALSE","pictures/stimuli/E","pictures/stimuli/P","F","M","6","5e9375259c9687000b26ec11","06/30/2022, 09:44:46",1.0291765287738,"34","Female","right",1,0,0,0,TRUE,"E_F_Dawn_Roma_French.png P_M_Sajid_Javid.png"
4408,"P_M_david_camer.png","P_M_jeremy_corbyn.png","TRUE","pictures/stimuli/P","pictures/stimuli/P","M","M","6","5e9375259c9687000b26ec11","06/30/2022, 09:44:46",1.0291765287738,"34","Female","right",1,1,0,0,FALSE,"P_M_david_camer.png P_M_jeremy_corbyn.png"
2020,"E_M_Ewan_McGregor.png","P_M_Sajid_Javid.png","FALSE","pictures/stimuli/E","pictures/stimuli/P","M","M","6","5e9375259c9687000b26ec11","06/30/2022, 09:44:46",1.0291765287738,"34","Female","right",1,0,0,0,TRUE,"E_M_Ewan_McGregor.png P_M_Sajid_Javid.png"
2097,"E_M_Peter_Kay.png","P_F_Theresa_May.png","FALSE","pictures/stimuli/E","pictures/stimuli/P","M","F","5","5e9375259c9687000b26ec11","06/30/2022, 09:44:46",0.433007198081658,"34","Female","right",1,1,0,0,FALSE,"E_M_Peter_Kay.png P_F_Theresa_May.png"
4222,"E_M_Ewan_McGregor.png","E_M_Michael_McIntyr.png","TRUE","pictures/stimuli/E","pictures/stimuli/E","M","M","6","5e9375259c9687000b26ec11","06/30/2022, 09:44:46",1.0291765287738,"34","Female","right",1,1,0,0,FALSE,"E_M_Ewan_McGregor.png E_M_Michael_McIntyr.png"
2629,"E_F_Jennifer_Saunders.png","E_M_Jimmy_Carr.png","TRUE","pictures/stimuli/E","pictures/stimuli/E","F","M","4","5e9375259c9687000b26ec11","06/30/2022, 09:44:46",-0.16316213261048,"34","Female","right",1,1,0,0,FALSE,"E_F_Jennifer_Saunders.png E_M_Jimmy_Carr.png"
2864,"E_M_Ewan_McGregor.png","P_F_Theresa_May.png","FALSE","pictures/stimuli/E","pictures/stimuli/P","M","F","4","5e9375259c9687000b26ec11","06/30/2022, 09:44:46",-0.16316213261048,"34","Female","right",1,1,0,0,FALSE,"E_M_Ewan_McGregor.png P_F_Theresa_May.png"
3546,"E_F_Julie_Walters.png","E_M_Ewan_McGregor.png","TRUE","pictures/stimuli/E","pictures/stimuli/E","F","M","3","5e9375259c9687000b26ec11","06/30/2022, 09:44:46",-0.759331463302618,"34","Female","right",1,1,0,0,FALSE,"E_F_Julie_Walters.png E_M_Ewan_McGregor.png"
3150,"E_M_Michael_McIntyr.png","P_M_keir_starmer.png","FALSE","pictures/stimuli/E","pictures/stimuli/P","M","M","6","5e9375259c9687000b26ec11","06/30/2022, 09:44:46",1.0291765287738,"34","Female","right",1,1,0,0,FALSE,"E_M_Michael_McIntyr.png P_M_keir_starmer.png"
2372,"E_M_Russell_Howard.png","P_M_nigel_farage.png","FALSE","pictures/stimuli/E","pictures/stimuli/P","M","M","6","5e9375259c9687000b26ec11","06/30/2022, 09:44:46",1.0291765287738,"34","Female","right",0,0,0,0,TRUE,"E_M_Russell_Howard.png P_M_nigel_farage.png"
2530,"E_F_Dawn_Roma_French.png","E_M_Russell_Howard.png","TRUE","pictures/stimuli/E","pictures/stimuli/E","F","M","3","5e9375259c9687000b26ec11","06/30/2022, 09:44:46",-0.759331463302618,"34","Female","right",1,0,0,0,TRUE,"E_F_Dawn_Roma_French.png E_M_Russell_Howard.png"
2701,"E_F_Jennifer_Saunders.png","P_M_david_camer.png","FALSE","pictures/stimuli/E","pictures/stimuli/P","F","M","5","5e9375259c9687000b26ec11","06/30/2022, 09:44:46",0.433007198081658,"34","Female","right",1,1,0,0,FALSE,"E_F_Jennifer_Saunders.png P_M_david_camer.png"
2187,"E_M_Michael_McIntyr.png","P_M_jeremy_corbyn.png","FALSE","pictures/stimuli/E","pictures/stimuli/P","M","M","6","5e9375259c9687000b26ec11","06/30/2022, 09:44:46",1.0291765287738,"34","Female","right",1,1,0,0,FALSE,"E_M_Michael_McIntyr.png P_M_jeremy_corbyn.png"
3497,"E_F_Sarah_Millican.png","P_F_nicola_sturge.png","FALSE","pictures/stimuli/E","pictures/stimuli/P","F","F","6","5e9375259c9687000b26ec11","06/30/2022, 09:44:46",1.0291765287738,"34","Female","right",0,1,0,0,TRUE,"E_F_Sarah_Millican.png P_F_nicola_sturge.png"
5112,"E_M_Jimmy_Carr.png","P_M_Tony_Blair.png","FALSE","pictures/stimuli/E","pictures/stimuli/P","M","M","3","5e9375259c9687000b26ec11","06/30/2022, 09:44:46",-0.759331463302618,"34","Female","right",1,1,0,0,FALSE,"E_M_Jimmy_Carr.png P_M_Tony_Blair.png"
1818,"E_M_Ewan_McGregor.png","E_M_Peter_Kay.png","TRUE","pictures/stimuli/E","pictures/stimuli/E","M","M","6","5e9375259c9687000b26ec11","06/30/2022, 09:44:46",1.0291765287738,"34","Female","right",1,1,0,0,FALSE,"E_M_Ewan_McGregor.png E_M_Peter_Kay.png"
2365,"E_M_Russell_Howard.png","P_M_Michael_Gove.png","FALSE","pictures/stimuli/E","pictures/stimuli/P","M","M","6","5e9375259c9687000b26ec11","06/30/2022, 09:44:46",1.0291765287738,"34","Female","right",0,0,0,0,TRUE,"E_M_Russell_Howard.png P_M_Michael_Gove.png"
2193,"E_F_Julie_Walters.png","P_M_david_camer.png","FALSE","pictures/stimuli/E","pictures/stimuli/P","F","M","5","5e9375259c9687000b26ec11","06/30/2022, 09:44:46",0.433007198081658,"34","Female","right",1,1,0,0,FALSE,"E_F_Julie_Walters.png P_M_david_camer.png"
2763,"E_F_Dawn_Roma_French.png","P_F_Theresa_May.png","FALSE","pictures/stimuli/E","pictures/stimuli/P","F","F","4","5e9375259c9687000b26ec11","06/30/2022, 09:44:46",-0.16316213261048,"34","Female","right",1,1,0,0,FALSE,"E_F_Dawn_Roma_French.png P_F_Theresa_May.png"
5467,"E_F_Sarah_Millican.png","E_M_Ewan_McGregor.png","TRUE","pictures/stimuli/E","pictures/stimuli/E","F","M","4","5e9375259c9687000b26ec11","06/30/2022, 09:44:46",-0.16316213261048,"34","Female","right",0,1,0,0,TRUE,"E_F_Sarah_Millican.png E_M_Ewan_McGregor.png"
3738,"P_M_jeremy_corbyn.png","P_M_Tony_Blair.png","TRUE","pictures/stimuli/P","pictures/stimuli/P","M","M","6","5e9375259c9687000b26ec11","06/30/2022, 09:44:46",1.0291765287738,"34","Female","right",1,1,0,0,FALSE,"P_M_jeremy_corbyn.png P_M_Tony_Blair.png"
2890,"E_M_Russell_Howard.png","P_M_jeremy_corbyn.png","FALSE","pictures/stimuli/E","pictures/stimuli/P","M","M","6","5e9375259c9687000b26ec11","06/30/2022, 09:44:46",1.0291765287738,"34","Female","right",0,1,0,0,TRUE,"E_M_Russell_Howard.png P_M_jeremy_corbyn.png"
2562,"P_M_Gordon_Brown.png","P_M_keir_starmer.png","TRUE","pictures/stimuli/P","pictures/stimuli/P","M","M","6","5e9375259c9687000b26ec11","06/30/2022, 09:44:46",1.0291765287738,"34","Female","right",1,1,0,0,FALSE,"P_M_Gordon_Brown.png P_M_keir_starmer.png"
2685,"P_M_Gordon_Brown.png","P_M_Sajid_Javid.png","TRUE","pictures/stimuli/P","pictures/stimuli/P","M","M","1","5e9375259c9687000b26ec11","06/30/2022, 09:44:46",-1.95167012468689,"34","Female","right",1,0,0,0,TRUE,"P_M_Gordon_Brown.png P_M_Sajid_Javid.png"
2505,"E_F_Dawn_Roma_French.png","E_M_Michael_McIntyr.png","TRUE","pictures/stimuli/E","pictures/stimuli/E","F","M","1","5e9375259c9687000b26ec11","06/30/2022, 09:44:46",-1.95167012468689,"34","Female","right",1,1,0,0,FALSE,"E_F_Dawn_Roma_French.png E_M_Michael_McIntyr.png"
2776,"E_F_Jennifer_Saunders.png","P_M_jeremy_corbyn.png","FALSE","pictures/stimuli/E","pictures/stimuli/P","F","M","3","5e9375259c9687000b26ec11","06/30/2022, 09:44:46",-0.759331463302618,"34","Female","right",1,1,0,0,FALSE,"E_F_Jennifer_Saunders.png P_M_jeremy_corbyn.png"
3564,"E_M_Peter_Kay.png","E_M_Simon_Pegg.png","TRUE","pictures/stimuli/E","pictures/stimuli/E","M","M","1","5e9375259c9687000b26ec11","06/30/2022, 09:44:46",-1.95167012468689,"34","Female","right",1,1,0,0,FALSE,"E_M_Peter_Kay.png E_M_Simon_Pegg.png"
1629,"E_M_Ewan_McGregor.png","E_M_Jimmy_Carr.png","TRUE","pictures/stimuli/E","pictures/stimuli/E","M","M","4","5e9375259c9687000b26ec11","06/30/2022, 09:44:46",-0.16316213261048,"34","Female","right",1,1,0,0,FALSE,"E_M_Ewan_McGregor.png E_M_Jimmy_Carr.png"
2311,"E_M_Simon_Pegg.png","P_F_Theresa_May.png","FALSE","pictures/stimuli/E","pictures/stimuli/P","M","F","6","5e9375259c9687000b26ec11","06/30/2022, 09:44:46",1.0291765287738,"34","Female","right",1,1,0,0,FALSE,"E_M_Simon_Pegg.png P_F_Theresa_May.png"
1926,"E_F_Julie_Walters.png","P_M_Michael_Gove.png","FALSE","pictures/stimuli/E","pictures/stimuli/P","F","M","6","5e9375259c9687000b26ec11","06/30/2022, 09:44:46",1.0291765287738,"34","Female","right",1,0,0,0,TRUE,"E_F_Julie_Walters.png P_M_Michael_Gove.png"
3202,"E_M_Ewan_McGregor.png","E_M_Simon_Pegg.png","TRUE","pictures/stimuli/E","pictures/stimuli/E","M","M","4","5e9375259c9687000b26ec11","06/30/2022, 09:44:46",-0.16316213261048,"34","Female","right",1,1,0,0,FALSE,"E_M_Ewan_McGregor.png E_M_Simon_Pegg.png"
2352,"E_F_Julie_Walters.png","P_M_Sajid_Javid.png","FALSE","pictures/stimuli/E","pictures/stimuli/P","F","M","6","5e9375259c9687000b26ec11","06/30/2022, 09:44:46",1.0291765287738,"34","Female","right",1,0,0,0,TRUE,"E_F_Julie_Walters.png P_M_Sajid_Javid.png"
1833,"E_M_Ewan_McGregor.png","P_F_nicola_sturge.png","FALSE","pictures/stimuli/E","pictures/stimuli/P","M","F","6","5e9375259c9687000b26ec11","06/30/2022, 09:44:46",1.0291765287738,"34","Female","right",1,1,0,0,FALSE,"E_M_Ewan_McGregor.png P_F_nicola_sturge.png"
2449,"E_F_Dawn_Roma_French.png","P_M_Michael_Gove.png","FALSE","pictures/stimuli/E","pictures/stimuli/P","F","M","5","5e9375259c9687000b26ec11","06/30/2022, 09:44:46",0.433007198081658,"34","Female","right",1,0,0,0,TRUE,"E_F_Dawn_Roma_French.png P_M_Michael_Gove.png"
2284,"E_F_Julie_Walters.png","P_M_keir_starmer.png","FALSE","pictures/stimuli/E","pictures/stimuli/P","F","M","4","5e9375259c9687000b26ec11","06/30/2022, 09:44:46",-0.16316213261048,"34","Female","right",1,1,0,0,FALSE,"E_F_Julie_Walters.png P_M_keir_starmer.png"
1883,"P_M_nigel_farage.png","P_M_Sajid_Javid.png","TRUE","pictures/stimuli/P","pictures/stimuli/P","M","M","6","5e9375259c9687000b26ec11","06/30/2022, 09:44:46",1.0291765287738,"34","Female","right",0,0,0,0,TRUE,"P_M_nigel_farage.png P_M_Sajid_Javid.png"
2927,"E_F_Jennifer_Saunders.png","P_F_nicola_sturge.png","FALSE","pictures/stimuli/E","pictures/stimuli/P","F","F","5","5e9375259c9687000b26ec11","06/30/2022, 09:44:46",0.433007198081658,"34","Female","right",1,1,0,0,FALSE,"E_F_Jennifer_Saunders.png P_F_nicola_sturge.png"
3400,"P_F_Theresa_May.png","P_M_keir_starmer.png","TRUE","pictures/stimuli/P","pictures/stimuli/P","F","M","6","5e9375259c9687000b26ec11","06/30/2022, 09:44:46",1.0291765287738,"34","Female","right",1,1,0,0,FALSE,"P_F_Theresa_May.png P_M_keir_starmer.png"
2796,"P_F_nicola_sturge.png","P_M_Gordon_Brown.png","TRUE","pictures/stimuli/P","pictures/stimuli/P","F","M","4","5e9375259c9687000b26ec11","06/30/2022, 09:44:46",-0.16316213261048,"34","Female","right",1,1,0,0,FALSE,"P_F_nicola_sturge.png P_M_Gordon_Brown.png"
2381,"E_M_Simon_Pegg.png","P_F_nicola_sturge.png","FALSE","pictures/stimuli/E","pictures/stimuli/P","M","F","6","5e9375259c9687000b26ec11","06/30/2022, 09:44:46",1.0291765287738,"34","Female","right",1,1,0,0,FALSE,"E_M_Simon_Pegg.png P_F_nicola_sturge.png"
3075,"E_M_Jimmy_Carr.png","P_M_jeremy_corbyn.png","FALSE","pictures/stimuli/E","pictures/stimuli/P","M","M","3","5e9375259c9687000b26ec11","06/30/2022, 09:44:46",-0.759331463302618,"34","Female","right",1,1,0,0,FALSE,"E_M_Jimmy_Carr.png P_M_jeremy_corbyn.png"
2087,"E_M_Peter_Kay.png","P_M_david_camer.png","FALSE","pictures/stimuli/E","pictures/stimuli/P","M","M","5","5e9375259c9687000b26ec11","06/30/2022, 09:44:46",0.433007198081658,"34","Female","right",1,1,0,0,FALSE,"E_M_Peter_Kay.png P_M_david_camer.png"
1917,"E_F_Julie_Walters.png","P_F_nicola_sturge.png","FALSE","pictures/stimuli/E","pictures/stimuli/P","F","F","4","5e9375259c9687000b26ec11","06/30/2022, 09:44:46",-0.16316213261048,"34","Female","right",1,1,0,0,FALSE,"E_F_Julie_Walters.png P_F_nicola_sturge.png"
2309,"E_F_Sarah_Millican.png","P_M_nigel_farage.png","FALSE","pictures/stimuli/E","pictures/stimuli/P","F","M","6","5e9375259c9687000b26ec11","06/30/2022, 09:44:46",1.0291765287738,"34","Female","right",0,0,0,0,TRUE,"E_F_Sarah_Millican.png P_M_nigel_farage.png"
2121,"E_M_Peter_Kay.png","P_M_Sajid_Javid.png","FALSE","pictures/stimuli/E","pictures/stimuli/P","M","M","6","5e9375259c9687000b26ec11","06/30/2022, 09:44:46",1.0291765287738,"34","Female","right",1,0,0,0,TRUE,"E_M_Peter_Kay.png P_M_Sajid_Javid.png"
2736,"E_M_Ewan_McGregor.png","E_M_Russell_Howard.png","TRUE","pictures/stimuli/E","pictures/stimuli/E","M","M","5","5e9375259c9687000b26ec11","06/30/2022, 09:44:46",0.433007198081658,"34","Female","right",1,0,0,0,TRUE,"E_M_Ewan_McGregor.png E_M_Russell_Howard.png"
2358,"E_F_Dawn_Roma_French.png","P_M_nigel_farage.png","FALSE","pictures/stimuli/E","pictures/stimuli/P","F","M","5","5e9375259c9687000b26ec11","06/30/2022, 09:44:46",0.433007198081658,"34","Female","right",1,0,0,0,TRUE,"E_F_Dawn_Roma_French.png P_M_nigel_farage.png"
3157,"P_M_Gordon_Brown.png","P_M_jeremy_corbyn.png","TRUE","pictures/stimuli/P","pictures/stimuli/P","M","M","5","5e9375259c9687000b26ec11","06/30/2022, 09:44:46",0.433007198081658,"34","Female","right",1,1,0,0,FALSE,"P_M_Gordon_Brown.png P_M_jeremy_corbyn.png"
1883,"E_F_Dawn_Roma_French.png","E_M_Ewan_McGregor.png","TRUE","pictures/stimuli/E","pictures/stimuli/E","F","M","3","5e9375259c9687000b26ec11","06/30/2022, 09:44:46",-0.759331463302618,"34","Female","right",1,1,0,0,FALSE,"E_F_Dawn_Roma_French.png E_M_Ewan_McGregor.png"
2175,"E_M_Simon_Pegg.png","P_M_Sajid_Javid.png","FALSE","pictures/stimuli/E","pictures/stimuli/P","M","M","6","5e9375259c9687000b26ec11","06/30/2022, 09:44:46",1.0291765287738,"34","Female","right",1,0,0,0,TRUE,"E_M_Simon_Pegg.png P_M_Sajid_Javid.png"
3243,"E_M_Michael_McIntyr.png","E_M_Peter_Kay.png","TRUE","pictures/stimuli/E","pictures/stimuli/E","M","M","1","5e9375259c9687000b26ec11","06/30/2022, 09:44:46",-1.95167012468689,"34","Female","right",1,1,0,0,FALSE,"E_M_Michael_McIntyr.png E_M_Peter_Kay.png"
1939,"E_M_Russell_Howard.png","P_F_Theresa_May.png","FALSE","pictures/stimuli/E","pictures/stimuli/P","M","F","5","5e9375259c9687000b26ec11","06/30/2022, 09:44:46",0.433007198081658,"34","Female","right",0,1,0,0,TRUE,"E_M_Russell_Howard.png P_F_Theresa_May.png"
2408,"E_M_Ewan_McGregor.png","P_M_Tony_Blair.png","FALSE","pictures/stimuli/E","pictures/stimuli/P","M","M","6","5e9375259c9687000b26ec11","06/30/2022, 09:44:46",1.0291765287738,"34","Female","right",1,1,0,0,FALSE,"E_M_Ewan_McGregor.png P_M_Tony_Blair.png"
1793,"E_F_Sarah_Millican.png","P_M_Tony_Blair.png","FALSE","pictures/stimuli/E","pictures/stimuli/P","F","M","6","5e9375259c9687000b26ec11","06/30/2022, 09:44:46",1.0291765287738,"34","Female","right",0,1,0,0,TRUE,"E_F_Sarah_Millican.png P_M_Tony_Blair.png"
2373,"E_F_Julie_Walters.png","E_M_Peter_Kay.png","TRUE","pictures/stimuli/E","pictures/stimuli/E","F","M","2","5e9375259c9687000b26ec11","06/30/2022, 09:44:46",-1.35550079399476,"34","Female","right",1,1,0,0,FALSE,"E_F_Julie_Walters.png E_M_Peter_Kay.png"
2451,"E_F_Julie_Walters.png","E_M_Simon_Pegg.png","TRUE","pictures/stimuli/E","pictures/stimuli/E","F","M","1","5e9375259c9687000b26ec11","06/30/2022, 09:44:46",-1.95167012468689,"34","Female","right",1,1,0,0,FALSE,"E_F_Julie_Walters.png E_M_Simon_Pegg.png"
1965,"E_M_Simon_Pegg.png","P_M_Tony_Blair.png","FALSE","pictures/stimuli/E","pictures/stimuli/P","M","M","5","5e9375259c9687000b26ec11","06/30/2022, 09:44:46",0.433007198081658,"34","Female","right",1,1,0,0,FALSE,"E_M_Simon_Pegg.png P_M_Tony_Blair.png"
1750,"E_M_Simon_Pegg.png","P_M_keir_starmer.png","FALSE","pictures/stimuli/E","pictures/stimuli/P","M","M","5","5e9375259c9687000b26ec11","06/30/2022, 09:44:46",0.433007198081658,"34","Female","right",1,1,0,0,FALSE,"E_M_Simon_Pegg.png P_M_keir_starmer.png"
1981,"E_M_Ewan_McGregor.png","P_M_jeremy_corbyn.png","FALSE","pictures/stimuli/E","pictures/stimuli/P","M","M","4","5e9375259c9687000b26ec11","06/30/2022, 09:44:46",-0.16316213261048,"34","Female","right",1,1,0,0,FALSE,"E_M_Ewan_McGregor.png P_M_jeremy_corbyn.png"
2836,"P_F_nicola_sturge.png","P_M_Tony_Blair.png","TRUE","pictures/stimuli/P","pictures/stimuli/P","F","M","6","5e9375259c9687000b26ec11","06/30/2022, 09:44:46",1.0291765287738,"34","Female","right",1,1,0,0,FALSE,"P_F_nicola_sturge.png P_M_Tony_Blair.png"
2409,"E_M_Jimmy_Carr.png","E_M_Russell_Howard.png","TRUE","pictures/stimuli/E","pictures/stimuli/E","M","M","5","5e9375259c9687000b26ec11","06/30/2022, 09:44:46",0.433007198081658,"34","Female","right",1,0,0,0,TRUE,"E_M_Jimmy_Carr.png E_M_Russell_Howard.png"
2352,"P_M_Michael_Gove.png","P_M_nigel_farage.png","TRUE","pictures/stimuli/P","pictures/stimuli/P","M","M","5","5e9375259c9687000b26ec11","06/30/2022, 09:44:46",0.433007198081658,"34","Female","right",0,0,0,0,TRUE,"P_M_Michael_Gove.png P_M_nigel_farage.png"
3398,"P_M_david_camer.png","P_M_Gordon_Brown.png","TRUE","pictures/stimuli/P","pictures/stimuli/P","M","M","1","5e9375259c9687000b26ec11","06/30/2022, 09:44:46",-1.95167012468689,"34","Female","right",1,1,0,0,FALSE,"P_M_david_camer.png P_M_Gordon_Brown.png"
2729,"P_F_Theresa_May.png","P_M_Sajid_Javid.png","TRUE","pictures/stimuli/P","pictures/stimuli/P","F","M","1","5e9375259c9687000b26ec11","06/30/2022, 09:44:46",-1.95167012468689,"34","Female","right",1,0,0,0,TRUE,"P_F_Theresa_May.png P_M_Sajid_Javid.png"
3169,"E_F_Julie_Walters.png","P_M_jeremy_corbyn.png","FALSE","pictures/stimuli/E","pictures/stimuli/P","F","M","4","5e9375259c9687000b26ec11","06/30/2022, 09:44:46",-0.16316213261048,"34","Female","right",1,1,0,0,FALSE,"E_F_Julie_Walters.png P_M_jeremy_corbyn.png"
3580,"P_M_david_camer.png","P_M_nigel_farage.png","TRUE","pictures/stimuli/P","pictures/stimuli/P","M","M","6","5e9375259c9687000b26ec11","06/30/2022, 09:44:46",1.0291765287738,"34","Female","right",1,0,0,0,TRUE,"P_M_david_camer.png P_M_nigel_farage.png"
3752,"E_F_Julie_Walters.png","P_M_Tony_Blair.png","FALSE","pictures/stimuli/E","pictures/stimuli/P","F","M","2","5e9375259c9687000b26ec11","06/30/2022, 09:44:46",-1.35550079399476,"34","Female","right",1,1,0,0,FALSE,"E_F_Julie_Walters.png P_M_Tony_Blair.png"
4261,"E_F_Julie_Walters.png","E_M_Michael_McIntyr.png","TRUE","pictures/stimuli/E","pictures/stimuli/E","F","M","3","5e9375259c9687000b26ec11","06/30/2022, 09:44:46",-0.759331463302618,"34","Female","right",1,1,0,0,FALSE,"E_F_Julie_Walters.png E_M_Michael_McIntyr.png"
2252,"E_F_Dawn_Roma_French.png","P_M_david_camer.png","FALSE","pictures/stimuli/E","pictures/stimuli/P","F","M","4","5e9375259c9687000b26ec11","06/30/2022, 09:44:46",-0.16316213261048,"34","Female","right",1,1,0,0,FALSE,"E_F_Dawn_Roma_French.png P_M_david_camer.png"
2359,"E_F_Sarah_Millican.png","P_M_keir_starmer.png","FALSE","pictures/stimuli/E","pictures/stimuli/P","F","M","5","5e9375259c9687000b26ec11","06/30/2022, 09:44:46",0.433007198081658,"34","Female","right",0,1,0,0,TRUE,"E_F_Sarah_Millican.png P_M_keir_starmer.png"
2251,"E_M_Russell_Howard.png","P_M_Gordon_Brown.png","FALSE","pictures/stimuli/E","pictures/stimuli/P","M","M","5","5e9375259c9687000b26ec11","06/30/2022, 09:44:46",0.433007198081658,"34","Female","right",0,1,0,0,TRUE,"E_M_Russell_Howard.png P_M_Gordon_Brown.png"
2964,"E_F_Jennifer_Saunders.png","E_M_Peter_Kay.png","TRUE","pictures/stimuli/E","pictures/stimuli/E","F","M","1","5e9375259c9687000b26ec11","06/30/2022, 09:44:46",-1.95167012468689,"34","Female","right",1,1,0,0,FALSE,"E_F_Jennifer_Saunders.png E_M_Peter_Kay.png"
1906,"E_M_Peter_Kay.png","P_M_Gordon_Brown.png","FALSE","pictures/stimuli/E","pictures/stimuli/P","M","M","4","5e9375259c9687000b26ec11","06/30/2022, 09:44:46",-0.16316213261048,"34","Female","right",1,1,0,0,FALSE,"E_M_Peter_Kay.png P_M_Gordon_Brown.png"
4145,"P_M_jeremy_corbyn.png","P_M_nigel_farage.png","TRUE","pictures/stimuli/P","pictures/stimuli/P","M","M","4","5e9375259c9687000b26ec11","06/30/2022, 09:44:46",-0.16316213261048,"34","Female","right",1,0,0,0,TRUE,"P_M_jeremy_corbyn.png P_M_nigel_farage.png"
1948,"P_M_Michael_Gove.png","P_M_Tony_Blair.png","TRUE","pictures/stimuli/P","pictures/stimuli/P","M","M","4","5e9375259c9687000b26ec11","06/30/2022, 09:44:46",-0.16316213261048,"34","Female","right",0,1,0,0,TRUE,"P_M_Michael_Gove.png P_M_Tony_Blair.png"
2745,"E_M_Russell_Howard.png","P_F_nicola_sturge.png","FALSE","pictures/stimuli/E","pictures/stimuli/P","M","F","6","5e9375259c9687000b26ec11","06/30/2022, 09:44:46",1.0291765287738,"34","Female","right",0,1,0,0,TRUE,"E_M_Russell_Howard.png P_F_nicola_sturge.png"
2168,"P_M_keir_starmer.png","P_M_nigel_farage.png","TRUE","pictures/stimuli/P","pictures/stimuli/P","M","M","4","5e9375259c9687000b26ec11","06/30/2022, 09:44:46",-0.16316213261048,"34","Female","right",1,0,0,0,TRUE,"P_M_keir_starmer.png P_M_nigel_farage.png"
2209,"E_M_Jimmy_Carr.png","E_M_Michael_McIntyr.png","TRUE","pictures/stimuli/E","pictures/stimuli/E","M","M","5","5e9375259c9687000b26ec11","06/30/2022, 09:44:46",0.433007198081658,"34","Female","right",1,1,0,0,FALSE,"E_M_Jimmy_Carr.png E_M_Michael_McIntyr.png"
2934,"E_F_Julie_Walters.png","E_M_Russell_Howard.png","TRUE","pictures/stimuli/E","pictures/stimuli/E","F","M","4","5e9375259c9687000b26ec11","06/30/2022, 09:44:46",-0.16316213261048,"34","Female","right",1,0,0,0,TRUE,"E_F_Julie_Walters.png E_M_Russell_Howard.png"
3387,"P_M_david_camer.png","P_M_keir_starmer.png","TRUE","pictures/stimuli/P","pictures/stimuli/P","M","M","6","5e9375259c9687000b26ec11","06/30/2022, 09:44:46",1.0291765287738,"34","Female","right",1,1,0,0,FALSE,"P_M_david_camer.png P_M_keir_starmer.png"
3998,"P_M_keir_starmer.png","P_M_Tony_Blair.png","TRUE","pictures/stimuli/P","pictures/stimuli/P","M","M","1","5e9375259c9687000b26ec11","06/30/2022, 09:44:46",-1.95167012468689,"34","Female","right",1,1,0,0,FALSE,"P_M_keir_starmer.png P_M_Tony_Blair.png"
2998,"E_M_Michael_McIntyr.png","P_F_nicola_sturge.png","FALSE","pictures/stimuli/E","pictures/stimuli/P","M","F","6","5e9375259c9687000b26ec11","06/30/2022, 09:44:46",1.0291765287738,"34","Female","right",1,1,0,0,FALSE,"E_M_Michael_McIntyr.png P_F_nicola_sturge.png"
2742,"E_F_Sarah_Millican.png","P_M_jeremy_corbyn.png","FALSE","pictures/stimuli/E","pictures/stimuli/P","F","M","4","5e9375259c9687000b26ec11","06/30/2022, 09:44:46",-0.16316213261048,"34","Female","right",0,1,0,0,TRUE,"E_F_Sarah_Millican.png P_M_jeremy_corbyn.png"
3095,"E_M_Simon_Pegg.png","P_M_nigel_farage.png","FALSE","pictures/stimuli/E","pictures/stimuli/P","M","M","4","5e9375259c9687000b26ec11","06/30/2022, 09:44:46",-0.16316213261048,"34","Female","right",1,0,0,0,TRUE,"E_M_Simon_Pegg.png P_M_nigel_farage.png"
2545,"E_F_Dawn_Roma_French.png","E_F_Julie_Walters.png","TRUE","pictures/stimuli/E","pictures/stimuli/E","F","F","1","5e9375259c9687000b26ec11","06/30/2022, 09:44:46",-1.95167012468689,"34","Female","right",1,1,0,0,FALSE,"E_F_Dawn_Roma_French.png E_F_Julie_Walters.png"
2136,"E_F_Sarah_Millican.png","E_M_Michael_McIntyr.png","TRUE","pictures/stimuli/E","pictures/stimuli/E","F","M","5","5e9375259c9687000b26ec11","06/30/2022, 09:44:46",0.433007198081658,"34","Female","right",0,1,0,0,TRUE,"E_F_Sarah_Millican.png E_M_Michael_McIntyr.png"
2554,"E_F_Sarah_Millican.png","E_M_Simon_Pegg.png","TRUE","pictures/stimuli/E","pictures/stimuli/E","F","M","4","5e9375259c9687000b26ec11","06/30/2022, 09:44:46",-0.16316213261048,"34","Female","right",0,1,0,0,TRUE,"E_F_Sarah_Millican.png E_M_Simon_Pegg.png"
3233,"P_M_david_camer.png","P_M_Sajid_Javid.png","TRUE","pictures/stimuli/P","pictures/stimuli/P","M","M","1","5e9375259c9687000b26ec11","06/30/2022, 09:44:46",-1.95167012468689,"34","Female","right",1,0,0,0,TRUE,"P_M_david_camer.png P_M_Sajid_Javid.png"
2995,"E_M_Jimmy_Carr.png","P_M_Michael_Gove.png","FALSE","pictures/stimuli/E","pictures/stimuli/P","M","M","4","5e9375259c9687000b26ec11","06/30/2022, 09:44:46",-0.16316213261048,"34","Female","right",1,0,0,0,TRUE,"E_M_Jimmy_Carr.png P_M_Michael_Gove.png"
2886,"E_F_Julie_Walters.png","P_M_Gordon_Brown.png","FALSE","pictures/stimuli/E","pictures/stimuli/P","F","M","4","5e9375259c9687000b26ec11","06/30/2022, 09:44:46",-0.16316213261048,"34","Female","right",1,1,0,0,FALSE,"E_F_Julie_Walters.png P_M_Gordon_Brown.png"
1787,"E_M_Ewan_McGregor.png","P_M_keir_starmer.png","FALSE","pictures/stimuli/E","pictures/stimuli/P","M","M","4","5e9375259c9687000b26ec11","06/30/2022, 09:44:46",-0.16316213261048,"34","Female","right",1,1,0,0,FALSE,"E_M_Ewan_McGregor.png P_M_keir_starmer.png"
2420,"E_M_Simon_Pegg.png","P_M_Michael_Gove.png","FALSE","pictures/stimuli/E","pictures/stimuli/P","M","M","4","5e9375259c9687000b26ec11","06/30/2022, 09:44:46",-0.16316213261048,"34","Female","right",1,0,0,0,TRUE,"E_M_Simon_Pegg.png P_M_Michael_Gove.png"
2915,"E_F_Jennifer_Saunders.png","E_M_Simon_Pegg.png","TRUE","pictures/stimuli/E","pictures/stimuli/E","F","M","1","5e9375259c9687000b26ec11","06/30/2022, 09:44:46",-1.95167012468689,"34","Female","right",1,1,0,0,FALSE,"E_F_Jennifer_Saunders.png E_M_Simon_Pegg.png"
2053,"E_M_Jimmy_Carr.png","E_M_Peter_Kay.png","TRUE","pictures/stimuli/E","pictures/stimuli/E","M","M","4","5e9375259c9687000b26ec11","06/30/2022, 09:44:46",-0.16316213261048,"34","Female","right",1,1,0,0,FALSE,"E_M_Jimmy_Carr.png E_M_Peter_Kay.png"
4115,"P_M_jeremy_corbyn.png","P_M_keir_starmer.png","TRUE","pictures/stimuli/P","pictures/stimuli/P","M","M","1","5e9375259c9687000b26ec11","06/30/2022, 09:44:46",-1.95167012468689,"34","Female","right",1,1,0,0,FALSE,"P_M_jeremy_corbyn.png P_M_keir_starmer.png"
2914,"P_M_jeremy_corbyn.png","P_M_Sajid_Javid.png","TRUE","pictures/stimuli/P","pictures/stimuli/P","M","M","6","5e9375259c9687000b26ec11","06/30/2022, 09:44:46",1.0291765287738,"34","Female","right",1,0,0,0,TRUE,"P_M_jeremy_corbyn.png P_M_Sajid_Javid.png"
3587,"E_M_Peter_Kay.png","P_M_keir_starmer.png","FALSE","pictures/stimuli/E","pictures/stimuli/P","M","M","2","5e9375259c9687000b26ec11","06/30/2022, 09:44:46",-1.35550079399476,"34","Female","right",1,1,0,0,FALSE,"E_M_Peter_Kay.png P_M_keir_starmer.png"
2619,"E_F_Jennifer_Saunders.png","E_M_Ewan_McGregor.png","TRUE","pictures/stimuli/E","pictures/stimuli/E","F","M","3","5e9375259c9687000b26ec11","06/30/2022, 09:44:46",-0.759331463302618,"34","Female","right",1,1,0,0,FALSE,"E_F_Jennifer_Saunders.png E_M_Ewan_McGregor.png"
2775,"E_M_Peter_Kay.png","P_M_nigel_farage.png","FALSE","pictures/stimuli/E","pictures/stimuli/P","M","M","5","5e9375259c9687000b26ec11","06/30/2022, 09:44:46",0.433007198081658,"34","Female","right",1,0,0,0,TRUE,"E_M_Peter_Kay.png P_M_nigel_farage.png"
4267,"P_F_Theresa_May.png","P_M_jeremy_corbyn.png","TRUE","pictures/stimuli/P","pictures/stimuli/P","F","M","4","5e9375259c9687000b26ec11","06/30/2022, 09:44:46",-0.16316213261048,"34","Female","right",1,1,0,0,FALSE,"P_F_Theresa_May.png P_M_jeremy_corbyn.png"
2513,"E_M_Jimmy_Carr.png","P_F_Theresa_May.png","FALSE","pictures/stimuli/E","pictures/stimuli/P","M","F","4","5e9375259c9687000b26ec11","06/30/2022, 09:44:46",-0.16316213261048,"34","Female","right",1,1,0,0,FALSE,"E_M_Jimmy_Carr.png P_F_Theresa_May.png"
4579,"E_M_Russell_Howard.png","P_M_Tony_Blair.png","FALSE","pictures/stimuli/E","pictures/stimuli/P","M","M","2","5e9375259c9687000b26ec11","06/30/2022, 09:44:46",-1.35550079399476,"34","Female","right",0,1,0,0,TRUE,"E_M_Russell_Howard.png P_M_Tony_Blair.png"
3178,"P_M_Gordon_Brown.png","P_M_Tony_Blair.png","TRUE","pictures/stimuli/P","pictures/stimuli/P","M","M","1","5e9375259c9687000b26ec11","06/30/2022, 09:44:46",-1.95167012468689,"34","Female","right",1,1,0,0,FALSE,"P_M_Gordon_Brown.png P_M_Tony_Blair.png"
2052,"E_F_Dawn_Roma_French.png","E_F_Jennifer_Saunders.png","TRUE","pictures/stimuli/E","pictures/stimuli/E","F","F","1","5e9375259c9687000b26ec11","06/30/2022, 09:44:46",-1.95167012468689,"34","Female","right",1,1,0,0,FALSE,"E_F_Dawn_Roma_French.png E_F_Jennifer_Saunders.png"
2020,"E_M_Michael_McIntyr.png","P_M_david_camer.png","FALSE","pictures/stimuli/E","pictures/stimuli/P","M","M","5","5e9375259c9687000b26ec11","06/30/2022, 09:44:46",0.433007198081658,"34","Female","right",1,1,0,0,FALSE,"E_M_Michael_McIntyr.png P_M_david_camer.png"
1643,"P_F_nicola_sturge.png","P_M_Michael_Gove.png","TRUE","pictures/stimuli/P","pictures/stimuli/P","F","M","6","5e9375259c9687000b26ec11","06/30/2022, 09:44:46",1.0291765287738,"34","Female","right",1,0,0,0,TRUE,"P_F_nicola_sturge.png P_M_Michael_Gove.png"
1784,"E_M_Russell_Howard.png","P_M_Sajid_Javid.png","FALSE","pictures/stimuli/E","pictures/stimuli/P","M","M","5","5e9375259c9687000b26ec11","06/30/2022, 09:44:46",0.433007198081658,"34","Female","right",0,0,0,0,TRUE,"E_M_Russell_Howard.png P_M_Sajid_Javid.png"
2495,"E_F_Dawn_Roma_French.png","E_M_Peter_Kay.png","TRUE","pictures/stimuli/E","pictures/stimuli/E","F","M","2","5e9375259c9687000b26ec11","06/30/2022, 09:44:46",-1.35550079399476,"34","Female","right",1,1,0,0,FALSE,"E_F_Dawn_Roma_French.png E_M_Peter_Kay.png"
2563,"E_F_Sarah_Millican.png","E_M_Peter_Kay.png","TRUE","pictures/stimuli/E","pictures/stimuli/E","F","M","2","5e9375259c9687000b26ec11","06/30/2022, 09:44:46",-1.35550079399476,"34","Female","right",0,1,0,0,TRUE,"E_F_Sarah_Millican.png E_M_Peter_Kay.png"
2266,"E_M_Jimmy_Carr.png","P_F_nicola_sturge.png","FALSE","pictures/stimuli/E","pictures/stimuli/P","M","F","5","5e9375259c9687000b26ec11","06/30/2022, 09:44:46",0.433007198081658,"34","Female","right",1,1,0,0,FALSE,"E_M_Jimmy_Carr.png P_F_nicola_sturge.png"
2272,"E_F_Dawn_Roma_French.png","P_F_nicola_sturge.png","FALSE","pictures/stimuli/E","pictures/stimuli/P","F","F","5","5e9375259c9687000b26ec11","06/30/2022, 09:44:46",0.433007198081658,"34","Female","right",1,1,0,0,FALSE,"E_F_Dawn_Roma_French.png P_F_nicola_sturge.png"
2181,"E_F_Jennifer_Saunders.png","E_M_Michael_McIntyr.png","TRUE","pictures/stimuli/E","pictures/stimuli/E","F","M","3","5e9375259c9687000b26ec11","06/30/2022, 09:44:46",-0.759331463302618,"34","Female","right",1,1,0,0,FALSE,"E_F_Jennifer_Saunders.png E_M_Michael_McIntyr.png"
2141,"E_M_Jimmy_Carr.png","E_M_Simon_Pegg.png","TRUE","pictures/stimuli/E","pictures/stimuli/E","M","M","4","5e9375259c9687000b26ec11","06/30/2022, 09:44:46",-0.16316213261048,"34","Female","right",1,1,0,0,FALSE,"E_M_Jimmy_Carr.png E_M_Simon_Pegg.png"
1775,"E_M_Ewan_McGregor.png","P_M_Gordon_Brown.png","FALSE","pictures/stimuli/E","pictures/stimuli/P","M","M","4","5e9375259c9687000b26ec11","06/30/2022, 09:44:46",-0.16316213261048,"34","Female","right",1,1,0,0,FALSE,"E_M_Ewan_McGregor.png P_M_Gordon_Brown.png"
4359,"P_M_david_camer.png","P_M_Tony_Blair.png","TRUE","pictures/stimuli/P","pictures/stimuli/P","M","M","6","5e9375259c9687000b26ec11","06/30/2022, 09:44:46",1.0291765287738,"34","Female","right",1,1,0,0,FALSE,"P_M_david_camer.png P_M_Tony_Blair.png"
1959,"E_M_Ewan_McGregor.png","P_M_david_camer.png","FALSE","pictures/stimuli/E","pictures/stimuli/P","M","M","4","5e9375259c9687000b26ec11","06/30/2022, 09:44:46",-0.16316213261048,"34","Female","right",1,1,0,0,FALSE,"E_M_Ewan_McGregor.png P_M_david_camer.png"
1752,"P_F_nicola_sturge.png","P_M_keir_starmer.png","TRUE","pictures/stimuli/P","pictures/stimuli/P","F","M","6","5e9375259c9687000b26ec11","06/30/2022, 09:44:46",1.0291765287738,"34","Female","right",1,1,0,0,FALSE,"P_F_nicola_sturge.png P_M_keir_starmer.png"
1961,"E_M_Ewan_McGregor.png","P_M_Michael_Gove.png","FALSE","pictures/stimuli/E","pictures/stimuli/P","M","M","5","5e9375259c9687000b26ec11","06/30/2022, 09:44:46",0.433007198081658,"34","Female","right",1,0,0,0,TRUE,"E_M_Ewan_McGregor.png P_M_Michael_Gove.png"
2859,"E_F_Sarah_Millican.png","P_M_Gordon_Brown.png","FALSE","pictures/stimuli/E","pictures/stimuli/P","F","M","3","5e9375259c9687000b26ec11","06/30/2022, 09:44:46",-0.759331463302618,"34","Female","right",0,1,0,0,TRUE,"E_F_Sarah_Millican.png P_M_Gordon_Brown.png"
1742,"E_F_Sarah_Millican.png","E_M_Russell_Howard.png","TRUE","pictures/stimuli/E","pictures/stimuli/E","F","M","5","5e9375259c9687000b26ec11","06/30/2022, 09:44:46",0.433007198081658,"34","Female","right",0,0,0,0,TRUE,"E_F_Sarah_Millican.png E_M_Russell_Howard.png"
2892,"E_M_Michael_McIntyr.png","P_M_Gordon_Brown.png","FALSE","pictures/stimuli/E","pictures/stimuli/P","M","M","5","5e9375259c9687000b26ec11","06/30/2022, 09:44:46",0.433007198081658,"34","Female","right",1,1,0,0,FALSE,"E_M_Michael_McIntyr.png P_M_Gordon_Brown.png"
2218,"P_F_Theresa_May.png","P_M_nigel_farage.png","TRUE","pictures/stimuli/P","pictures/stimuli/P","F","M","4","5e9375259c9687000b26ec11","06/30/2022, 09:44:46",-0.16316213261048,"34","Female","right",1,0,0,0,TRUE,"P_F_Theresa_May.png P_M_nigel_farage.png"
3516,"E_F_Julie_Walters.png","P_F_Theresa_May.png","FALSE","pictures/stimuli/E","pictures/stimuli/P","F","F","5","5e9375259c9687000b26ec11","06/30/2022, 09:44:46",0.433007198081658,"34","Female","right",1,1,0,0,FALSE,"E_F_Julie_Walters.png P_F_Theresa_May.png"
1710,"P_F_nicola_sturge.png","P_F_Theresa_May.png","TRUE","pictures/stimuli/P","pictures/stimuli/P","F","F","6","5e9375259c9687000b26ec11","06/30/2022, 09:44:46",1.0291765287738,"34","Female","right",1,1,0,0,FALSE,"P_F_nicola_sturge.png P_F_Theresa_May.png"
2330,"E_F_Jennifer_Saunders.png","P_M_Michael_Gove.png","FALSE","pictures/stimuli/E","pictures/stimuli/P","F","M","5","5e9375259c9687000b26ec11","06/30/2022, 09:44:46",0.433007198081658,"34","Female","right",1,0,0,0,TRUE,"E_F_Jennifer_Saunders.png P_M_Michael_Gove.png"
2140,"E_M_Michael_McIntyr.png","E_M_Russell_Howard.png","TRUE","pictures/stimuli/E","pictures/stimuli/E","M","M","6","5e9375259c9687000b26ec11","06/30/2022, 09:44:46",1.0291765287738,"34","Female","right",1,0,0,0,TRUE,"E_M_Michael_McIntyr.png E_M_Russell_Howard.png"
1885,"E_M_Russell_Howard.png","E_M_Simon_Pegg.png","TRUE","pictures/stimuli/E","pictures/stimuli/E","M","M","5","5e9375259c9687000b26ec11","06/30/2022, 09:44:46",0.433007198081658,"34","Female","right",0,1,0,0,TRUE,"E_M_Russell_Howard.png E_M_Simon_Pegg.png"
1879,"E_F_Jennifer_Saunders.png","E_M_Russell_Howard.png","TRUE","pictures/stimuli/E","pictures/stimuli/E","F","M","5","5e9375259c9687000b26ec11","06/30/2022, 09:44:46",0.433007198081658,"34","Female","right",1,0,0,0,TRUE,"E_F_Jennifer_Saunders.png E_M_Russell_Howard.png"
2094,"E_F_Dawn_Roma_French.png","P_M_Gordon_Brown.png","FALSE","pictures/stimuli/E","pictures/stimuli/P","F","M","4","5e9375259c9687000b26ec11","06/30/2022, 09:44:46",-0.16316213261048,"34","Female","right",1,1,0,0,FALSE,"E_F_Dawn_Roma_French.png P_M_Gordon_Brown.png"
1832,"E_M_Simon_Pegg.png","P_M_david_camer.png","FALSE","pictures/stimuli/E","pictures/stimuli/P","M","M","4","5e9375259c9687000b26ec11","06/30/2022, 09:44:46",-0.16316213261048,"34","Female","right",1,1,0,0,FALSE,"E_M_Simon_Pegg.png P_M_david_camer.png"
2055,"E_F_Sarah_Millican.png","P_F_Theresa_May.png","FALSE","pictures/stimuli/E","pictures/stimuli/P","F","F","3","5e9375259c9687000b26ec11","06/30/2022, 09:44:46",-0.759331463302618,"34","Female","right",0,1,0,0,TRUE,"E_F_Sarah_Millican.png P_F_Theresa_May.png"
1774,"P_F_nicola_sturge.png","P_M_david_camer.png","TRUE","pictures/stimuli/P","pictures/stimuli/P","F","M","6","5e9375259c9687000b26ec11","06/30/2022, 09:44:46",1.0291765287738,"34","Female","right",1,1,0,0,FALSE,"P_F_nicola_sturge.png P_M_david_camer.png"
2594,"E_F_Jennifer_Saunders.png","P_F_Theresa_May.png","FALSE","pictures/stimuli/E","pictures/stimuli/P","F","F","3","5e9375259c9687000b26ec11","06/30/2022, 09:44:46",-0.759331463302618,"34","Female","right",1,1,0,0,FALSE,"E_F_Jennifer_Saunders.png P_F_Theresa_May.png"
1817,"P_M_Michael_Gove.png","P_M_Sajid_Javid.png","TRUE","pictures/stimuli/P","pictures/stimuli/P","M","M","5","5e9375259c9687000b26ec11","06/30/2022, 09:44:46",0.433007198081658,"34","Female","right",0,0,0,0,TRUE,"P_M_Michael_Gove.png P_M_Sajid_Javid.png"
2355,"E_F_Sarah_Millican.png","P_M_Sajid_Javid.png","FALSE","pictures/stimuli/E","pictures/stimuli/P","F","M","5","5e9375259c9687000b26ec11","06/30/2022, 09:44:46",0.433007198081658,"34","Female","right",0,0,0,0,TRUE,"E_F_Sarah_Millican.png P_M_Sajid_Javid.png"
1783,"E_M_Peter_Kay.png","P_M_jeremy_corbyn.png","FALSE","pictures/stimuli/E","pictures/stimuli/P","M","M","4","5e9375259c9687000b26ec11","06/30/2022, 09:44:46",-0.16316213261048,"34","Female","right",1,1,0,0,FALSE,"E_M_Peter_Kay.png P_M_jeremy_corbyn.png"
1757,"E_M_Michael_McIntyr.png","E_M_Simon_Pegg.png","TRUE","pictures/stimuli/E","pictures/stimuli/E","M","M","4","5e9375259c9687000b26ec11","06/30/2022, 09:44:46",-0.16316213261048,"34","Female","right",1,1,0,0,FALSE,"E_M_Michael_McIntyr.png E_M_Simon_Pegg.png"
3078,"P_M_keir_starmer.png","P_M_Michael_Gove.png","TRUE","pictures/stimuli/P","pictures/stimuli/P","M","M","6","5e9375259c9687000b26ec11","06/30/2022, 09:44:46",1.0291765287738,"34","Female","right",1,0,0,0,TRUE,"P_M_keir_starmer.png P_M_Michael_Gove.png"
2332,"E_F_Sarah_Millican.png","E_M_Jimmy_Carr.png","TRUE","pictures/stimuli/E","pictures/stimuli/E","F","M","6","5e9375259c9687000b26ec11","06/30/2022, 09:44:46",1.0291765287738,"34","Female","right",0,1,0,0,TRUE,"E_F_Sarah_Millican.png E_M_Jimmy_Carr.png"
4095,"E_M_Michael_McIntyr.png","P_M_Michael_Gove.png","FALSE","pictures/stimuli/E","pictures/stimuli/P","M","M","1","5e9375259c9687000b26ec11","06/30/2022, 09:44:46",-1.95167012468689,"34","Female","right",1,0,0,0,TRUE,"E_M_Michael_McIntyr.png P_M_Michael_Gove.png"
2865,"P_M_Gordon_Brown.png","P_M_Michael_Gove.png","TRUE","pictures/stimuli/P","pictures/stimuli/P","M","M","6","5e9375259c9687000b26ec11","06/30/2022, 09:44:46",1.0291765287738,"34","Female","right",1,0,0,0,TRUE,"P_M_Gordon_Brown.png P_M_Michael_Gove.png"
2392,"E_M_Peter_Kay.png","P_M_Tony_Blair.png","FALSE","pictures/stimuli/E","pictures/stimuli/P","M","M","1","5e9375259c9687000b26ec11","06/30/2022, 09:44:46",-1.95167012468689,"34","Female","right",1,1,0,0,FALSE,"E_M_Peter_Kay.png P_M_Tony_Blair.png"
1911,"E_F_Dawn_Roma_French.png","E_M_Simon_Pegg.png","TRUE","pictures/stimuli/E","pictures/stimuli/E","F","M","1","5e9375259c9687000b26ec11","06/30/2022, 09:44:46",-1.95167012468689,"34","Female","right",1,1,0,0,FALSE,"E_F_Dawn_Roma_French.png E_M_Simon_Pegg.png"
2890,"P_F_nicola_sturge.png","P_M_nigel_farage.png","TRUE","pictures/stimuli/P","pictures/stimuli/P","F","M","6","5e9375259c9687000b26ec11","06/30/2022, 09:44:46",1.0291765287738,"34","Female","right",1,0,0,0,TRUE,"P_F_nicola_sturge.png P_M_nigel_farage.png"
2437,"E_F_Dawn_Roma_French.png","P_M_Tony_Blair.png","FALSE","pictures/stimuli/E","pictures/stimuli/P","F","M","1","5e9375259c9687000b26ec11","06/30/2022, 09:44:46",-1.95167012468689,"34","Female","right",1,1,0,0,FALSE,"E_F_Dawn_Roma_French.png P_M_Tony_Blair.png"
1914,"E_F_Jennifer_Saunders.png","P_M_Tony_Blair.png","FALSE","pictures/stimuli/E","pictures/stimuli/P","F","M","1","5e9375259c9687000b26ec11","06/30/2022, 09:44:46",-1.95167012468689,"34","Female","right",1,1,0,0,FALSE,"E_F_Jennifer_Saunders.png P_M_Tony_Blair.png"
2298,"E_M_Jimmy_Carr.png","P_M_david_camer.png","FALSE","pictures/stimuli/E","pictures/stimuli/P","M","M","4","5e9375259c9687000b26ec11","06/30/2022, 09:44:46",-0.16316213261048,"34","Female","right",1,1,0,0,FALSE,"E_M_Jimmy_Carr.png P_M_david_camer.png"
3788,"E_F_Jennifer_Saunders.png","P_M_keir_starmer.png","FALSE","pictures/stimuli/E","pictures/stimuli/P","F","M","1","5e9375259c9687000b26ec11","06/30/2022, 09:44:46",-1.95167012468689,"34","Female","right",1,1,0,0,FALSE,"E_F_Jennifer_Saunders.png P_M_keir_starmer.png"
2260,"E_F_Jennifer_Saunders.png","E_F_Sarah_Millican.png","TRUE","pictures/stimuli/E","pictures/stimuli/E","F","F","4","5e9375259c9687000b26ec11","06/30/2022, 09:44:46",-0.16316213261048,"34","Female","right",1,0,0,0,TRUE,"E_F_Jennifer_Saunders.png E_F_Sarah_Millican.png"
1963,"P_F_nicola_sturge.png","P_M_jeremy_corbyn.png","TRUE","pictures/stimuli/P","pictures/stimuli/P","F","M","4","5e9375259c9687000b26ec11","06/30/2022, 09:44:46",-0.16316213261048,"34","Female","right",1,1,0,0,FALSE,"P_F_nicola_sturge.png P_M_jeremy_corbyn.png"
2365,"P_F_Theresa_May.png","P_M_Michael_Gove.png","TRUE","pictures/stimuli/P","pictures/stimuli/P","F","M","1","5e9375259c9687000b26ec11","06/30/2022, 09:44:46",-1.95167012468689,"34","Female","right",1,0,0,0,TRUE,"P_F_Theresa_May.png P_M_Michael_Gove.png"
2485,"E_M_Peter_Kay.png","E_M_Russell_Howard.png","TRUE","pictures/stimuli/E","pictures/stimuli/E","M","M","1","5e9375259c9687000b26ec11","06/30/2022, 09:44:46",-1.95167012468689,"34","Female","right",1,0,0,0,TRUE,"E_M_Peter_Kay.png E_M_Russell_Howard.png"
4117,"E_M_Peter_Kay.png","P_M_david_camer.png","FALSE","pictures/stimuli/E","pictures/stimuli/P","M","M","6","5eda4814fe5ec9080156e700","06/30/2022, 09:42:18",0.812748148697623,"30","Female","right",1,1,0,0,FALSE,"E_M_Peter_Kay.png P_M_david_camer.png"
2992,"E_M_Simon_Pegg.png","P_F_nicola_sturge.png","FALSE","pictures/stimuli/E","pictures/stimuli/P","M","F","6","5eda4814fe5ec9080156e700","06/30/2022, 09:42:18",0.812748148697623,"30","Female","right",1,1,0,0,FALSE,"E_M_Simon_Pegg.png P_F_nicola_sturge.png"
2276,"E_M_Peter_Kay.png","P_F_nicola_sturge.png","FALSE","pictures/stimuli/E","pictures/stimuli/P","M","F","6","5eda4814fe5ec9080156e700","06/30/2022, 09:42:18",0.812748148697623,"30","Female","right",1,1,0,0,FALSE,"E_M_Peter_Kay.png P_F_nicola_sturge.png"
3019,"E_M_Peter_Kay.png","P_M_nigel_farage.png","FALSE","pictures/stimuli/E","pictures/stimuli/P","M","M","6","5eda4814fe5ec9080156e700","06/30/2022, 09:42:18",0.812748148697623,"30","Female","right",1,1,0,0,FALSE,"E_M_Peter_Kay.png P_M_nigel_farage.png"
2099,"E_F_Jennifer_Saunders.png","P_M_Gordon_Brown.png","FALSE","pictures/stimuli/E","pictures/stimuli/P","F","M","6","5eda4814fe5ec9080156e700","06/30/2022, 09:42:18",0.812748148697623,"30","Female","right",1,1,0,0,FALSE,"E_F_Jennifer_Saunders.png P_M_Gordon_Brown.png"
3024,"E_F_Dawn_Roma_French.png","P_M_Tony_Blair.png","FALSE","pictures/stimuli/E","pictures/stimuli/P","F","M","6","5eda4814fe5ec9080156e700","06/30/2022, 09:42:18",0.812748148697623,"30","Female","right",1,1,0,0,FALSE,"E_F_Dawn_Roma_French.png P_M_Tony_Blair.png"
2550,"E_M_Russell_Howard.png","E_M_Simon_Pegg.png","TRUE","pictures/stimuli/E","pictures/stimuli/E","M","M","5","5eda4814fe5ec9080156e700","06/30/2022, 09:42:18",-0.237742655741482,"30","Female","right",1,1,0,0,FALSE,"E_M_Russell_Howard.png E_M_Simon_Pegg.png"
2603,"E_F_Sarah_Millican.png","P_M_david_camer.png","FALSE","pictures/stimuli/E","pictures/stimuli/P","F","M","6","5eda4814fe5ec9080156e700","06/30/2022, 09:42:18",0.812748148697623,"30","Female","right",1,1,0,0,FALSE,"E_F_Sarah_Millican.png P_M_david_camer.png"
1942,"P_M_nigel_farage.png","P_M_Sajid_Javid.png","TRUE","pictures/stimuli/P","pictures/stimuli/P","M","M","6","5eda4814fe5ec9080156e700","06/30/2022, 09:42:18",0.812748148697623,"30","Female","right",1,1,0,0,FALSE,"P_M_nigel_farage.png P_M_Sajid_Javid.png"
1634,"E_M_Simon_Pegg.png","P_F_Theresa_May.png","FALSE","pictures/stimuli/E","pictures/stimuli/P","M","F","6","5eda4814fe5ec9080156e700","06/30/2022, 09:42:18",0.812748148697623,"30","Female","right",1,1,0,0,FALSE,"E_M_Simon_Pegg.png P_F_Theresa_May.png"
3624,"E_F_Julie_Walters.png","P_F_Theresa_May.png","FALSE","pictures/stimuli/E","pictures/stimuli/P","F","F","5","5eda4814fe5ec9080156e700","06/30/2022, 09:42:18",-0.237742655741482,"30","Female","right",1,1,0,0,FALSE,"E_F_Julie_Walters.png P_F_Theresa_May.png"
1819,"P_F_nicola_sturge.png","P_M_Sajid_Javid.png","TRUE","pictures/stimuli/P","pictures/stimuli/P","F","M","6","5eda4814fe5ec9080156e700","06/30/2022, 09:42:18",0.812748148697623,"30","Female","right",1,1,0,0,FALSE,"P_F_nicola_sturge.png P_M_Sajid_Javid.png"
1819,"E_M_Russell_Howard.png","P_M_jeremy_corbyn.png","FALSE","pictures/stimuli/E","pictures/stimuli/P","M","M","6","5eda4814fe5ec9080156e700","06/30/2022, 09:42:18",0.812748148697623,"30","Female","right",1,1,0,0,FALSE,"E_M_Russell_Howard.png P_M_jeremy_corbyn.png"
2706,"E_M_Michael_McIntyr.png","E_M_Russell_Howard.png","TRUE","pictures/stimuli/E","pictures/stimuli/E","M","M","6","5eda4814fe5ec9080156e700","06/30/2022, 09:42:18",0.812748148697623,"30","Female","right",1,1,0,0,FALSE,"E_M_Michael_McIntyr.png E_M_Russell_Howard.png"
2772,"P_M_nigel_farage.png","P_M_Tony_Blair.png","TRUE","pictures/stimuli/P","pictures/stimuli/P","M","M","5","5eda4814fe5ec9080156e700","06/30/2022, 09:42:18",-0.237742655741482,"30","Female","right",1,1,0,0,FALSE,"P_M_nigel_farage.png P_M_Tony_Blair.png"
2716,"P_F_Theresa_May.png","P_M_Tony_Blair.png","TRUE","pictures/stimuli/P","pictures/stimuli/P","F","M","5","5eda4814fe5ec9080156e700","06/30/2022, 09:42:18",-0.237742655741482,"30","Female","right",1,1,0,0,FALSE,"P_F_Theresa_May.png P_M_Tony_Blair.png"
3354,"E_F_Jennifer_Saunders.png","P_F_nicola_sturge.png","FALSE","pictures/stimuli/E","pictures/stimuli/P","F","F","6","5eda4814fe5ec9080156e700","06/30/2022, 09:42:18",0.812748148697623,"30","Female","right",1,1,0,0,FALSE,"E_F_Jennifer_Saunders.png P_F_nicola_sturge.png"
2013,"E_M_Russell_Howard.png","P_M_Tony_Blair.png","FALSE","pictures/stimuli/E","pictures/stimuli/P","M","M","6","5eda4814fe5ec9080156e700","06/30/2022, 09:42:18",0.812748148697623,"30","Female","right",1,1,0,0,FALSE,"E_M_Russell_Howard.png P_M_Tony_Blair.png"
1886,"E_F_Julie_Walters.png","E_M_Peter_Kay.png","TRUE","pictures/stimuli/E","pictures/stimuli/E","F","M","6","5eda4814fe5ec9080156e700","06/30/2022, 09:42:18",0.812748148697623,"30","Female","right",1,1,0,0,FALSE,"E_F_Julie_Walters.png E_M_Peter_Kay.png"
1839,"E_F_Julie_Walters.png","P_M_Sajid_Javid.png","FALSE","pictures/stimuli/E","pictures/stimuli/P","F","M","6","5eda4814fe5ec9080156e700","06/30/2022, 09:42:18",0.812748148697623,"30","Female","right",1,1,0,0,FALSE,"E_F_Julie_Walters.png P_M_Sajid_Javid.png"
1885,"E_M_Jimmy_Carr.png","P_M_Sajid_Javid.png","FALSE","pictures/stimuli/E","pictures/stimuli/P","M","M","6","5eda4814fe5ec9080156e700","06/30/2022, 09:42:18",0.812748148697623,"30","Female","right",1,1,0,0,FALSE,"E_M_Jimmy_Carr.png P_M_Sajid_Javid.png"
2621,"E_F_Dawn_Roma_French.png","E_M_Michael_McIntyr.png","TRUE","pictures/stimuli/E","pictures/stimuli/E","F","M","5","5eda4814fe5ec9080156e700","06/30/2022, 09:42:18",-0.237742655741482,"30","Female","right",1,1,0,0,FALSE,"E_F_Dawn_Roma_French.png E_M_Michael_McIntyr.png"
1881,"P_F_nicola_sturge.png","P_M_david_camer.png","TRUE","pictures/stimuli/P","pictures/stimuli/P","F","M","6","5eda4814fe5ec9080156e700","06/30/2022, 09:42:18",0.812748148697623,"30","Female","right",1,1,0,0,FALSE,"P_F_nicola_sturge.png P_M_david_camer.png"
1925,"E_M_Ewan_McGregor.png","P_M_Tony_Blair.png","FALSE","pictures/stimuli/E","pictures/stimuli/P","M","M","6","5eda4814fe5ec9080156e700","06/30/2022, 09:42:18",0.812748148697623,"30","Female","right",1,1,0,0,FALSE,"E_M_Ewan_McGregor.png P_M_Tony_Blair.png"
1481,"E_F_Jennifer_Saunders.png","P_M_nigel_farage.png","FALSE","pictures/stimuli/E","pictures/stimuli/P","F","M","6","5eda4814fe5ec9080156e700","06/30/2022, 09:42:18",0.812748148697623,"30","Female","right",1,1,0,0,FALSE,"E_F_Jennifer_Saunders.png P_M_nigel_farage.png"
5029,"E_F_Dawn_Roma_French.png","E_M_Peter_Kay.png","TRUE","pictures/stimuli/E","pictures/stimuli/E","F","M","4","5eda4814fe5ec9080156e700","06/30/2022, 09:42:18",-1.28823346018059,"30","Female","right",1,1,0,0,FALSE,"E_F_Dawn_Roma_French.png E_M_Peter_Kay.png"
2087,"P_M_jeremy_corbyn.png","P_M_Tony_Blair.png","TRUE","pictures/stimuli/P","pictures/stimuli/P","M","M","5","5eda4814fe5ec9080156e700","06/30/2022, 09:42:18",-0.237742655741482,"30","Female","right",1,1,0,0,FALSE,"P_M_jeremy_corbyn.png P_M_Tony_Blair.png"
2361,"P_M_david_camer.png","P_M_nigel_farage.png","TRUE","pictures/stimuli/P","pictures/stimuli/P","M","M","5","5eda4814fe5ec9080156e700","06/30/2022, 09:42:18",-0.237742655741482,"30","Female","right",1,1,0,0,FALSE,"P_M_david_camer.png P_M_nigel_farage.png"
5479,"E_F_Jennifer_Saunders.png","E_M_Ewan_McGregor.png","TRUE","pictures/stimuli/E","pictures/stimuli/E","F","M","6","5eda4814fe5ec9080156e700","06/30/2022, 09:42:18",0.812748148697623,"30","Female","right",1,1,0,0,FALSE,"E_F_Jennifer_Saunders.png E_M_Ewan_McGregor.png"
4584,"E_F_Dawn_Roma_French.png","E_F_Julie_Walters.png","TRUE","pictures/stimuli/E","pictures/stimuli/E","F","F","5","5eda4814fe5ec9080156e700","06/30/2022, 09:42:18",-0.237742655741482,"30","Female","right",1,1,0,0,FALSE,"E_F_Dawn_Roma_French.png E_F_Julie_Walters.png"
2140,"E_M_Ewan_McGregor.png","P_M_jeremy_corbyn.png","FALSE","pictures/stimuli/E","pictures/stimuli/P","M","M","6","5eda4814fe5ec9080156e700","06/30/2022, 09:42:18",0.812748148697623,"30","Female","right",1,1,0,0,FALSE,"E_M_Ewan_McGregor.png P_M_jeremy_corbyn.png"
1699,"E_M_Ewan_McGregor.png","P_M_nigel_farage.png","FALSE","pictures/stimuli/E","pictures/stimuli/P","M","M","6","5eda4814fe5ec9080156e700","06/30/2022, 09:42:18",0.812748148697623,"30","Female","right",1,1,0,0,FALSE,"E_M_Ewan_McGregor.png P_M_nigel_farage.png"
2036,"E_F_Sarah_Millican.png","E_M_Michael_McIntyr.png","TRUE","pictures/stimuli/E","pictures/stimuli/E","F","M","5","5eda4814fe5ec9080156e700","06/30/2022, 09:42:18",-0.237742655741482,"30","Female","right",1,1,0,0,FALSE,"E_F_Sarah_Millican.png E_M_Michael_McIntyr.png"
3099,"E_M_Jimmy_Carr.png","P_F_nicola_sturge.png","FALSE","pictures/stimuli/E","pictures/stimuli/P","M","F","6","5eda4814fe5ec9080156e700","06/30/2022, 09:42:18",0.812748148697623,"30","Female","right",1,1,0,0,FALSE,"E_M_Jimmy_Carr.png P_F_nicola_sturge.png"
2108,"E_F_Julie_Walters.png","E_M_Michael_McIntyr.png","TRUE","pictures/stimuli/E","pictures/stimuli/E","F","M","6","5eda4814fe5ec9080156e700","06/30/2022, 09:42:18",0.812748148697623,"30","Female","right",1,1,0,0,FALSE,"E_F_Julie_Walters.png E_M_Michael_McIntyr.png"
2177,"E_F_Dawn_Roma_French.png","E_M_Jimmy_Carr.png","TRUE","pictures/stimuli/E","pictures/stimuli/E","F","M","6","5eda4814fe5ec9080156e700","06/30/2022, 09:42:18",0.812748148697623,"30","Female","right",1,1,0,0,FALSE,"E_F_Dawn_Roma_French.png E_M_Jimmy_Carr.png"
1700,"E_F_Jennifer_Saunders.png","E_M_Jimmy_Carr.png","TRUE","pictures/stimuli/E","pictures/stimuli/E","F","M","6","5eda4814fe5ec9080156e700","06/30/2022, 09:42:18",0.812748148697623,"30","Female","right",1,1,0,0,FALSE,"E_F_Jennifer_Saunders.png E_M_Jimmy_Carr.png"
2446,"E_F_Dawn_Roma_French.png","P_M_Sajid_Javid.png","FALSE","pictures/stimuli/E","pictures/stimuli/P","F","M","6","5eda4814fe5ec9080156e700","06/30/2022, 09:42:18",0.812748148697623,"30","Female","right",1,1,0,0,FALSE,"E_F_Dawn_Roma_French.png P_M_Sajid_Javid.png"
1879,"P_F_Theresa_May.png","P_M_Sajid_Javid.png","TRUE","pictures/stimuli/P","pictures/stimuli/P","F","M","6","5eda4814fe5ec9080156e700","06/30/2022, 09:42:18",0.812748148697623,"30","Female","right",1,1,0,0,FALSE,"P_F_Theresa_May.png P_M_Sajid_Javid.png"
2027,"E_F_Julie_Walters.png","E_M_Simon_Pegg.png","TRUE","pictures/stimuli/E","pictures/stimuli/E","F","M","5","5eda4814fe5ec9080156e700","06/30/2022, 09:42:18",-0.237742655741482,"30","Female","right",1,1,0,0,FALSE,"E_F_Julie_Walters.png E_M_Simon_Pegg.png"
3577,"E_F_Dawn_Roma_French.png","P_F_nicola_sturge.png","FALSE","pictures/stimuli/E","pictures/stimuli/P","F","F","5","5eda4814fe5ec9080156e700","06/30/2022, 09:42:18",-0.237742655741482,"30","Female","right",1,1,0,0,FALSE,"E_F_Dawn_Roma_French.png P_F_nicola_sturge.png"
2177,"P_M_jeremy_corbyn.png","P_M_Sajid_Javid.png","TRUE","pictures/stimuli/P","pictures/stimuli/P","M","M","6","5eda4814fe5ec9080156e700","06/30/2022, 09:42:18",0.812748148697623,"30","Female","right",1,1,0,0,FALSE,"P_M_jeremy_corbyn.png P_M_Sajid_Javid.png"
1866,"E_M_Jimmy_Carr.png","E_M_Peter_Kay.png","TRUE","pictures/stimuli/E","pictures/stimuli/E","M","M","6","5eda4814fe5ec9080156e700","06/30/2022, 09:42:18",0.812748148697623,"30","Female","right",1,1,0,0,FALSE,"E_M_Jimmy_Carr.png E_M_Peter_Kay.png"
2033,"E_M_Russell_Howard.png","P_M_Gordon_Brown.png","FALSE","pictures/stimuli/E","pictures/stimuli/P","M","M","6","5eda4814fe5ec9080156e700","06/30/2022, 09:42:18",0.812748148697623,"30","Female","right",1,1,0,0,FALSE,"E_M_Russell_Howard.png P_M_Gordon_Brown.png"
3701,"E_M_Michael_McIntyr.png","P_M_keir_starmer.png","FALSE","pictures/stimuli/E","pictures/stimuli/P","M","M","5","5eda4814fe5ec9080156e700","06/30/2022, 09:42:18",-0.237742655741482,"30","Female","right",1,1,0,0,FALSE,"E_M_Michael_McIntyr.png P_M_keir_starmer.png"
3618,"E_F_Dawn_Roma_French.png","E_F_Sarah_Millican.png","TRUE","pictures/stimuli/E","pictures/stimuli/E","F","F","3","5eda4814fe5ec9080156e700","06/30/2022, 09:42:18",-2.33872426461969,"30","Female","right",1,1,0,0,FALSE,"E_F_Dawn_Roma_French.png E_F_Sarah_Millican.png"
3385,"E_M_Michael_McIntyr.png","E_M_Peter_Kay.png","TRUE","pictures/stimuli/E","pictures/stimuli/E","M","M","4","5eda4814fe5ec9080156e700","06/30/2022, 09:42:18",-1.28823346018059,"30","Female","right",1,1,0,0,FALSE,"E_M_Michael_McIntyr.png E_M_Peter_Kay.png"
1771,"P_F_Theresa_May.png","P_M_jeremy_corbyn.png","TRUE","pictures/stimuli/P","pictures/stimuli/P","F","M","5","5eda4814fe5ec9080156e700","06/30/2022, 09:42:18",-0.237742655741482,"30","Female","right",1,1,0,0,FALSE,"P_F_Theresa_May.png P_M_jeremy_corbyn.png"
3253,"E_F_Dawn_Roma_French.png","P_F_Theresa_May.png","FALSE","pictures/stimuli/E","pictures/stimuli/P","F","F","6","5eda4814fe5ec9080156e700","06/30/2022, 09:42:18",0.812748148697623,"30","Female","right",1,1,0,0,FALSE,"E_F_Dawn_Roma_French.png P_F_Theresa_May.png"
2324,"E_F_Dawn_Roma_French.png","E_M_Russell_Howard.png","TRUE","pictures/stimuli/E","pictures/stimuli/E","F","M","6","5eda4814fe5ec9080156e700","06/30/2022, 09:42:18",0.812748148697623,"30","Female","right",1,1,0,0,FALSE,"E_F_Dawn_Roma_French.png E_M_Russell_Howard.png"
2071,"P_F_Theresa_May.png","P_M_Gordon_Brown.png","TRUE","pictures/stimuli/P","pictures/stimuli/P","F","M","5","5eda4814fe5ec9080156e700","06/30/2022, 09:42:18",-0.237742655741482,"30","Female","right",1,1,0,0,FALSE,"P_F_Theresa_May.png P_M_Gordon_Brown.png"
3475,"P_M_Gordon_Brown.png","P_M_Michael_Gove.png","TRUE","pictures/stimuli/P","pictures/stimuli/P","M","M","5","5eda4814fe5ec9080156e700","06/30/2022, 09:42:18",-0.237742655741482,"30","Female","right",1,1,0,0,FALSE,"P_M_Gordon_Brown.png P_M_Michael_Gove.png"
2006,"E_F_Sarah_Millican.png","P_F_Theresa_May.png","FALSE","pictures/stimuli/E","pictures/stimuli/P","F","F","5","5eda4814fe5ec9080156e700","06/30/2022, 09:42:18",-0.237742655741482,"30","Female","right",1,1,0,0,FALSE,"E_F_Sarah_Millican.png P_F_Theresa_May.png"
8912,"E_F_Dawn_Roma_French.png","P_M_jeremy_corbyn.png","FALSE","pictures/stimuli/E","pictures/stimuli/P","F","M","6","5eda4814fe5ec9080156e700","06/30/2022, 09:42:18",0.812748148697623,"30","Female","right",1,1,0,0,FALSE,"E_F_Dawn_Roma_French.png P_M_jeremy_corbyn.png"
2864,"E_F_Jennifer_Saunders.png","P_M_Michael_Gove.png","FALSE","pictures/stimuli/E","pictures/stimuli/P","F","M","6","5eda4814fe5ec9080156e700","06/30/2022, 09:42:18",0.812748148697623,"30","Female","right",1,1,0,0,FALSE,"E_F_Jennifer_Saunders.png P_M_Michael_Gove.png"
2786,"E_M_Ewan_McGregor.png","E_M_Peter_Kay.png","TRUE","pictures/stimuli/E","pictures/stimuli/E","M","M","6","5eda4814fe5ec9080156e700","06/30/2022, 09:42:18",0.812748148697623,"30","Female","right",1,1,0,0,FALSE,"E_M_Ewan_McGregor.png E_M_Peter_Kay.png"
4234,"P_M_keir_starmer.png","P_M_Sajid_Javid.png","TRUE","pictures/stimuli/P","pictures/stimuli/P","M","M","6","5eda4814fe5ec9080156e700","06/30/2022, 09:42:18",0.812748148697623,"30","Female","right",1,1,0,0,FALSE,"P_M_keir_starmer.png P_M_Sajid_Javid.png"
2972,"E_F_Dawn_Roma_French.png","E_M_Simon_Pegg.png","TRUE","pictures/stimuli/E","pictures/stimuli/E","F","M","6","5eda4814fe5ec9080156e700","06/30/2022, 09:42:18",0.812748148697623,"30","Female","right",1,1,0,0,FALSE,"E_F_Dawn_Roma_French.png E_M_Simon_Pegg.png"
1767,"E_M_Ewan_McGregor.png","P_M_david_camer.png","FALSE","pictures/stimuli/E","pictures/stimuli/P","M","M","6","5eda4814fe5ec9080156e700","06/30/2022, 09:42:18",0.812748148697623,"30","Female","right",1,1,0,0,FALSE,"E_M_Ewan_McGregor.png P_M_david_camer.png"
2574,"E_M_Ewan_McGregor.png","E_M_Simon_Pegg.png","TRUE","pictures/stimuli/E","pictures/stimuli/E","M","M","4","5eda4814fe5ec9080156e700","06/30/2022, 09:42:18",-1.28823346018059,"30","Female","right",1,1,0,0,FALSE,"E_M_Ewan_McGregor.png E_M_Simon_Pegg.png"
2631,"E_F_Julie_Walters.png","P_M_nigel_farage.png","FALSE","pictures/stimuli/E","pictures/stimuli/P","F","M","6","5eda4814fe5ec9080156e700","06/30/2022, 09:42:18",0.812748148697623,"30","Female","right",1,1,0,0,FALSE,"E_F_Julie_Walters.png P_M_nigel_farage.png"
2794,"E_M_Jimmy_Carr.png","E_M_Russell_Howard.png","TRUE","pictures/stimuli/E","pictures/stimuli/E","M","M","4","5eda4814fe5ec9080156e700","06/30/2022, 09:42:18",-1.28823346018059,"30","Female","right",1,1,0,0,FALSE,"E_M_Jimmy_Carr.png E_M_Russell_Howard.png"
2244,"E_M_Russell_Howard.png","P_M_keir_starmer.png","FALSE","pictures/stimuli/E","pictures/stimuli/P","M","M","5","5eda4814fe5ec9080156e700","06/30/2022, 09:42:18",-0.237742655741482,"30","Female","right",1,1,0,0,FALSE,"E_M_Russell_Howard.png P_M_keir_starmer.png"
2522,"E_F_Julie_Walters.png","P_M_keir_starmer.png","FALSE","pictures/stimuli/E","pictures/stimuli/P","F","M","6","5eda4814fe5ec9080156e700","06/30/2022, 09:42:18",0.812748148697623,"30","Female","right",1,1,0,0,FALSE,"E_F_Julie_Walters.png P_M_keir_starmer.png"
3400,"E_M_Simon_Pegg.png","P_M_nigel_farage.png","FALSE","pictures/stimuli/E","pictures/stimuli/P","M","M","6","5eda4814fe5ec9080156e700","06/30/2022, 09:42:18",0.812748148697623,"30","Female","right",1,1,0,0,FALSE,"E_M_Simon_Pegg.png P_M_nigel_farage.png"
3598,"E_F_Jennifer_Saunders.png","E_M_Peter_Kay.png","TRUE","pictures/stimuli/E","pictures/stimuli/E","F","M","3","5eda4814fe5ec9080156e700","06/30/2022, 09:42:18",-2.33872426461969,"30","Female","right",1,1,0,0,FALSE,"E_F_Jennifer_Saunders.png E_M_Peter_Kay.png"
2462,"P_F_nicola_sturge.png","P_F_Theresa_May.png","TRUE","pictures/stimuli/P","pictures/stimuli/P","F","F","5","5eda4814fe5ec9080156e700","06/30/2022, 09:42:18",-0.237742655741482,"30","Female","right",1,1,0,0,FALSE,"P_F_nicola_sturge.png P_F_Theresa_May.png"
1743,"E_M_Michael_McIntyr.png","P_M_david_camer.png","FALSE","pictures/stimuli/E","pictures/stimuli/P","M","M","5","5eda4814fe5ec9080156e700","06/30/2022, 09:42:18",-0.237742655741482,"30","Female","right",1,1,0,0,FALSE,"E_M_Michael_McIntyr.png P_M_david_camer.png"
2314,"E_M_Russell_Howard.png","P_M_Michael_Gove.png","FALSE","pictures/stimuli/E","pictures/stimuli/P","M","M","6","5eda4814fe5ec9080156e700","06/30/2022, 09:42:18",0.812748148697623,"30","Female","right",1,1,0,0,FALSE,"E_M_Russell_Howard.png P_M_Michael_Gove.png"
1908,"E_M_Russell_Howard.png","P_F_nicola_sturge.png","FALSE","pictures/stimuli/E","pictures/stimuli/P","M","F","6","5eda4814fe5ec9080156e700","06/30/2022, 09:42:18",0.812748148697623,"30","Female","right",1,1,0,0,FALSE,"E_M_Russell_Howard.png P_F_nicola_sturge.png"
3180,"E_M_Peter_Kay.png","P_M_Michael_Gove.png","FALSE","pictures/stimuli/E","pictures/stimuli/P","M","M","6","5eda4814fe5ec9080156e700","06/30/2022, 09:42:18",0.812748148697623,"30","Female","right",1,1,0,0,FALSE,"E_M_Peter_Kay.png P_M_Michael_Gove.png"
8434,"E_M_Peter_Kay.png","P_M_Tony_Blair.png","FALSE","pictures/stimuli/E","pictures/stimuli/P","M","M","6","5eda4814fe5ec9080156e700","06/30/2022, 09:42:18",0.812748148697623,"30","Female","right",1,1,0,0,FALSE,"E_M_Peter_Kay.png P_M_Tony_Blair.png"
4260,"E_M_Simon_Pegg.png","P_M_Gordon_Brown.png","FALSE","pictures/stimuli/E","pictures/stimuli/P","M","M","6","5eda4814fe5ec9080156e700","06/30/2022, 09:42:18",0.812748148697623,"30","Female","right",1,1,0,0,FALSE,"E_M_Simon_Pegg.png P_M_Gordon_Brown.png"
2486,"E_F_Jennifer_Saunders.png","P_M_jeremy_corbyn.png","FALSE","pictures/stimuli/E","pictures/stimuli/P","F","M","6","5eda4814fe5ec9080156e700","06/30/2022, 09:42:18",0.812748148697623,"30","Female","right",1,1,0,0,FALSE,"E_F_Jennifer_Saunders.png P_M_jeremy_corbyn.png"
2564,"E_M_Peter_Kay.png","P_M_Gordon_Brown.png","FALSE","pictures/stimuli/E","pictures/stimuli/P","M","M","6","5eda4814fe5ec9080156e700","06/30/2022, 09:42:18",0.812748148697623,"30","Female","right",1,1,0,0,FALSE,"E_M_Peter_Kay.png P_M_Gordon_Brown.png"
2273,"E_M_Michael_McIntyr.png","P_M_nigel_farage.png","FALSE","pictures/stimuli/E","pictures/stimuli/P","M","M","6","5eda4814fe5ec9080156e700","06/30/2022, 09:42:18",0.812748148697623,"30","Female","right",1,1,0,0,FALSE,"E_M_Michael_McIntyr.png P_M_nigel_farage.png"
1902,"E_F_Julie_Walters.png","P_M_Michael_Gove.png","FALSE","pictures/stimuli/E","pictures/stimuli/P","F","M","6","5eda4814fe5ec9080156e700","06/30/2022, 09:42:18",0.812748148697623,"30","Female","right",1,1,0,0,FALSE,"E_F_Julie_Walters.png P_M_Michael_Gove.png"
2352,"E_F_Jennifer_Saunders.png","P_M_david_camer.png","FALSE","pictures/stimuli/E","pictures/stimuli/P","F","M","6","5eda4814fe5ec9080156e700","06/30/2022, 09:42:18",0.812748148697623,"30","Female","right",1,1,0,0,FALSE,"E_F_Jennifer_Saunders.png P_M_david_camer.png"
3220,"P_M_david_camer.png","P_M_Tony_Blair.png","TRUE","pictures/stimuli/P","pictures/stimuli/P","M","M","3","5eda4814fe5ec9080156e700","06/30/2022, 09:42:18",-2.33872426461969,"30","Female","right",1,1,0,0,FALSE,"P_M_david_camer.png P_M_Tony_Blair.png"
2134,"E_F_Jennifer_Saunders.png","P_M_Sajid_Javid.png","FALSE","pictures/stimuli/E","pictures/stimuli/P","F","M","6","5eda4814fe5ec9080156e700","06/30/2022, 09:42:18",0.812748148697623,"30","Female","right",1,1,0,0,FALSE,"E_F_Jennifer_Saunders.png P_M_Sajid_Javid.png"
2840,"E_F_Dawn_Roma_French.png","E_M_Ewan_McGregor.png","TRUE","pictures/stimuli/E","pictures/stimuli/E","F","M","5","5eda4814fe5ec9080156e700","06/30/2022, 09:42:18",-0.237742655741482,"30","Female","right",1,1,0,0,FALSE,"E_F_Dawn_Roma_French.png E_M_Ewan_McGregor.png"
3336,"P_M_Michael_Gove.png","P_M_Tony_Blair.png","TRUE","pictures/stimuli/P","pictures/stimuli/P","M","M","4","5eda4814fe5ec9080156e700","06/30/2022, 09:42:18",-1.28823346018059,"30","Female","right",1,1,0,0,FALSE,"P_M_Michael_Gove.png P_M_Tony_Blair.png"
1854,"E_F_Jennifer_Saunders.png","E_M_Michael_McIntyr.png","TRUE","pictures/stimuli/E","pictures/stimuli/E","F","M","6","5eda4814fe5ec9080156e700","06/30/2022, 09:42:18",0.812748148697623,"30","Female","right",1,1,0,0,FALSE,"E_F_Jennifer_Saunders.png E_M_Michael_McIntyr.png"
2816,"P_F_Theresa_May.png","P_M_nigel_farage.png","TRUE","pictures/stimuli/P","pictures/stimuli/P","F","M","4","5eda4814fe5ec9080156e700","06/30/2022, 09:42:18",-1.28823346018059,"30","Female","right",1,1,0,0,FALSE,"P_F_Theresa_May.png P_M_nigel_farage.png"
2330,"P_M_keir_starmer.png","P_M_Tony_Blair.png","TRUE","pictures/stimuli/P","pictures/stimuli/P","M","M","3","5eda4814fe5ec9080156e700","06/30/2022, 09:42:18",-2.33872426461969,"30","Female","right",1,1,0,0,FALSE,"P_M_keir_starmer.png P_M_Tony_Blair.png"
3556,"E_M_Russell_Howard.png","P_M_david_camer.png","FALSE","pictures/stimuli/E","pictures/stimuli/P","M","M","6","5eda4814fe5ec9080156e700","06/30/2022, 09:42:18",0.812748148697623,"30","Female","right",1,1,0,0,FALSE,"E_M_Russell_Howard.png P_M_david_camer.png"
3440,"E_M_Ewan_McGregor.png","P_F_nicola_sturge.png","FALSE","pictures/stimuli/E","pictures/stimuli/P","M","F","5","5eda4814fe5ec9080156e700","06/30/2022, 09:42:18",-0.237742655741482,"30","Female","right",1,1,0,0,FALSE,"E_M_Ewan_McGregor.png P_F_nicola_sturge.png"
2298,"E_F_Julie_Walters.png","E_M_Jimmy_Carr.png","TRUE","pictures/stimuli/E","pictures/stimuli/E","F","M","6","5eda4814fe5ec9080156e700","06/30/2022, 09:42:18",0.812748148697623,"30","Female","right",1,1,0,0,FALSE,"E_F_Julie_Walters.png E_M_Jimmy_Carr.png"
8054,"E_F_Sarah_Millican.png","E_M_Peter_Kay.png","TRUE","pictures/stimuli/E","pictures/stimuli/E","F","M","3","5eda4814fe5ec9080156e700","06/30/2022, 09:42:18",-2.33872426461969,"30","Female","right",1,1,0,0,FALSE,"E_F_Sarah_Millican.png E_M_Peter_Kay.png"
2479,"E_F_Sarah_Millican.png","E_M_Russell_Howard.png","TRUE","pictures/stimuli/E","pictures/stimuli/E","F","M","4","5eda4814fe5ec9080156e700","06/30/2022, 09:42:18",-1.28823346018059,"30","Female","right",1,1,0,0,FALSE,"E_F_Sarah_Millican.png E_M_Russell_Howard.png"
3560,"P_F_nicola_sturge.png","P_M_Gordon_Brown.png","TRUE","pictures/stimuli/P","pictures/stimuli/P","F","M","5","5eda4814fe5ec9080156e700","06/30/2022, 09:42:18",-0.237742655741482,"30","Female","right",1,1,0,0,FALSE,"P_F_nicola_sturge.png P_M_Gordon_Brown.png"
1961,"E_M_Simon_Pegg.png","P_M_Sajid_Javid.png","FALSE","pictures/stimuli/E","pictures/stimuli/P","M","M","6","5eda4814fe5ec9080156e700","06/30/2022, 09:42:18",0.812748148697623,"30","Female","right",1,1,0,0,FALSE,"E_M_Simon_Pegg.png P_M_Sajid_Javid.png"
1984,"E_F_Dawn_Roma_French.png","P_M_nigel_farage.png","FALSE","pictures/stimuli/E","pictures/stimuli/P","F","M","6","5eda4814fe5ec9080156e700","06/30/2022, 09:42:18",0.812748148697623,"30","Female","right",1,1,0,0,FALSE,"E_F_Dawn_Roma_French.png P_M_nigel_farage.png"
2149,"E_M_Jimmy_Carr.png","P_M_jeremy_corbyn.png","FALSE","pictures/stimuli/E","pictures/stimuli/P","M","M","6","5eda4814fe5ec9080156e700","06/30/2022, 09:42:18",0.812748148697623,"30","Female","right",1,1,0,0,FALSE,"E_M_Jimmy_Carr.png P_M_jeremy_corbyn.png"
1906,"E_M_Michael_McIntyr.png","P_M_Tony_Blair.png","FALSE","pictures/stimuli/E","pictures/stimuli/P","M","M","6","5eda4814fe5ec9080156e700","06/30/2022, 09:42:18",0.812748148697623,"30","Female","right",1,1,0,0,FALSE,"E_M_Michael_McIntyr.png P_M_Tony_Blair.png"
1864,"E_F_Julie_Walters.png","P_F_nicola_sturge.png","FALSE","pictures/stimuli/E","pictures/stimuli/P","F","F","5","5eda4814fe5ec9080156e700","06/30/2022, 09:42:18",-0.237742655741482,"30","Female","right",1,1,0,0,FALSE,"E_F_Julie_Walters.png P_F_nicola_sturge.png"
2000,"E_M_Simon_Pegg.png","P_M_Tony_Blair.png","FALSE","pictures/stimuli/E","pictures/stimuli/P","M","M","6","5eda4814fe5ec9080156e700","06/30/2022, 09:42:18",0.812748148697623,"30","Female","right",1,1,0,0,FALSE,"E_M_Simon_Pegg.png P_M_Tony_Blair.png"
4129,"E_F_Jennifer_Saunders.png","P_M_keir_starmer.png","FALSE","pictures/stimuli/E","pictures/stimuli/P","F","M","5","5eda4814fe5ec9080156e700","06/30/2022, 09:42:18",-0.237742655741482,"30","Female","right",1,1,0,0,FALSE,"E_F_Jennifer_Saunders.png P_M_keir_starmer.png"
2695,"E_M_Jimmy_Carr.png","E_M_Simon_Pegg.png","TRUE","pictures/stimuli/E","pictures/stimuli/E","M","M","4","5eda4814fe5ec9080156e700","06/30/2022, 09:42:18",-1.28823346018059,"30","Female","right",1,1,0,0,FALSE,"E_M_Jimmy_Carr.png E_M_Simon_Pegg.png"
1971,"E_M_Michael_McIntyr.png","P_M_jeremy_corbyn.png","FALSE","pictures/stimuli/E","pictures/stimuli/P","M","M","5","5eda4814fe5ec9080156e700","06/30/2022, 09:42:18",-0.237742655741482,"30","Female","right",1,1,0,0,FALSE,"E_M_Michael_McIntyr.png P_M_jeremy_corbyn.png"
9942,"P_M_jeremy_corbyn.png","P_M_keir_starmer.png","TRUE","pictures/stimuli/P","pictures/stimuli/P","M","M","3","5eda4814fe5ec9080156e700","06/30/2022, 09:42:18",-2.33872426461969,"30","Female","right",1,1,0,0,FALSE,"P_M_jeremy_corbyn.png P_M_keir_starmer.png"
2748,"E_M_Ewan_McGregor.png","P_F_Theresa_May.png","FALSE","pictures/stimuli/E","pictures/stimuli/P","M","F","6","5eda4814fe5ec9080156e700","06/30/2022, 09:42:18",0.812748148697623,"30","Female","right",1,1,0,0,FALSE,"E_M_Ewan_McGregor.png P_F_Theresa_May.png"
2079,"P_M_david_camer.png","P_M_Sajid_Javid.png","TRUE","pictures/stimuli/P","pictures/stimuli/P","M","M","6","5eda4814fe5ec9080156e700","06/30/2022, 09:42:18",0.812748148697623,"30","Female","right",1,1,0,0,FALSE,"P_M_david_camer.png P_M_Sajid_Javid.png"
2612,"E_M_Ewan_McGregor.png","P_M_Michael_Gove.png","FALSE","pictures/stimuli/E","pictures/stimuli/P","M","M","6","5eda4814fe5ec9080156e700","06/30/2022, 09:42:18",0.812748148697623,"30","Female","right",1,1,0,0,FALSE,"E_M_Ewan_McGregor.png P_M_Michael_Gove.png"
1587,"E_M_Michael_McIntyr.png","P_F_nicola_sturge.png","FALSE","pictures/stimuli/E","pictures/stimuli/P","M","F","6","5eda4814fe5ec9080156e700","06/30/2022, 09:42:18",0.812748148697623,"30","Female","right",1,1,0,0,FALSE,"E_M_Michael_McIntyr.png P_F_nicola_sturge.png"
2140,"E_F_Jennifer_Saunders.png","E_M_Simon_Pegg.png","TRUE","pictures/stimuli/E","pictures/stimuli/E","F","M","5","5eda4814fe5ec9080156e700","06/30/2022, 09:42:18",-0.237742655741482,"30","Female","right",1,1,0,0,FALSE,"E_F_Jennifer_Saunders.png E_M_Simon_Pegg.png"
1921,"E_F_Julie_Walters.png","P_M_Gordon_Brown.png","FALSE","pictures/stimuli/E","pictures/stimuli/P","F","M","5","5eda4814fe5ec9080156e700","06/30/2022, 09:42:18",-0.237742655741482,"30","Female","right",1,1,0,0,FALSE,"E_F_Julie_Walters.png P_M_Gordon_Brown.png"
3149,"P_F_Theresa_May.png","P_M_keir_starmer.png","TRUE","pictures/stimuli/P","pictures/stimuli/P","F","M","4","5eda4814fe5ec9080156e700","06/30/2022, 09:42:18",-1.28823346018059,"30","Female","right",1,1,0,0,FALSE,"P_F_Theresa_May.png P_M_keir_starmer.png"
2275,"P_M_keir_starmer.png","P_M_nigel_farage.png","TRUE","pictures/stimuli/P","pictures/stimuli/P","M","M","6","5eda4814fe5ec9080156e700","06/30/2022, 09:42:18",0.812748148697623,"30","Female","right",1,1,0,0,FALSE,"P_M_keir_starmer.png P_M_nigel_farage.png"
2112,"E_M_Jimmy_Carr.png","P_M_Michael_Gove.png","FALSE","pictures/stimuli/E","pictures/stimuli/P","M","M","6","5eda4814fe5ec9080156e700","06/30/2022, 09:42:18",0.812748148697623,"30","Female","right",1,1,0,0,FALSE,"E_M_Jimmy_Carr.png P_M_Michael_Gove.png"
3615,"P_F_Theresa_May.png","P_M_Michael_Gove.png","TRUE","pictures/stimuli/P","pictures/stimuli/P","F","M","3","5eda4814fe5ec9080156e700","06/30/2022, 09:42:18",-2.33872426461969,"30","Female","right",1,1,0,0,FALSE,"P_F_Theresa_May.png P_M_Michael_Gove.png"
2313,"E_M_Ewan_McGregor.png","E_M_Jimmy_Carr.png","TRUE","pictures/stimuli/E","pictures/stimuli/E","M","M","5","5eda4814fe5ec9080156e700","06/30/2022, 09:42:18",-0.237742655741482,"30","Female","right",1,1,0,0,FALSE,"E_M_Ewan_McGregor.png E_M_Jimmy_Carr.png"
1844,"E_F_Jennifer_Saunders.png","P_F_Theresa_May.png","FALSE","pictures/stimuli/E","pictures/stimuli/P","F","F","5","5eda4814fe5ec9080156e700","06/30/2022, 09:42:18",-0.237742655741482,"30","Female","right",1,1,0,0,FALSE,"E_F_Jennifer_Saunders.png P_F_Theresa_May.png"
1907,"P_M_Gordon_Brown.png","P_M_Sajid_Javid.png","TRUE","pictures/stimuli/P","pictures/stimuli/P","M","M","5","5eda4814fe5ec9080156e700","06/30/2022, 09:42:18",-0.237742655741482,"30","Female","right",1,1,0,0,FALSE,"P_M_Gordon_Brown.png P_M_Sajid_Javid.png"
2225,"E_F_Dawn_Roma_French.png","P_M_david_camer.png","FALSE","pictures/stimuli/E","pictures/stimuli/P","F","M","6","5eda4814fe5ec9080156e700","06/30/2022, 09:42:18",0.812748148697623,"30","Female","right",1,1,0,0,FALSE,"E_F_Dawn_Roma_French.png P_M_david_camer.png"
2261,"E_F_Dawn_Roma_French.png","P_M_Michael_Gove.png","FALSE","pictures/stimuli/E","pictures/stimuli/P","F","M","6","5eda4814fe5ec9080156e700","06/30/2022, 09:42:18",0.812748148697623,"30","Female","right",1,1,0,0,FALSE,"E_F_Dawn_Roma_French.png P_M_Michael_Gove.png"
2256,"E_M_Peter_Kay.png","P_F_Theresa_May.png","FALSE","pictures/stimuli/E","pictures/stimuli/P","M","F","6","5eda4814fe5ec9080156e700","06/30/2022, 09:42:18",0.812748148697623,"30","Female","right",1,1,0,0,FALSE,"E_M_Peter_Kay.png P_F_Theresa_May.png"
1953,"E_M_Jimmy_Carr.png","P_M_nigel_farage.png","FALSE","pictures/stimuli/E","pictures/stimuli/P","M","M","6","5eda4814fe5ec9080156e700","06/30/2022, 09:42:18",0.812748148697623,"30","Female","right",1,1,0,0,FALSE,"E_M_Jimmy_Carr.png P_M_nigel_farage.png"
2787,"P_F_Theresa_May.png","P_M_david_camer.png","TRUE","pictures/stimuli/P","pictures/stimuli/P","F","M","4","5eda4814fe5ec9080156e700","06/30/2022, 09:42:18",-1.28823346018059,"30","Female","right",1,1,0,0,FALSE,"P_F_Theresa_May.png P_M_david_camer.png"
1928,"E_F_Sarah_Millican.png","P_M_Tony_Blair.png","FALSE","pictures/stimuli/E","pictures/stimuli/P","F","M","5","5eda4814fe5ec9080156e700","06/30/2022, 09:42:18",-0.237742655741482,"30","Female","right",1,1,0,0,FALSE,"E_F_Sarah_Millican.png P_M_Tony_Blair.png"
2014,"E_M_Peter_Kay.png","P_M_jeremy_corbyn.png","FALSE","pictures/stimuli/E","pictures/stimuli/P","M","M","6","5eda4814fe5ec9080156e700","06/30/2022, 09:42:18",0.812748148697623,"30","Female","right",1,1,0,0,FALSE,"E_M_Peter_Kay.png P_M_jeremy_corbyn.png"
1549,"E_M_Jimmy_Carr.png","P_M_Gordon_Brown.png","FALSE","pictures/stimuli/E","pictures/stimuli/P","M","M","6","5eda4814fe5ec9080156e700","06/30/2022, 09:42:18",0.812748148697623,"30","Female","right",1,1,0,0,FALSE,"E_M_Jimmy_Carr.png P_M_Gordon_Brown.png"
1341,"E_F_Julie_Walters.png","P_M_jeremy_corbyn.png","FALSE","pictures/stimuli/E","pictures/stimuli/P","F","M","6","5eda4814fe5ec9080156e700","06/30/2022, 09:42:18",0.812748148697623,"30","Female","right",1,1,0,0,FALSE,"E_F_Julie_Walters.png P_M_jeremy_corbyn.png"
2709,"E_F_Sarah_Millican.png","E_M_Jimmy_Carr.png","TRUE","pictures/stimuli/E","pictures/stimuli/E","F","M","3","5eda4814fe5ec9080156e700","06/30/2022, 09:42:18",-2.33872426461969,"30","Female","right",1,1,0,0,FALSE,"E_F_Sarah_Millican.png E_M_Jimmy_Carr.png"
4987,"E_F_Dawn_Roma_French.png","E_F_Jennifer_Saunders.png","TRUE","pictures/stimuli/E","pictures/stimuli/E","F","F","2","5eda4814fe5ec9080156e700","06/30/2022, 09:42:18",-3.3892150690588,"30","Female","right",1,1,0,0,FALSE,"E_F_Dawn_Roma_French.png E_F_Jennifer_Saunders.png"
1768,"E_M_Ewan_McGregor.png","P_M_keir_starmer.png","FALSE","pictures/stimuli/E","pictures/stimuli/P","M","M","5","5eda4814fe5ec9080156e700","06/30/2022, 09:42:18",-0.237742655741482,"30","Female","right",1,1,0,0,FALSE,"E_M_Ewan_McGregor.png P_M_keir_starmer.png"
3719,"P_M_keir_starmer.png","P_M_Michael_Gove.png","TRUE","pictures/stimuli/P","pictures/stimuli/P","M","M","5","5eda4814fe5ec9080156e700","06/30/2022, 09:42:18",-0.237742655741482,"30","Female","right",1,1,0,0,FALSE,"P_M_keir_starmer.png P_M_Michael_Gove.png"
6180,"E_M_Jimmy_Carr.png","P_M_keir_starmer.png","FALSE","pictures/stimuli/E","pictures/stimuli/P","M","M","5","5eda4814fe5ec9080156e700","06/30/2022, 09:42:18",-0.237742655741482,"30","Female","right",1,1,0,0,FALSE,"E_M_Jimmy_Carr.png P_M_keir_starmer.png"
4250,"P_F_nicola_sturge.png","P_M_Tony_Blair.png","TRUE","pictures/stimuli/P","pictures/stimuli/P","F","M","5","5eda4814fe5ec9080156e700","06/30/2022, 09:42:18",-0.237742655741482,"30","Female","right",1,1,0,0,FALSE,"P_F_nicola_sturge.png P_M_Tony_Blair.png"
1875,"E_M_Simon_Pegg.png","P_M_Michael_Gove.png","FALSE","pictures/stimuli/E","pictures/stimuli/P","M","M","6","5eda4814fe5ec9080156e700","06/30/2022, 09:42:18",0.812748148697623,"30","Female","right",1,1,0,0,FALSE,"E_M_Simon_Pegg.png P_M_Michael_Gove.png"
2786,"P_M_Gordon_Brown.png","P_M_Tony_Blair.png","TRUE","pictures/stimuli/P","pictures/stimuli/P","M","M","2","5eda4814fe5ec9080156e700","06/30/2022, 09:42:18",-3.3892150690588,"30","Female","right",1,1,0,0,FALSE,"P_M_Gordon_Brown.png P_M_Tony_Blair.png"
3270,"E_M_Russell_Howard.png","P_F_Theresa_May.png","FALSE","pictures/stimuli/E","pictures/stimuli/P","M","F","5","5eda4814fe5ec9080156e700","06/30/2022, 09:42:18",-0.237742655741482,"30","Female","right",1,1,0,0,FALSE,"E_M_Russell_Howard.png P_F_Theresa_May.png"
3851,"E_F_Julie_Walters.png","E_F_Sarah_Millican.png","TRUE","pictures/stimuli/E","pictures/stimuli/E","F","F","4","5eda4814fe5ec9080156e700","06/30/2022, 09:42:18",-1.28823346018059,"30","Female","right",1,1,0,0,FALSE,"E_F_Julie_Walters.png E_F_Sarah_Millican.png"
1873,"E_M_Simon_Pegg.png","P_M_david_camer.png","FALSE","pictures/stimuli/E","pictures/stimuli/P","M","M","5","5eda4814fe5ec9080156e700","06/30/2022, 09:42:18",-0.237742655741482,"30","Female","right",1,1,0,0,FALSE,"E_M_Simon_Pegg.png P_M_david_camer.png"
2361,"E_F_Sarah_Millican.png","P_M_Sajid_Javid.png","FALSE","pictures/stimuli/E","pictures/stimuli/P","F","M","6","5eda4814fe5ec9080156e700","06/30/2022, 09:42:18",0.812748148697623,"30","Female","right",1,1,0,0,FALSE,"E_F_Sarah_Millican.png P_M_Sajid_Javid.png"
4204,"E_F_Sarah_Millican.png","P_M_nigel_farage.png","FALSE","pictures/stimuli/E","pictures/stimuli/P","F","M","6","5eda4814fe5ec9080156e700","06/30/2022, 09:42:18",0.812748148697623,"30","Female","right",1,1,0,0,FALSE,"E_F_Sarah_Millican.png P_M_nigel_farage.png"
2621,"E_F_Julie_Walters.png","E_M_Ewan_McGregor.png","TRUE","pictures/stimuli/E","pictures/stimuli/E","F","M","4","5eda4814fe5ec9080156e700","06/30/2022, 09:42:18",-1.28823346018059,"30","Female","right",1,1,0,0,FALSE,"E_F_Julie_Walters.png E_M_Ewan_McGregor.png"
3091,"P_M_david_camer.png","P_M_keir_starmer.png","TRUE","pictures/stimuli/P","pictures/stimuli/P","M","M","4","5eda4814fe5ec9080156e700","06/30/2022, 09:42:18",-1.28823346018059,"30","Female","right",1,1,0,0,FALSE,"P_M_david_camer.png P_M_keir_starmer.png"
2337,"E_M_Jimmy_Carr.png","E_M_Michael_McIntyr.png","TRUE","pictures/stimuli/E","pictures/stimuli/E","M","M","5","5eda4814fe5ec9080156e700","06/30/2022, 09:42:18",-0.237742655741482,"30","Female","right",1,1,0,0,FALSE,"E_M_Jimmy_Carr.png E_M_Michael_McIntyr.png"
3332,"E_M_Jimmy_Carr.png","P_M_david_camer.png","FALSE","pictures/stimuli/E","pictures/stimuli/P","M","M","6","5eda4814fe5ec9080156e700","06/30/2022, 09:42:18",0.812748148697623,"30","Female","right",1,1,0,0,FALSE,"E_M_Jimmy_Carr.png P_M_david_camer.png"
3444,"E_F_Sarah_Millican.png","P_M_keir_starmer.png","FALSE","pictures/stimuli/E","pictures/stimuli/P","F","M","6","5eda4814fe5ec9080156e700","06/30/2022, 09:42:18",0.812748148697623,"30","Female","right",1,1,0,0,FALSE,"E_F_Sarah_Millican.png P_M_keir_starmer.png"
2203,"P_F_nicola_sturge.png","P_M_Michael_Gove.png","TRUE","pictures/stimuli/P","pictures/stimuli/P","F","M","5","5eda4814fe5ec9080156e700","06/30/2022, 09:42:18",-0.237742655741482,"30","Female","right",1,1,0,0,FALSE,"P_F_nicola_sturge.png P_M_Michael_Gove.png"
2245,"E_F_Sarah_Millican.png","E_M_Simon_Pegg.png","TRUE","pictures/stimuli/E","pictures/stimuli/E","F","M","4","5eda4814fe5ec9080156e700","06/30/2022, 09:42:18",-1.28823346018059,"30","Female","right",1,1,0,0,FALSE,"E_F_Sarah_Millican.png E_M_Simon_Pegg.png"
1811,"P_M_jeremy_corbyn.png","P_M_nigel_farage.png","TRUE","pictures/stimuli/P","pictures/stimuli/P","M","M","5","5eda4814fe5ec9080156e700","06/30/2022, 09:42:18",-0.237742655741482,"30","Female","right",1,1,0,0,FALSE,"P_M_jeremy_corbyn.png P_M_nigel_farage.png"
2354,"E_M_Simon_Pegg.png","P_M_jeremy_corbyn.png","FALSE","pictures/stimuli/E","pictures/stimuli/P","M","M","6","5eda4814fe5ec9080156e700","06/30/2022, 09:42:18",0.812748148697623,"30","Female","right",1,1,0,0,FALSE,"E_M_Simon_Pegg.png P_M_jeremy_corbyn.png"
2551,"E_M_Ewan_McGregor.png","E_M_Michael_McIntyr.png","TRUE","pictures/stimuli/E","pictures/stimuli/E","M","M","5","5eda4814fe5ec9080156e700","06/30/2022, 09:42:18",-0.237742655741482,"30","Female","right",1,1,0,0,FALSE,"E_M_Ewan_McGregor.png E_M_Michael_McIntyr.png"
2670,"P_M_Michael_Gove.png","P_M_Sajid_Javid.png","TRUE","pictures/stimuli/P","pictures/stimuli/P","M","M","5","5eda4814fe5ec9080156e700","06/30/2022, 09:42:18",-0.237742655741482,"30","Female","right",1,1,0,0,FALSE,"P_M_Michael_Gove.png P_M_Sajid_Javid.png"
3612,"P_M_Gordon_Brown.png","P_M_keir_starmer.png","TRUE","pictures/stimuli/P","pictures/stimuli/P","M","M","2","5eda4814fe5ec9080156e700","06/30/2022, 09:42:18",-3.3892150690588,"30","Female","right",1,1,0,0,FALSE,"P_M_Gordon_Brown.png P_M_keir_starmer.png"
3010,"P_M_david_camer.png","P_M_jeremy_corbyn.png","TRUE","pictures/stimuli/P","pictures/stimuli/P","M","M","4","5eda4814fe5ec9080156e700","06/30/2022, 09:42:18",-1.28823346018059,"30","Female","right",1,1,0,0,FALSE,"P_M_david_camer.png P_M_jeremy_corbyn.png"
2080,"E_F_Julie_Walters.png","P_M_david_camer.png","FALSE","pictures/stimuli/E","pictures/stimuli/P","F","M","5","5eda4814fe5ec9080156e700","06/30/2022, 09:42:18",-0.237742655741482,"30","Female","right",1,1,0,0,FALSE,"E_F_Julie_Walters.png P_M_david_camer.png"
2333,"E_M_Peter_Kay.png","P_M_keir_starmer.png","FALSE","pictures/stimuli/E","pictures/stimuli/P","M","M","4","5eda4814fe5ec9080156e700","06/30/2022, 09:42:18",-1.28823346018059,"30","Female","right",1,1,0,0,FALSE,"E_M_Peter_Kay.png P_M_keir_starmer.png"
2277,"E_F_Jennifer_Saunders.png","E_M_Russell_Howard.png","TRUE","pictures/stimuli/E","pictures/stimuli/E","F","M","4","5eda4814fe5ec9080156e700","06/30/2022, 09:42:18",-1.28823346018059,"30","Female","right",1,1,0,0,FALSE,"E_F_Jennifer_Saunders.png E_M_Russell_Howard.png"
2444,"E_F_Dawn_Roma_French.png","P_M_keir_starmer.png","FALSE","pictures/stimuli/E","pictures/stimuli/P","F","M","5","5eda4814fe5ec9080156e700","06/30/2022, 09:42:18",-0.237742655741482,"30","Female","right",1,1,0,0,FALSE,"E_F_Dawn_Roma_French.png P_M_keir_starmer.png"
1869,"E_F_Julie_Walters.png","P_M_Tony_Blair.png","FALSE","pictures/stimuli/E","pictures/stimuli/P","F","M","5","5eda4814fe5ec9080156e700","06/30/2022, 09:42:18",-0.237742655741482,"30","Female","right",1,1,0,0,FALSE,"E_F_Julie_Walters.png P_M_Tony_Blair.png"
5030,"E_M_Ewan_McGregor.png","E_M_Russell_Howard.png","TRUE","pictures/stimuli/E","pictures/stimuli/E","M","M","4","5eda4814fe5ec9080156e700","06/30/2022, 09:42:18",-1.28823346018059,"30","Female","right",1,1,0,0,FALSE,"E_M_Ewan_McGregor.png E_M_Russell_Howard.png"
3202,"P_M_jeremy_corbyn.png","P_M_Michael_Gove.png","TRUE","pictures/stimuli/P","pictures/stimuli/P","M","M","5","5eda4814fe5ec9080156e700","06/30/2022, 09:42:18",-0.237742655741482,"30","Female","right",1,1,0,0,FALSE,"P_M_jeremy_corbyn.png P_M_Michael_Gove.png"
3035,"P_F_nicola_sturge.png","P_M_nigel_farage.png","TRUE","pictures/stimuli/P","pictures/stimuli/P","F","M","6","5eda4814fe5ec9080156e700","06/30/2022, 09:42:18",0.812748148697623,"30","Female","right",1,1,0,0,FALSE,"P_F_nicola_sturge.png P_M_nigel_farage.png"
4140,"E_M_Michael_McIntyr.png","P_M_Gordon_Brown.png","FALSE","pictures/stimuli/E","pictures/stimuli/P","M","M","4","5eda4814fe5ec9080156e700","06/30/2022, 09:42:18",-1.28823346018059,"30","Female","right",1,1,0,0,FALSE,"E_M_Michael_McIntyr.png P_M_Gordon_Brown.png"
2258,"E_M_Russell_Howard.png","P_M_nigel_farage.png","FALSE","pictures/stimuli/E","pictures/stimuli/P","M","M","6","5eda4814fe5ec9080156e700","06/30/2022, 09:42:18",0.812748148697623,"30","Female","right",1,1,0,0,FALSE,"E_M_Russell_Howard.png P_M_nigel_farage.png"
2128,"E_F_Sarah_Millican.png","P_M_Gordon_Brown.png","FALSE","pictures/stimuli/E","pictures/stimuli/P","F","M","6","5eda4814fe5ec9080156e700","06/30/2022, 09:42:18",0.812748148697623,"30","Female","right",1,1,0,0,FALSE,"E_F_Sarah_Millican.png P_M_Gordon_Brown.png"
3507,"E_M_Peter_Kay.png","P_M_Sajid_Javid.png","FALSE","pictures/stimuli/E","pictures/stimuli/P","M","M","6","5eda4814fe5ec9080156e700","06/30/2022, 09:42:18",0.812748148697623,"30","Female","right",1,1,0,0,FALSE,"E_M_Peter_Kay.png P_M_Sajid_Javid.png"
3458,"E_M_Ewan_McGregor.png","P_M_Sajid_Javid.png","FALSE","pictures/stimuli/E","pictures/stimuli/P","M","M","6","5eda4814fe5ec9080156e700","06/30/2022, 09:42:18",0.812748148697623,"30","Female","right",1,1,0,0,FALSE,"E_M_Ewan_McGregor.png P_M_Sajid_Javid.png"
1752,"E_M_Russell_Howard.png","P_M_Sajid_Javid.png","FALSE","pictures/stimuli/E","pictures/stimuli/P","M","M","6","5eda4814fe5ec9080156e700","06/30/2022, 09:42:18",0.812748148697623,"30","Female","right",1,1,0,0,FALSE,"E_M_Russell_Howard.png P_M_Sajid_Javid.png"
2109,"E_F_Jennifer_Saunders.png","P_M_Tony_Blair.png","FALSE","pictures/stimuli/E","pictures/stimuli/P","F","M","5","5eda4814fe5ec9080156e700","06/30/2022, 09:42:18",-0.237742655741482,"30","Female","right",1,1,0,0,FALSE,"E_F_Jennifer_Saunders.png P_M_Tony_Blair.png"
1789,"E_F_Dawn_Roma_French.png","P_M_Gordon_Brown.png","FALSE","pictures/stimuli/E","pictures/stimuli/P","F","M","5","5eda4814fe5ec9080156e700","06/30/2022, 09:42:18",-0.237742655741482,"30","Female","right",1,1,0,0,FALSE,"E_F_Dawn_Roma_French.png P_M_Gordon_Brown.png"
2878,"P_M_Sajid_Javid.png","P_M_Tony_Blair.png","TRUE","pictures/stimuli/P","pictures/stimuli/P","M","M","5","5eda4814fe5ec9080156e700","06/30/2022, 09:42:18",-0.237742655741482,"30","Female","right",1,1,0,0,FALSE,"P_M_Sajid_Javid.png P_M_Tony_Blair.png"
2173,"E_M_Ewan_McGregor.png","P_M_Gordon_Brown.png","FALSE","pictures/stimuli/E","pictures/stimuli/P","M","M","5","5eda4814fe5ec9080156e700","06/30/2022, 09:42:18",-0.237742655741482,"30","Female","right",1,1,0,0,FALSE,"E_M_Ewan_McGregor.png P_M_Gordon_Brown.png"
1556,"P_M_david_camer.png","P_M_Michael_Gove.png","TRUE","pictures/stimuli/P","pictures/stimuli/P","M","M","5","5eda4814fe5ec9080156e700","06/30/2022, 09:42:18",-0.237742655741482,"30","Female","right",1,1,0,0,FALSE,"P_M_david_camer.png P_M_Michael_Gove.png"
2793,"P_M_david_camer.png","P_M_Gordon_Brown.png","TRUE","pictures/stimuli/P","pictures/stimuli/P","M","M","5","5eda4814fe5ec9080156e700","06/30/2022, 09:42:18",-0.237742655741482,"30","Female","right",1,1,0,0,FALSE,"P_M_david_camer.png P_M_Gordon_Brown.png"
1982,"E_F_Sarah_Millican.png","P_M_jeremy_corbyn.png","FALSE","pictures/stimuli/E","pictures/stimuli/P","F","M","5","5eda4814fe5ec9080156e700","06/30/2022, 09:42:18",-0.237742655741482,"30","Female","right",1,1,0,0,FALSE,"E_F_Sarah_Millican.png P_M_jeremy_corbyn.png"
2614,"E_M_Simon_Pegg.png","P_M_keir_starmer.png","FALSE","pictures/stimuli/E","pictures/stimuli/P","M","M","4","5eda4814fe5ec9080156e700","06/30/2022, 09:42:18",-1.28823346018059,"30","Female","right",1,1,0,0,FALSE,"E_M_Simon_Pegg.png P_M_keir_starmer.png"
3752,"P_M_Michael_Gove.png","P_M_nigel_farage.png","TRUE","pictures/stimuli/P","pictures/stimuli/P","M","M","3","5eda4814fe5ec9080156e700","06/30/2022, 09:42:18",-2.33872426461969,"30","Female","right",1,1,0,0,FALSE,"P_M_Michael_Gove.png P_M_nigel_farage.png"
2412,"E_F_Jennifer_Saunders.png","E_F_Julie_Walters.png","TRUE","pictures/stimuli/E","pictures/stimuli/E","F","F","5","5eda4814fe5ec9080156e700","06/30/2022, 09:42:18",-0.237742655741482,"30","Female","right",1,1,0,0,FALSE,"E_F_Jennifer_Saunders.png E_F_Julie_Walters.png"
3921,"E_F_Jennifer_Saunders.png","E_F_Sarah_Millican.png","TRUE","pictures/stimuli/E","pictures/stimuli/E","F","F","4","5eda4814fe5ec9080156e700","06/30/2022, 09:42:18",-1.28823346018059,"30","Female","right",1,1,0,0,FALSE,"E_F_Jennifer_Saunders.png E_F_Sarah_Millican.png"
3608,"E_M_Michael_McIntyr.png","P_F_Theresa_May.png","FALSE","pictures/stimuli/E","pictures/stimuli/P","M","F","6","5eda4814fe5ec9080156e700","06/30/2022, 09:42:18",0.812748148697623,"30","Female","right",1,1,0,0,FALSE,"E_M_Michael_McIntyr.png P_F_Theresa_May.png"
8817,"E_M_Peter_Kay.png","E_M_Simon_Pegg.png","TRUE","pictures/stimuli/E","pictures/stimuli/E","M","M","5","5eda4814fe5ec9080156e700","06/30/2022, 09:42:18",-0.237742655741482,"30","Female","right",1,1,0,0,FALSE,"E_M_Peter_Kay.png E_M_Simon_Pegg.png"
5719,"E_M_Michael_McIntyr.png","P_M_Michael_Gove.png","FALSE","pictures/stimuli/E","pictures/stimuli/P","M","M","6","5eda4814fe5ec9080156e700","06/30/2022, 09:42:18",0.812748148697623,"30","Female","right",1,1,0,0,FALSE,"E_M_Michael_McIntyr.png P_M_Michael_Gove.png"
1918,"E_M_Michael_McIntyr.png","E_M_Simon_Pegg.png","TRUE","pictures/stimuli/E","pictures/stimuli/E","M","M","5","5eda4814fe5ec9080156e700","06/30/2022, 09:42:18",-0.237742655741482,"30","Female","right",1,1,0,0,FALSE,"E_M_Michael_McIntyr.png E_M_Simon_Pegg.png"
1712,"E_F_Julie_Walters.png","E_M_Russell_Howard.png","TRUE","pictures/stimuli/E","pictures/stimuli/E","F","M","5","5eda4814fe5ec9080156e700","06/30/2022, 09:42:18",-0.237742655741482,"30","Female","right",1,1,0,0,FALSE,"E_F_Julie_Walters.png E_M_Russell_Howard.png"
2696,"P_F_nicola_sturge.png","P_M_jeremy_corbyn.png","TRUE","pictures/stimuli/P","pictures/stimuli/P","F","M","5","5eda4814fe5ec9080156e700","06/30/2022, 09:42:18",-0.237742655741482,"30","Female","right",1,1,0,0,FALSE,"P_F_nicola_sturge.png P_M_jeremy_corbyn.png"
2831,"E_M_Michael_McIntyr.png","P_M_Sajid_Javid.png","FALSE","pictures/stimuli/E","pictures/stimuli/P","M","M","6","5eda4814fe5ec9080156e700","06/30/2022, 09:42:18",0.812748148697623,"30","Female","right",1,1,0,0,FALSE,"E_M_Michael_McIntyr.png P_M_Sajid_Javid.png"
3079,"E_F_Sarah_Millican.png","P_M_Michael_Gove.png","FALSE","pictures/stimuli/E","pictures/stimuli/P","F","M","6","5eda4814fe5ec9080156e700","06/30/2022, 09:42:18",0.812748148697623,"30","Female","right",1,1,0,0,FALSE,"E_F_Sarah_Millican.png P_M_Michael_Gove.png"
3896,"E_F_Sarah_Millican.png","E_M_Ewan_McGregor.png","TRUE","pictures/stimuli/E","pictures/stimuli/E","F","M","5","5eda4814fe5ec9080156e700","06/30/2022, 09:42:18",-0.237742655741482,"30","Female","right",1,1,0,0,FALSE,"E_F_Sarah_Millican.png E_M_Ewan_McGregor.png"
3534,"P_M_Gordon_Brown.png","P_M_nigel_farage.png","TRUE","pictures/stimuli/P","pictures/stimuli/P","M","M","5","5eda4814fe5ec9080156e700","06/30/2022, 09:42:18",-0.237742655741482,"30","Female","right",1,1,0,0,FALSE,"P_M_Gordon_Brown.png P_M_nigel_farage.png"
2426,"E_M_Jimmy_Carr.png","P_F_Theresa_May.png","FALSE","pictures/stimuli/E","pictures/stimuli/P","M","F","6","5eda4814fe5ec9080156e700","06/30/2022, 09:42:18",0.812748148697623,"30","Female","right",1,1,0,0,FALSE,"E_M_Jimmy_Carr.png P_F_Theresa_May.png"
1992,"E_F_Sarah_Millican.png","P_F_nicola_sturge.png","FALSE","pictures/stimuli/E","pictures/stimuli/P","F","F","6","5eda4814fe5ec9080156e700","06/30/2022, 09:42:18",0.812748148697623,"30","Female","right",1,1,0,0,FALSE,"E_F_Sarah_Millican.png P_F_nicola_sturge.png"
3057,"E_M_Jimmy_Carr.png","P_M_Tony_Blair.png","FALSE","pictures/stimuli/E","pictures/stimuli/P","M","M","6","5eda4814fe5ec9080156e700","06/30/2022, 09:42:18",0.812748148697623,"30","Female","right",1,1,0,0,FALSE,"E_M_Jimmy_Carr.png P_M_Tony_Blair.png"
3290,"E_M_Peter_Kay.png","E_M_Russell_Howard.png","TRUE","pictures/stimuli/E","pictures/stimuli/E","M","M","4","5eda4814fe5ec9080156e700","06/30/2022, 09:42:18",-1.28823346018059,"30","Female","right",1,1,0,0,FALSE,"E_M_Peter_Kay.png E_M_Russell_Howard.png"
3848,"P_F_nicola_sturge.png","P_M_keir_starmer.png","TRUE","pictures/stimuli/P","pictures/stimuli/P","F","M","4","5eda4814fe5ec9080156e700","06/30/2022, 09:42:18",-1.28823346018059,"30","Female","right",1,1,0,0,FALSE,"P_F_nicola_sturge.png P_M_keir_starmer.png"
8708,"P_M_Gordon_Brown.png","P_M_jeremy_corbyn.png","TRUE","pictures/stimuli/P","pictures/stimuli/P","M","M","4","5eda4814fe5ec9080156e700","06/30/2022, 09:42:18",-1.28823346018059,"30","Female","right",1,1,0,0,FALSE,"P_M_Gordon_Brown.png P_M_jeremy_corbyn.png"
3559,"E_M_Michael_McIntyr.png","P_M_nigel_farage.png","FALSE","pictures/stimuli/E","pictures/stimuli/P","M","M","6","5ef0c9b95817dc145532fcee","06/30/2022, 12:02:04",0.276054416630081,"31","Male","right",1,1,0,0,FALSE,"E_M_Michael_McIntyr.png P_M_nigel_farage.png"
5190,"E_M_Michael_McIntyr.png","E_M_Peter_Kay.png","TRUE","pictures/stimuli/E","pictures/stimuli/E","M","M","4","5ef0c9b95817dc145532fcee","06/30/2022, 12:02:04",-3.75858705719418,"31","Male","right",1,1,0,0,FALSE,"E_M_Michael_McIntyr.png E_M_Peter_Kay.png"
3383,"P_F_Theresa_May.png","P_M_Sajid_Javid.png","TRUE","pictures/stimuli/P","pictures/stimuli/P","F","M","6","5ef0c9b95817dc145532fcee","06/30/2022, 12:02:04",0.276054416630081,"31","Male","right",1,1,0,0,FALSE,"P_F_Theresa_May.png P_M_Sajid_Javid.png"
4941,"E_F_Dawn_Roma_French.png","P_M_jeremy_corbyn.png","FALSE","pictures/stimuli/E","pictures/stimuli/P","F","M","6","5ef0c9b95817dc145532fcee","06/30/2022, 12:02:04",0.276054416630081,"31","Male","right",1,1,0,0,FALSE,"E_F_Dawn_Roma_French.png P_M_jeremy_corbyn.png"
4279,"E_F_Julie_Walters.png","P_M_jeremy_corbyn.png","FALSE","pictures/stimuli/E","pictures/stimuli/P","F","M","6","5ef0c9b95817dc145532fcee","06/30/2022, 12:02:04",0.276054416630081,"31","Male","right",1,1,0,0,FALSE,"E_F_Julie_Walters.png P_M_jeremy_corbyn.png"
4424,"E_F_Dawn_Roma_French.png","P_M_Gordon_Brown.png","FALSE","pictures/stimuli/E","pictures/stimuli/P","F","M","4","5ef0c9b95817dc145532fcee","06/30/2022, 12:02:04",-3.75858705719418,"31","Male","right",1,1,0,0,FALSE,"E_F_Dawn_Roma_French.png P_M_Gordon_Brown.png"
2574,"E_M_Peter_Kay.png","P_F_Theresa_May.png","FALSE","pictures/stimuli/E","pictures/stimuli/P","M","F","6","5ef0c9b95817dc145532fcee","06/30/2022, 12:02:04",0.276054416630081,"31","Male","right",1,1,0,0,FALSE,"E_M_Peter_Kay.png P_F_Theresa_May.png"
4380,"E_M_Michael_McIntyr.png","P_M_Michael_Gove.png","FALSE","pictures/stimuli/E","pictures/stimuli/P","M","M","5","5ef0c9b95817dc145532fcee","06/30/2022, 12:02:04",-1.74126632028205,"31","Male","right",1,1,0,0,FALSE,"E_M_Michael_McIntyr.png P_M_Michael_Gove.png"
15909,"E_F_Julie_Walters.png","E_M_Jimmy_Carr.png","TRUE","pictures/stimuli/E","pictures/stimuli/E","F","M","6","5ef0c9b95817dc145532fcee","06/30/2022, 12:02:04",0.276054416630081,"31","Male","right",1,1,0,0,FALSE,"E_F_Julie_Walters.png E_M_Jimmy_Carr.png"
2045,"E_F_Sarah_Millican.png","P_M_Sajid_Javid.png","FALSE","pictures/stimuli/E","pictures/stimuli/P","F","M","6","5ef0c9b95817dc145532fcee","06/30/2022, 12:02:04",0.276054416630081,"31","Male","right",1,1,0,0,FALSE,"E_F_Sarah_Millican.png P_M_Sajid_Javid.png"
1738,"E_M_Jimmy_Carr.png","P_M_Sajid_Javid.png","FALSE","pictures/stimuli/E","pictures/stimuli/P","M","M","6","5ef0c9b95817dc145532fcee","06/30/2022, 12:02:04",0.276054416630081,"31","Male","right",1,1,0,0,FALSE,"E_M_Jimmy_Carr.png P_M_Sajid_Javid.png"
2110,"P_M_Gordon_Brown.png","P_M_jeremy_corbyn.png","TRUE","pictures/stimuli/P","pictures/stimuli/P","M","M","6","5ef0c9b95817dc145532fcee","06/30/2022, 12:02:04",0.276054416630081,"31","Male","right",1,1,0,0,FALSE,"P_M_Gordon_Brown.png P_M_jeremy_corbyn.png"
4661,"E_M_Ewan_McGregor.png","E_M_Simon_Pegg.png","TRUE","pictures/stimuli/E","pictures/stimuli/E","M","M","2","5ef0c9b95817dc145532fcee","06/30/2022, 12:02:04",-7.79322853101844,"31","Male","right",1,1,0,0,FALSE,"E_M_Ewan_McGregor.png E_M_Simon_Pegg.png"
3217,"E_F_Sarah_Millican.png","E_M_Peter_Kay.png","TRUE","pictures/stimuli/E","pictures/stimuli/E","F","M","6","5ef0c9b95817dc145532fcee","06/30/2022, 12:02:04",0.276054416630081,"31","Male","right",1,1,0,0,FALSE,"E_F_Sarah_Millican.png E_M_Peter_Kay.png"
2198,"E_M_Simon_Pegg.png","P_M_Tony_Blair.png","FALSE","pictures/stimuli/E","pictures/stimuli/P","M","M","6","5ef0c9b95817dc145532fcee","06/30/2022, 12:02:04",0.276054416630081,"31","Male","right",1,1,0,0,FALSE,"E_M_Simon_Pegg.png P_M_Tony_Blair.png"
2075,"E_M_Russell_Howard.png","P_M_Tony_Blair.png","FALSE","pictures/stimuli/E","pictures/stimuli/P","M","M","6","5ef0c9b95817dc145532fcee","06/30/2022, 12:02:04",0.276054416630081,"31","Male","right",1,1,0,0,FALSE,"E_M_Russell_Howard.png P_M_Tony_Blair.png"
2315,"E_M_Peter_Kay.png","P_M_nigel_farage.png","FALSE","pictures/stimuli/E","pictures/stimuli/P","M","M","6","5ef0c9b95817dc145532fcee","06/30/2022, 12:02:04",0.276054416630081,"31","Male","right",1,1,0,0,FALSE,"E_M_Peter_Kay.png P_M_nigel_farage.png"
1659,"E_M_Russell_Howard.png","P_M_david_camer.png","FALSE","pictures/stimuli/E","pictures/stimuli/P","M","M","6","5ef0c9b95817dc145532fcee","06/30/2022, 12:02:04",0.276054416630081,"31","Male","right",1,1,0,0,FALSE,"E_M_Russell_Howard.png P_M_david_camer.png"
1837,"E_M_Simon_Pegg.png","P_M_Michael_Gove.png","FALSE","pictures/stimuli/E","pictures/stimuli/P","M","M","6","5ef0c9b95817dc145532fcee","06/30/2022, 12:02:04",0.276054416630081,"31","Male","right",1,1,0,0,FALSE,"E_M_Simon_Pegg.png P_M_Michael_Gove.png"
2057,"E_M_Ewan_McGregor.png","E_M_Peter_Kay.png","TRUE","pictures/stimuli/E","pictures/stimuli/E","M","M","6","5ef0c9b95817dc145532fcee","06/30/2022, 12:02:04",0.276054416630081,"31","Male","right",1,1,0,0,FALSE,"E_M_Ewan_McGregor.png E_M_Peter_Kay.png"
2847,"E_M_Jimmy_Carr.png","P_M_keir_starmer.png","FALSE","pictures/stimuli/E","pictures/stimuli/P","M","M","5","5ef0c9b95817dc145532fcee","06/30/2022, 12:02:04",-1.74126632028205,"31","Male","right",1,1,0,0,FALSE,"E_M_Jimmy_Carr.png P_M_keir_starmer.png"
1828,"E_M_Russell_Howard.png","P_M_nigel_farage.png","FALSE","pictures/stimuli/E","pictures/stimuli/P","M","M","6","5ef0c9b95817dc145532fcee","06/30/2022, 12:02:04",0.276054416630081,"31","Male","right",1,1,0,0,FALSE,"E_M_Russell_Howard.png P_M_nigel_farage.png"
2269,"E_M_Peter_Kay.png","P_M_Tony_Blair.png","FALSE","pictures/stimuli/E","pictures/stimuli/P","M","M","6","5ef0c9b95817dc145532fcee","06/30/2022, 12:02:04",0.276054416630081,"31","Male","right",1,1,0,0,FALSE,"E_M_Peter_Kay.png P_M_Tony_Blair.png"
2011,"E_M_Michael_McIntyr.png","P_M_david_camer.png","FALSE","pictures/stimuli/E","pictures/stimuli/P","M","M","6","5ef0c9b95817dc145532fcee","06/30/2022, 12:02:04",0.276054416630081,"31","Male","right",1,1,0,0,FALSE,"E_M_Michael_McIntyr.png P_M_david_camer.png"
3204,"E_M_Peter_Kay.png","P_M_Gordon_Brown.png","FALSE","pictures/stimuli/E","pictures/stimuli/P","M","M","4","5ef0c9b95817dc145532fcee","06/30/2022, 12:02:04",-3.75858705719418,"31","Male","right",1,1,0,0,FALSE,"E_M_Peter_Kay.png P_M_Gordon_Brown.png"
2070,"E_M_Russell_Howard.png","P_M_Gordon_Brown.png","FALSE","pictures/stimuli/E","pictures/stimuli/P","M","M","6","5ef0c9b95817dc145532fcee","06/30/2022, 12:02:04",0.276054416630081,"31","Male","right",1,1,0,0,FALSE,"E_M_Russell_Howard.png P_M_Gordon_Brown.png"
2149,"E_F_Dawn_Roma_French.png","P_M_Tony_Blair.png","FALSE","pictures/stimuli/E","pictures/stimuli/P","F","M","6","5ef0c9b95817dc145532fcee","06/30/2022, 12:02:04",0.276054416630081,"31","Male","right",1,1,0,0,FALSE,"E_F_Dawn_Roma_French.png P_M_Tony_Blair.png"
2353,"E_F_Jennifer_Saunders.png","E_M_Ewan_McGregor.png","TRUE","pictures/stimuli/E","pictures/stimuli/E","F","M","6","5ef0c9b95817dc145532fcee","06/30/2022, 12:02:04",0.276054416630081,"31","Male","right",1,1,0,0,FALSE,"E_F_Jennifer_Saunders.png E_M_Ewan_McGregor.png"
2043,"P_F_Theresa_May.png","P_M_nigel_farage.png","TRUE","pictures/stimuli/P","pictures/stimuli/P","F","M","6","5ef0c9b95817dc145532fcee","06/30/2022, 12:02:04",0.276054416630081,"31","Male","right",1,1,0,0,FALSE,"P_F_Theresa_May.png P_M_nigel_farage.png"
1513,"E_M_Ewan_McGregor.png","E_M_Jimmy_Carr.png","TRUE","pictures/stimuli/E","pictures/stimuli/E","M","M","6","5ef0c9b95817dc145532fcee","06/30/2022, 12:02:04",0.276054416630081,"31","Male","right",1,1,0,0,FALSE,"E_M_Ewan_McGregor.png E_M_Jimmy_Carr.png"
1783,"E_M_Jimmy_Carr.png","P_M_Tony_Blair.png","FALSE","pictures/stimuli/E","pictures/stimuli/P","M","M","6","5ef0c9b95817dc145532fcee","06/30/2022, 12:02:04",0.276054416630081,"31","Male","right",1,1,0,0,FALSE,"E_M_Jimmy_Carr.png P_M_Tony_Blair.png"
1962,"E_M_Jimmy_Carr.png","P_M_Michael_Gove.png","FALSE","pictures/stimuli/E","pictures/stimuli/P","M","M","6","5ef0c9b95817dc145532fcee","06/30/2022, 12:02:04",0.276054416630081,"31","Male","right",1,1,0,0,FALSE,"E_M_Jimmy_Carr.png P_M_Michael_Gove.png"
2547,"E_M_Russell_Howard.png","E_M_Simon_Pegg.png","TRUE","pictures/stimuli/E","pictures/stimuli/E","M","M","6","5ef0c9b95817dc145532fcee","06/30/2022, 12:02:04",0.276054416630081,"31","Male","right",1,1,0,0,FALSE,"E_M_Russell_Howard.png E_M_Simon_Pegg.png"
2015,"E_M_Peter_Kay.png","P_M_Sajid_Javid.png","FALSE","pictures/stimuli/E","pictures/stimuli/P","M","M","6","5ef0c9b95817dc145532fcee","06/30/2022, 12:02:04",0.276054416630081,"31","Male","right",1,1,0,0,FALSE,"E_M_Peter_Kay.png P_M_Sajid_Javid.png"
1831,"E_F_Dawn_Roma_French.png","P_M_david_camer.png","FALSE","pictures/stimuli/E","pictures/stimuli/P","F","M","6","5ef0c9b95817dc145532fcee","06/30/2022, 12:02:04",0.276054416630081,"31","Male","right",1,1,0,0,FALSE,"E_F_Dawn_Roma_French.png P_M_david_camer.png"
2060,"E_F_Julie_Walters.png","P_M_Sajid_Javid.png","FALSE","pictures/stimuli/E","pictures/stimuli/P","F","M","6","5ef0c9b95817dc145532fcee","06/30/2022, 12:02:04",0.276054416630081,"31","Male","right",1,1,0,0,FALSE,"E_F_Julie_Walters.png P_M_Sajid_Javid.png"
3677,"E_F_Dawn_Roma_French.png","E_M_Peter_Kay.png","TRUE","pictures/stimuli/E","pictures/stimuli/E","F","M","4","5ef0c9b95817dc145532fcee","06/30/2022, 12:02:04",-3.75858705719418,"31","Male","right",1,1,0,0,FALSE,"E_F_Dawn_Roma_French.png E_M_Peter_Kay.png"
2616,"P_M_Gordon_Brown.png","P_M_Tony_Blair.png","TRUE","pictures/stimuli/P","pictures/stimuli/P","M","M","6","5ef0c9b95817dc145532fcee","06/30/2022, 12:02:04",0.276054416630081,"31","Male","right",1,1,0,0,FALSE,"P_M_Gordon_Brown.png P_M_Tony_Blair.png"
2123,"P_F_Theresa_May.png","P_M_david_camer.png","TRUE","pictures/stimuli/P","pictures/stimuli/P","F","M","6","5ef0c9b95817dc145532fcee","06/30/2022, 12:02:04",0.276054416630081,"31","Male","right",1,1,0,0,FALSE,"P_F_Theresa_May.png P_M_david_camer.png"
2253,"P_M_Gordon_Brown.png","P_M_keir_starmer.png","TRUE","pictures/stimuli/P","pictures/stimuli/P","M","M","5","5ef0c9b95817dc145532fcee","06/30/2022, 12:02:04",-1.74126632028205,"31","Male","right",1,1,0,0,FALSE,"P_M_Gordon_Brown.png P_M_keir_starmer.png"
1772,"E_F_Jennifer_Saunders.png","E_M_Peter_Kay.png","TRUE","pictures/stimuli/E","pictures/stimuli/E","F","M","6","5ef0c9b95817dc145532fcee","06/30/2022, 12:02:04",0.276054416630081,"31","Male","right",1,1,0,0,FALSE,"E_F_Jennifer_Saunders.png E_M_Peter_Kay.png"
4044,"P_M_david_camer.png","P_M_Gordon_Brown.png","TRUE","pictures/stimuli/P","pictures/stimuli/P","M","M","6","5ef0c9b95817dc145532fcee","06/30/2022, 12:02:04",0.276054416630081,"31","Male","right",1,1,0,0,FALSE,"P_M_david_camer.png P_M_Gordon_Brown.png"
1766,"E_M_Russell_Howard.png","P_M_keir_starmer.png","FALSE","pictures/stimuli/E","pictures/stimuli/P","M","M","6","5ef0c9b95817dc145532fcee","06/30/2022, 12:02:04",0.276054416630081,"31","Male","right",1,1,0,0,FALSE,"E_M_Russell_Howard.png P_M_keir_starmer.png"
2289,"E_M_Jimmy_Carr.png","P_M_nigel_farage.png","FALSE","pictures/stimuli/E","pictures/stimuli/P","M","M","6","5ef0c9b95817dc145532fcee","06/30/2022, 12:02:04",0.276054416630081,"31","Male","right",1,1,0,0,FALSE,"E_M_Jimmy_Carr.png P_M_nigel_farage.png"
19499,"E_F_Jennifer_Saunders.png","E_M_Michael_McIntyr.png","TRUE","pictures/stimuli/E","pictures/stimuli/E","F","M","6","5ef0c9b95817dc145532fcee","06/30/2022, 12:02:04",0.276054416630081,"31","Male","right",1,1,0,0,FALSE,"E_F_Jennifer_Saunders.png E_M_Michael_McIntyr.png"
3320,"E_M_Ewan_McGregor.png","P_M_Gordon_Brown.png","FALSE","pictures/stimuli/E","pictures/stimuli/P","M","M","6","5ef0c9b95817dc145532fcee","06/30/2022, 12:02:04",0.276054416630081,"31","Male","right",1,1,0,0,FALSE,"E_M_Ewan_McGregor.png P_M_Gordon_Brown.png"
3417,"E_F_Julie_Walters.png","P_F_nicola_sturge.png","FALSE","pictures/stimuli/E","pictures/stimuli/P","F","F","4","5ef0c9b95817dc145532fcee","06/30/2022, 12:02:04",-3.75858705719418,"31","Male","right",1,1,0,0,FALSE,"E_F_Julie_Walters.png P_F_nicola_sturge.png"
1738,"P_M_Gordon_Brown.png","P_M_nigel_farage.png","TRUE","pictures/stimuli/P","pictures/stimuli/P","M","M","6","5ef0c9b95817dc145532fcee","06/30/2022, 12:02:04",0.276054416630081,"31","Male","right",1,1,0,0,FALSE,"P_M_Gordon_Brown.png P_M_nigel_farage.png"
1656,"E_F_Dawn_Roma_French.png","P_M_Michael_Gove.png","FALSE","pictures/stimuli/E","pictures/stimuli/P","F","M","6","5ef0c9b95817dc145532fcee","06/30/2022, 12:02:04",0.276054416630081,"31","Male","right",1,1,0,0,FALSE,"E_F_Dawn_Roma_French.png P_M_Michael_Gove.png"
1854,"E_M_Michael_McIntyr.png","P_F_nicola_sturge.png","FALSE","pictures/stimuli/E","pictures/stimuli/P","M","F","6","5ef0c9b95817dc145532fcee","06/30/2022, 12:02:04",0.276054416630081,"31","Male","right",1,1,0,0,FALSE,"E_M_Michael_McIntyr.png P_F_nicola_sturge.png"
1835,"E_F_Dawn_Roma_French.png","E_M_Simon_Pegg.png","TRUE","pictures/stimuli/E","pictures/stimuli/E","F","M","6","5ef0c9b95817dc145532fcee","06/30/2022, 12:02:04",0.276054416630081,"31","Male","right",1,1,0,0,FALSE,"E_F_Dawn_Roma_French.png E_M_Simon_Pegg.png"
1669,"E_F_Jennifer_Saunders.png","E_M_Jimmy_Carr.png","TRUE","pictures/stimuli/E","pictures/stimuli/E","F","M","6","5ef0c9b95817dc145532fcee","06/30/2022, 12:02:04",0.276054416630081,"31","Male","right",1,1,0,0,FALSE,"E_F_Jennifer_Saunders.png E_M_Jimmy_Carr.png"
1837,"E_M_Ewan_McGregor.png","P_F_Theresa_May.png","FALSE","pictures/stimuli/E","pictures/stimuli/P","M","F","6","5ef0c9b95817dc145532fcee","06/30/2022, 12:02:04",0.276054416630081,"31","Male","right",1,1,0,0,FALSE,"E_M_Ewan_McGregor.png P_F_Theresa_May.png"
3037,"P_M_Gordon_Brown.png","P_M_Sajid_Javid.png","TRUE","pictures/stimuli/P","pictures/stimuli/P","M","M","6","5ef0c9b95817dc145532fcee","06/30/2022, 12:02:04",0.276054416630081,"31","Male","right",1,1,0,0,FALSE,"P_M_Gordon_Brown.png P_M_Sajid_Javid.png"
2292,"P_M_david_camer.png","P_M_keir_starmer.png","TRUE","pictures/stimuli/P","pictures/stimuli/P","M","M","6","5ef0c9b95817dc145532fcee","06/30/2022, 12:02:04",0.276054416630081,"31","Male","right",1,1,0,0,FALSE,"P_M_david_camer.png P_M_keir_starmer.png"
2428,"E_F_Dawn_Roma_French.png","P_M_nigel_farage.png","FALSE","pictures/stimuli/E","pictures/stimuli/P","F","M","6","5ef0c9b95817dc145532fcee","06/30/2022, 12:02:04",0.276054416630081,"31","Male","right",1,1,0,0,FALSE,"E_F_Dawn_Roma_French.png P_M_nigel_farage.png"
2254,"E_M_Simon_Pegg.png","P_M_david_camer.png","FALSE","pictures/stimuli/E","pictures/stimuli/P","M","M","6","5ef0c9b95817dc145532fcee","06/30/2022, 12:02:04",0.276054416630081,"31","Male","right",1,1,0,0,FALSE,"E_M_Simon_Pegg.png P_M_david_camer.png"
2155,"E_M_Russell_Howard.png","P_F_Theresa_May.png","FALSE","pictures/stimuli/E","pictures/stimuli/P","M","F","6","5ef0c9b95817dc145532fcee","06/30/2022, 12:02:04",0.276054416630081,"31","Male","right",1,1,0,0,FALSE,"E_M_Russell_Howard.png P_F_Theresa_May.png"
1760,"E_M_Simon_Pegg.png","P_F_nicola_sturge.png","FALSE","pictures/stimuli/E","pictures/stimuli/P","M","F","6","5ef0c9b95817dc145532fcee","06/30/2022, 12:02:04",0.276054416630081,"31","Male","right",1,1,0,0,FALSE,"E_M_Simon_Pegg.png P_F_nicola_sturge.png"
1722,"E_M_Ewan_McGregor.png","P_F_nicola_sturge.png","FALSE","pictures/stimuli/E","pictures/stimuli/P","M","F","6","5ef0c9b95817dc145532fcee","06/30/2022, 12:02:04",0.276054416630081,"31","Male","right",1,1,0,0,FALSE,"E_M_Ewan_McGregor.png P_F_nicola_sturge.png"
1981,"E_F_Julie_Walters.png","P_M_Tony_Blair.png","FALSE","pictures/stimuli/E","pictures/stimuli/P","F","M","6","5ef0c9b95817dc145532fcee","06/30/2022, 12:02:04",0.276054416630081,"31","Male","right",1,1,0,0,FALSE,"E_F_Julie_Walters.png P_M_Tony_Blair.png"
1372,"E_F_Julie_Walters.png","E_M_Michael_McIntyr.png","TRUE","pictures/stimuli/E","pictures/stimuli/E","F","M","6","5ef0c9b95817dc145532fcee","06/30/2022, 12:02:04",0.276054416630081,"31","Male","right",1,1,0,0,FALSE,"E_F_Julie_Walters.png E_M_Michael_McIntyr.png"
1089,"E_M_Ewan_McGregor.png","P_M_Tony_Blair.png","FALSE","pictures/stimuli/E","pictures/stimuli/P","M","M","6","5ef0c9b95817dc145532fcee","06/30/2022, 12:02:04",0.276054416630081,"31","Male","right",1,1,0,0,FALSE,"E_M_Ewan_McGregor.png P_M_Tony_Blair.png"
1149,"E_F_Jennifer_Saunders.png","P_M_Sajid_Javid.png","FALSE","pictures/stimuli/E","pictures/stimuli/P","F","M","6","5ef0c9b95817dc145532fcee","06/30/2022, 12:02:04",0.276054416630081,"31","Male","right",1,1,0,0,FALSE,"E_F_Jennifer_Saunders.png P_M_Sajid_Javid.png"
2200,"E_F_Dawn_Roma_French.png","P_M_Sajid_Javid.png","FALSE","pictures/stimuli/E","pictures/stimuli/P","F","M","6","5ef0c9b95817dc145532fcee","06/30/2022, 12:02:04",0.276054416630081,"31","Male","right",1,1,0,0,FALSE,"E_F_Dawn_Roma_French.png P_M_Sajid_Javid.png"
1395,"E_F_Dawn_Roma_French.png","E_M_Russell_Howard.png","TRUE","pictures/stimuli/E","pictures/stimuli/E","F","M","6","5ef0c9b95817dc145532fcee","06/30/2022, 12:02:04",0.276054416630081,"31","Male","right",1,1,0,0,FALSE,"E_F_Dawn_Roma_French.png E_M_Russell_Howard.png"
1408,"E_F_Julie_Walters.png","E_M_Peter_Kay.png","TRUE","pictures/stimuli/E","pictures/stimuli/E","F","M","6","5ef0c9b95817dc145532fcee","06/30/2022, 12:02:04",0.276054416630081,"31","Male","right",1,1,0,0,FALSE,"E_F_Julie_Walters.png E_M_Peter_Kay.png"
1193,"E_F_Sarah_Millican.png","P_M_Tony_Blair.png","FALSE","pictures/stimuli/E","pictures/stimuli/P","F","M","6","5ef0c9b95817dc145532fcee","06/30/2022, 12:02:04",0.276054416630081,"31","Male","right",1,1,0,0,FALSE,"E_F_Sarah_Millican.png P_M_Tony_Blair.png"
1537,"E_M_Michael_McIntyr.png","P_F_Theresa_May.png","FALSE","pictures/stimuli/E","pictures/stimuli/P","M","F","6","5ef0c9b95817dc145532fcee","06/30/2022, 12:02:04",0.276054416630081,"31","Male","right",1,1,0,0,FALSE,"E_M_Michael_McIntyr.png P_F_Theresa_May.png"
1338,"E_M_Peter_Kay.png","P_M_Michael_Gove.png","FALSE","pictures/stimuli/E","pictures/stimuli/P","M","M","6","5ef0c9b95817dc145532fcee","06/30/2022, 12:02:04",0.276054416630081,"31","Male","right",1,1,0,0,FALSE,"E_M_Peter_Kay.png P_M_Michael_Gove.png"
1290,"E_M_Simon_Pegg.png","P_M_Sajid_Javid.png","FALSE","pictures/stimuli/E","pictures/stimuli/P","M","M","6","5ef0c9b95817dc145532fcee","06/30/2022, 12:02:04",0.276054416630081,"31","Male","right",1,1,0,0,FALSE,"E_M_Simon_Pegg.png P_M_Sajid_Javid.png"
1413,"E_M_Peter_Kay.png","E_M_Simon_Pegg.png","TRUE","pictures/stimuli/E","pictures/stimuli/E","M","M","6","5ef0c9b95817dc145532fcee","06/30/2022, 12:02:04",0.276054416630081,"31","Male","right",1,1,0,0,FALSE,"E_M_Peter_Kay.png E_M_Simon_Pegg.png"
1489,"E_F_Dawn_Roma_French.png","P_F_nicola_sturge.png","FALSE","pictures/stimuli/E","pictures/stimuli/P","F","F","6","5ef0c9b95817dc145532fcee","06/30/2022, 12:02:04",0.276054416630081,"31","Male","right",1,1,0,0,FALSE,"E_F_Dawn_Roma_French.png P_F_nicola_sturge.png"
1951,"E_F_Jennifer_Saunders.png","E_M_Russell_Howard.png","TRUE","pictures/stimuli/E","pictures/stimuli/E","F","M","6","5ef0c9b95817dc145532fcee","06/30/2022, 12:02:04",0.276054416630081,"31","Male","right",1,1,0,0,FALSE,"E_F_Jennifer_Saunders.png E_M_Russell_Howard.png"
1154,"E_F_Jennifer_Saunders.png","P_M_nigel_farage.png","FALSE","pictures/stimuli/E","pictures/stimuli/P","F","M","6","5ef0c9b95817dc145532fcee","06/30/2022, 12:02:04",0.276054416630081,"31","Male","right",1,1,0,0,FALSE,"E_F_Jennifer_Saunders.png P_M_nigel_farage.png"
1252,"P_F_nicola_sturge.png","P_M_nigel_farage.png","TRUE","pictures/stimuli/P","pictures/stimuli/P","F","M","6","5ef0c9b95817dc145532fcee","06/30/2022, 12:02:04",0.276054416630081,"31","Male","right",1,1,0,0,FALSE,"P_F_nicola_sturge.png P_M_nigel_farage.png"
1656,"E_F_Sarah_Millican.png","P_M_david_camer.png","FALSE","pictures/stimuli/E","pictures/stimuli/P","F","M","6","5ef0c9b95817dc145532fcee","06/30/2022, 12:02:04",0.276054416630081,"31","Male","right",1,1,0,0,FALSE,"E_F_Sarah_Millican.png P_M_david_camer.png"
1180,"E_F_Sarah_Millican.png","P_F_Theresa_May.png","FALSE","pictures/stimuli/E","pictures/stimuli/P","F","F","6","5ef0c9b95817dc145532fcee","06/30/2022, 12:02:04",0.276054416630081,"31","Male","right",1,1,0,0,FALSE,"E_F_Sarah_Millican.png P_F_Theresa_May.png"
1026,"E_F_Jennifer_Saunders.png","P_M_Tony_Blair.png","FALSE","pictures/stimuli/E","pictures/stimuli/P","F","M","6","5ef0c9b95817dc145532fcee","06/30/2022, 12:02:04",0.276054416630081,"31","Male","right",1,1,0,0,FALSE,"E_F_Jennifer_Saunders.png P_M_Tony_Blair.png"
1142,"P_F_nicola_sturge.png","P_M_jeremy_corbyn.png","TRUE","pictures/stimuli/P","pictures/stimuli/P","F","M","6","5ef0c9b95817dc145532fcee","06/30/2022, 12:02:04",0.276054416630081,"31","Male","right",1,1,0,0,FALSE,"P_F_nicola_sturge.png P_M_jeremy_corbyn.png"
1881,"E_M_Russell_Howard.png","P_F_nicola_sturge.png","FALSE","pictures/stimuli/E","pictures/stimuli/P","M","F","6","5ef0c9b95817dc145532fcee","06/30/2022, 12:02:04",0.276054416630081,"31","Male","right",1,1,0,0,FALSE,"E_M_Russell_Howard.png P_F_nicola_sturge.png"
1540,"E_F_Julie_Walters.png","P_M_Michael_Gove.png","FALSE","pictures/stimuli/E","pictures/stimuli/P","F","M","6","5ef0c9b95817dc145532fcee","06/30/2022, 12:02:04",0.276054416630081,"31","Male","right",1,1,0,0,FALSE,"E_F_Julie_Walters.png P_M_Michael_Gove.png"
1311,"P_M_jeremy_corbyn.png","P_M_nigel_farage.png","TRUE","pictures/stimuli/P","pictures/stimuli/P","M","M","6","5ef0c9b95817dc145532fcee","06/30/2022, 12:02:04",0.276054416630081,"31","Male","right",1,1,0,0,FALSE,"P_M_jeremy_corbyn.png P_M_nigel_farage.png"
1143,"E_M_Peter_Kay.png","E_M_Russell_Howard.png","TRUE","pictures/stimuli/E","pictures/stimuli/E","M","M","6","5ef0c9b95817dc145532fcee","06/30/2022, 12:02:04",0.276054416630081,"31","Male","right",1,1,0,0,FALSE,"E_M_Peter_Kay.png E_M_Russell_Howard.png"
2160,"E_F_Jennifer_Saunders.png","E_F_Julie_Walters.png","TRUE","pictures/stimuli/E","pictures/stimuli/E","F","F","5","5ef0c9b95817dc145532fcee","06/30/2022, 12:02:04",-1.74126632028205,"31","Male","right",1,1,0,0,FALSE,"E_F_Jennifer_Saunders.png E_F_Julie_Walters.png"
2120,"E_M_Peter_Kay.png","P_M_keir_starmer.png","FALSE","pictures/stimuli/E","pictures/stimuli/P","M","M","5","5ef0c9b95817dc145532fcee","06/30/2022, 12:02:04",-1.74126632028205,"31","Male","right",1,1,0,0,FALSE,"E_M_Peter_Kay.png P_M_keir_starmer.png"
1817,"E_M_Simon_Pegg.png","P_M_keir_starmer.png","FALSE","pictures/stimuli/E","pictures/stimuli/P","M","M","6","5ef0c9b95817dc145532fcee","06/30/2022, 12:02:04",0.276054416630081,"31","Male","right",1,1,0,0,FALSE,"E_M_Simon_Pegg.png P_M_keir_starmer.png"
1537,"P_M_nigel_farage.png","P_M_Sajid_Javid.png","TRUE","pictures/stimuli/P","pictures/stimuli/P","M","M","6","5ef0c9b95817dc145532fcee","06/30/2022, 12:02:04",0.276054416630081,"31","Male","right",1,1,0,0,FALSE,"P_M_nigel_farage.png P_M_Sajid_Javid.png"
2065,"E_F_Jennifer_Saunders.png","E_M_Simon_Pegg.png","TRUE","pictures/stimuli/E","pictures/stimuli/E","F","M","6","5ef0c9b95817dc145532fcee","06/30/2022, 12:02:04",0.276054416630081,"31","Male","right",1,1,0,0,FALSE,"E_F_Jennifer_Saunders.png E_M_Simon_Pegg.png"
1369,"P_M_Michael_Gove.png","P_M_Tony_Blair.png","TRUE","pictures/stimuli/P","pictures/stimuli/P","M","M","6","5ef0c9b95817dc145532fcee","06/30/2022, 12:02:04",0.276054416630081,"31","Male","right",1,1,0,0,FALSE,"P_M_Michael_Gove.png P_M_Tony_Blair.png"
1897,"E_M_Michael_McIntyr.png","E_M_Simon_Pegg.png","TRUE","pictures/stimuli/E","pictures/stimuli/E","M","M","6","5ef0c9b95817dc145532fcee","06/30/2022, 12:02:04",0.276054416630081,"31","Male","right",1,1,0,0,FALSE,"E_M_Michael_McIntyr.png E_M_Simon_Pegg.png"
1601,"P_M_jeremy_corbyn.png","P_M_Tony_Blair.png","TRUE","pictures/stimuli/P","pictures/stimuli/P","M","M","6","5ef0c9b95817dc145532fcee","06/30/2022, 12:02:04",0.276054416630081,"31","Male","right",1,1,0,0,FALSE,"P_M_jeremy_corbyn.png P_M_Tony_Blair.png"
1373,"P_F_nicola_sturge.png","P_M_Michael_Gove.png","TRUE","pictures/stimuli/P","pictures/stimuli/P","F","M","6","5ef0c9b95817dc145532fcee","06/30/2022, 12:02:04",0.276054416630081,"31","Male","right",1,1,0,0,FALSE,"P_F_nicola_sturge.png P_M_Michael_Gove.png"
1306,"E_M_Russell_Howard.png","P_M_Michael_Gove.png","FALSE","pictures/stimuli/E","pictures/stimuli/P","M","M","6","5ef0c9b95817dc145532fcee","06/30/2022, 12:02:04",0.276054416630081,"31","Male","right",1,1,0,0,FALSE,"E_M_Russell_Howard.png P_M_Michael_Gove.png"
1292,"E_M_Jimmy_Carr.png","E_M_Simon_Pegg.png","TRUE","pictures/stimuli/E","pictures/stimuli/E","M","M","6","5ef0c9b95817dc145532fcee","06/30/2022, 12:02:04",0.276054416630081,"31","Male","right",1,1,0,0,FALSE,"E_M_Jimmy_Carr.png E_M_Simon_Pegg.png"
1491,"P_F_nicola_sturge.png","P_M_Tony_Blair.png","TRUE","pictures/stimuli/P","pictures/stimuli/P","F","M","6","5ef0c9b95817dc145532fcee","06/30/2022, 12:02:04",0.276054416630081,"31","Male","right",1,1,0,0,FALSE,"P_F_nicola_sturge.png P_M_Tony_Blair.png"
2123,"P_M_Michael_Gove.png","P_M_Sajid_Javid.png","TRUE","pictures/stimuli/P","pictures/stimuli/P","M","M","6","5ef0c9b95817dc145532fcee","06/30/2022, 12:02:04",0.276054416630081,"31","Male","right",1,1,0,0,FALSE,"P_M_Michael_Gove.png P_M_Sajid_Javid.png"
1745,"E_M_Russell_Howard.png","P_M_Sajid_Javid.png","FALSE","pictures/stimuli/E","pictures/stimuli/P","M","M","6","5ef0c9b95817dc145532fcee","06/30/2022, 12:02:04",0.276054416630081,"31","Male","right",1,1,0,0,FALSE,"E_M_Russell_Howard.png P_M_Sajid_Javid.png"
1529,"P_F_Theresa_May.png","P_M_Michael_Gove.png","TRUE","pictures/stimuli/P","pictures/stimuli/P","F","M","6","5ef0c9b95817dc145532fcee","06/30/2022, 12:02:04",0.276054416630081,"31","Male","right",1,1,0,0,FALSE,"P_F_Theresa_May.png P_M_Michael_Gove.png"
1510,"E_F_Jennifer_Saunders.png","P_M_Michael_Gove.png","FALSE","pictures/stimuli/E","pictures/stimuli/P","F","M","6","5ef0c9b95817dc145532fcee","06/30/2022, 12:02:04",0.276054416630081,"31","Male","right",1,1,0,0,FALSE,"E_F_Jennifer_Saunders.png P_M_Michael_Gove.png"
1722,"E_M_Ewan_McGregor.png","P_M_Michael_Gove.png","FALSE","pictures/stimuli/E","pictures/stimuli/P","M","M","6","5ef0c9b95817dc145532fcee","06/30/2022, 12:02:04",0.276054416630081,"31","Male","right",1,1,0,0,FALSE,"E_M_Ewan_McGregor.png P_M_Michael_Gove.png"
2058,"E_M_Ewan_McGregor.png","E_M_Michael_McIntyr.png","TRUE","pictures/stimuli/E","pictures/stimuli/E","M","M","6","5ef0c9b95817dc145532fcee","06/30/2022, 12:02:04",0.276054416630081,"31","Male","right",1,1,0,0,FALSE,"E_M_Ewan_McGregor.png E_M_Michael_McIntyr.png"
5825,"E_M_Jimmy_Carr.png","P_M_david_camer.png","FALSE","pictures/stimuli/E","pictures/stimuli/P","M","M","4","5ef0c9b95817dc145532fcee","06/30/2022, 12:02:04",-3.75858705719418,"31","Male","right",1,1,0,0,FALSE,"E_M_Jimmy_Carr.png P_M_david_camer.png"
1674,"P_F_nicola_sturge.png","P_M_keir_starmer.png","TRUE","pictures/stimuli/P","pictures/stimuli/P","F","M","6","5ef0c9b95817dc145532fcee","06/30/2022, 12:02:04",0.276054416630081,"31","Male","right",1,1,0,0,FALSE,"P_F_nicola_sturge.png P_M_keir_starmer.png"
1724,"E_F_Julie_Walters.png","E_F_Sarah_Millican.png","TRUE","pictures/stimuli/E","pictures/stimuli/E","F","F","6","5ef0c9b95817dc145532fcee","06/30/2022, 12:02:04",0.276054416630081,"31","Male","right",1,1,0,0,FALSE,"E_F_Julie_Walters.png E_F_Sarah_Millican.png"
1647,"E_F_Jennifer_Saunders.png","P_M_david_camer.png","FALSE","pictures/stimuli/E","pictures/stimuli/P","F","M","6","5ef0c9b95817dc145532fcee","06/30/2022, 12:02:04",0.276054416630081,"31","Male","right",1,1,0,0,FALSE,"E_F_Jennifer_Saunders.png P_M_david_camer.png"
1759,"E_F_Dawn_Roma_French.png","E_M_Jimmy_Carr.png","TRUE","pictures/stimuli/E","pictures/stimuli/E","F","M","6","5ef0c9b95817dc145532fcee","06/30/2022, 12:02:04",0.276054416630081,"31","Male","right",1,1,0,0,FALSE,"E_F_Dawn_Roma_French.png E_M_Jimmy_Carr.png"
1867,"E_F_Dawn_Roma_French.png","E_F_Jennifer_Saunders.png","TRUE","pictures/stimuli/E","pictures/stimuli/E","F","F","6","5ef0c9b95817dc145532fcee","06/30/2022, 12:02:04",0.276054416630081,"31","Male","right",1,1,0,0,FALSE,"E_F_Dawn_Roma_French.png E_F_Jennifer_Saunders.png"
2075,"E_M_Ewan_McGregor.png","P_M_david_camer.png","FALSE","pictures/stimuli/E","pictures/stimuli/P","M","M","6","5ef0c9b95817dc145532fcee","06/30/2022, 12:02:04",0.276054416630081,"31","Male","right",1,1,0,0,FALSE,"E_M_Ewan_McGregor.png P_M_david_camer.png"
1411,"E_M_Michael_McIntyr.png","P_M_jeremy_corbyn.png","FALSE","pictures/stimuli/E","pictures/stimuli/P","M","M","6","5ef0c9b95817dc145532fcee","06/30/2022, 12:02:04",0.276054416630081,"31","Male","right",1,1,0,0,FALSE,"E_M_Michael_McIntyr.png P_M_jeremy_corbyn.png"
1613,"P_M_Gordon_Brown.png","P_M_Michael_Gove.png","TRUE","pictures/stimuli/P","pictures/stimuli/P","M","M","6","5ef0c9b95817dc145532fcee","06/30/2022, 12:02:04",0.276054416630081,"31","Male","right",1,1,0,0,FALSE,"P_M_Gordon_Brown.png P_M_Michael_Gove.png"
1699,"E_F_Jennifer_Saunders.png","P_M_keir_starmer.png","FALSE","pictures/stimuli/E","pictures/stimuli/P","F","M","6","5ef0c9b95817dc145532fcee","06/30/2022, 12:02:04",0.276054416630081,"31","Male","right",1,1,0,0,FALSE,"E_F_Jennifer_Saunders.png P_M_keir_starmer.png"
1803,"P_M_david_camer.png","P_M_Sajid_Javid.png","TRUE","pictures/stimuli/P","pictures/stimuli/P","M","M","6","5ef0c9b95817dc145532fcee","06/30/2022, 12:02:04",0.276054416630081,"31","Male","right",1,1,0,0,FALSE,"P_M_david_camer.png P_M_Sajid_Javid.png"
1213,"P_M_Michael_Gove.png","P_M_nigel_farage.png","TRUE","pictures/stimuli/P","pictures/stimuli/P","M","M","6","5ef0c9b95817dc145532fcee","06/30/2022, 12:02:04",0.276054416630081,"31","Male","right",1,1,0,0,FALSE,"P_M_Michael_Gove.png P_M_nigel_farage.png"
973,"E_F_Sarah_Millican.png","E_M_Ewan_McGregor.png","TRUE","pictures/stimuli/E","pictures/stimuli/E","F","M","6","5ef0c9b95817dc145532fcee","06/30/2022, 12:02:04",0.276054416630081,"31","Male","right",1,1,0,0,FALSE,"E_F_Sarah_Millican.png E_M_Ewan_McGregor.png"
1091,"E_M_Jimmy_Carr.png","P_F_Theresa_May.png","FALSE","pictures/stimuli/E","pictures/stimuli/P","M","F","6","5ef0c9b95817dc145532fcee","06/30/2022, 12:02:04",0.276054416630081,"31","Male","right",1,1,0,0,FALSE,"E_M_Jimmy_Carr.png P_F_Theresa_May.png"
2387,"E_M_Michael_McIntyr.png","E_M_Russell_Howard.png","TRUE","pictures/stimuli/E","pictures/stimuli/E","M","M","6","5ef0c9b95817dc145532fcee","06/30/2022, 12:02:04",0.276054416630081,"31","Male","right",1,1,0,0,FALSE,"E_M_Michael_McIntyr.png E_M_Russell_Howard.png"
1459,"E_M_Michael_McIntyr.png","P_M_Sajid_Javid.png","FALSE","pictures/stimuli/E","pictures/stimuli/P","M","M","6","5ef0c9b95817dc145532fcee","06/30/2022, 12:02:04",0.276054416630081,"31","Male","right",1,1,0,0,FALSE,"E_M_Michael_McIntyr.png P_M_Sajid_Javid.png"
1515,"E_F_Sarah_Millican.png","P_M_Gordon_Brown.png","FALSE","pictures/stimuli/E","pictures/stimuli/P","F","M","6","5ef0c9b95817dc145532fcee","06/30/2022, 12:02:04",0.276054416630081,"31","Male","right",1,1,0,0,FALSE,"E_F_Sarah_Millican.png P_M_Gordon_Brown.png"
1315,"E_M_Simon_Pegg.png","P_M_jeremy_corbyn.png","FALSE","pictures/stimuli/E","pictures/stimuli/P","M","M","6","5ef0c9b95817dc145532fcee","06/30/2022, 12:02:04",0.276054416630081,"31","Male","right",1,1,0,0,FALSE,"E_M_Simon_Pegg.png P_M_jeremy_corbyn.png"
1291,"P_F_Theresa_May.png","P_M_Tony_Blair.png","TRUE","pictures/stimuli/P","pictures/stimuli/P","F","M","6","5ef0c9b95817dc145532fcee","06/30/2022, 12:02:04",0.276054416630081,"31","Male","right",1,1,0,0,FALSE,"P_F_Theresa_May.png P_M_Tony_Blair.png"
1104,"E_F_Sarah_Millican.png","E_M_Jimmy_Carr.png","TRUE","pictures/stimuli/E","pictures/stimuli/E","F","M","6","5ef0c9b95817dc145532fcee","06/30/2022, 12:02:04",0.276054416630081,"31","Male","right",1,1,0,0,FALSE,"E_F_Sarah_Millican.png E_M_Jimmy_Carr.png"
1569,"E_F_Sarah_Millican.png","P_M_jeremy_corbyn.png","FALSE","pictures/stimuli/E","pictures/stimuli/P","F","M","6","5ef0c9b95817dc145532fcee","06/30/2022, 12:02:04",0.276054416630081,"31","Male","right",1,1,0,0,FALSE,"E_F_Sarah_Millican.png P_M_jeremy_corbyn.png"
1107,"P_M_david_camer.png","P_M_Tony_Blair.png","TRUE","pictures/stimuli/P","pictures/stimuli/P","M","M","6","5ef0c9b95817dc145532fcee","06/30/2022, 12:02:04",0.276054416630081,"31","Male","right",1,1,0,0,FALSE,"P_M_david_camer.png P_M_Tony_Blair.png"
1120,"P_F_nicola_sturge.png","P_M_Sajid_Javid.png","TRUE","pictures/stimuli/P","pictures/stimuli/P","F","M","6","5ef0c9b95817dc145532fcee","06/30/2022, 12:02:04",0.276054416630081,"31","Male","right",1,1,0,0,FALSE,"P_F_nicola_sturge.png P_M_Sajid_Javid.png"
1014,"E_M_Simon_Pegg.png","P_M_Gordon_Brown.png","FALSE","pictures/stimuli/E","pictures/stimuli/P","M","M","6","5ef0c9b95817dc145532fcee","06/30/2022, 12:02:04",0.276054416630081,"31","Male","right",1,1,0,0,FALSE,"E_M_Simon_Pegg.png P_M_Gordon_Brown.png"
1241,"E_F_Jennifer_Saunders.png","P_M_jeremy_corbyn.png","FALSE","pictures/stimuli/E","pictures/stimuli/P","F","M","6","5ef0c9b95817dc145532fcee","06/30/2022, 12:02:04",0.276054416630081,"31","Male","right",1,1,0,0,FALSE,"E_F_Jennifer_Saunders.png P_M_jeremy_corbyn.png"
1340,"E_F_Jennifer_Saunders.png","P_M_Gordon_Brown.png","FALSE","pictures/stimuli/E","pictures/stimuli/P","F","M","6","5ef0c9b95817dc145532fcee","06/30/2022, 12:02:04",0.276054416630081,"31","Male","right",1,1,0,0,FALSE,"E_F_Jennifer_Saunders.png P_M_Gordon_Brown.png"
1759,"E_M_Michael_McIntyr.png","P_M_Gordon_Brown.png","FALSE","pictures/stimuli/E","pictures/stimuli/P","M","M","6","5ef0c9b95817dc145532fcee","06/30/2022, 12:02:04",0.276054416630081,"31","Male","right",1,1,0,0,FALSE,"E_M_Michael_McIntyr.png P_M_Gordon_Brown.png"
1541,"P_F_nicola_sturge.png","P_M_Gordon_Brown.png","TRUE","pictures/stimuli/P","pictures/stimuli/P","F","M","6","5ef0c9b95817dc145532fcee","06/30/2022, 12:02:04",0.276054416630081,"31","Male","right",1,1,0,0,FALSE,"P_F_nicola_sturge.png P_M_Gordon_Brown.png"
1434,"E_M_Ewan_McGregor.png","P_M_nigel_farage.png","FALSE","pictures/stimuli/E","pictures/stimuli/P","M","M","6","5ef0c9b95817dc145532fcee","06/30/2022, 12:02:04",0.276054416630081,"31","Male","right",1,1,0,0,FALSE,"E_M_Ewan_McGregor.png P_M_nigel_farage.png"
1832,"E_M_Michael_McIntyr.png","P_M_keir_starmer.png","FALSE","pictures/stimuli/E","pictures/stimuli/P","M","M","6","5ef0c9b95817dc145532fcee","06/30/2022, 12:02:04",0.276054416630081,"31","Male","right",1,1,0,0,FALSE,"E_M_Michael_McIntyr.png P_M_keir_starmer.png"
1563,"E_M_Ewan_McGregor.png","E_M_Russell_Howard.png","TRUE","pictures/stimuli/E","pictures/stimuli/E","M","M","6","5ef0c9b95817dc145532fcee","06/30/2022, 12:02:04",0.276054416630081,"31","Male","right",1,1,0,0,FALSE,"E_M_Ewan_McGregor.png E_M_Russell_Howard.png"
1383,"E_F_Sarah_Millican.png","E_M_Russell_Howard.png","TRUE","pictures/stimuli/E","pictures/stimuli/E","F","M","6","5ef0c9b95817dc145532fcee","06/30/2022, 12:02:04",0.276054416630081,"31","Male","right",1,1,0,0,FALSE,"E_F_Sarah_Millican.png E_M_Russell_Howard.png"
1666,"E_F_Jennifer_Saunders.png","P_F_nicola_sturge.png","FALSE","pictures/stimuli/E","pictures/stimuli/P","F","F","6","5ef0c9b95817dc145532fcee","06/30/2022, 12:02:04",0.276054416630081,"31","Male","right",1,1,0,0,FALSE,"E_F_Jennifer_Saunders.png P_F_nicola_sturge.png"
1434,"E_F_Dawn_Roma_French.png","P_F_Theresa_May.png","FALSE","pictures/stimuli/E","pictures/stimuli/P","F","F","6","5ef0c9b95817dc145532fcee","06/30/2022, 12:02:04",0.276054416630081,"31","Male","right",1,1,0,0,FALSE,"E_F_Dawn_Roma_French.png P_F_Theresa_May.png"
1431,"E_M_Michael_McIntyr.png","P_M_Tony_Blair.png","FALSE","pictures/stimuli/E","pictures/stimuli/P","M","M","6","5ef0c9b95817dc145532fcee","06/30/2022, 12:02:04",0.276054416630081,"31","Male","right",1,1,0,0,FALSE,"E_M_Michael_McIntyr.png P_M_Tony_Blair.png"
1458,"E_F_Sarah_Millican.png","P_M_nigel_farage.png","FALSE","pictures/stimuli/E","pictures/stimuli/P","F","M","6","5ef0c9b95817dc145532fcee","06/30/2022, 12:02:04",0.276054416630081,"31","Male","right",1,1,0,0,FALSE,"E_F_Sarah_Millican.png P_M_nigel_farage.png"
1558,"P_M_keir_starmer.png","P_M_Tony_Blair.png","TRUE","pictures/stimuli/P","pictures/stimuli/P","M","M","6","5ef0c9b95817dc145532fcee","06/30/2022, 12:02:04",0.276054416630081,"31","Male","right",1,1,0,0,FALSE,"P_M_keir_starmer.png P_M_Tony_Blair.png"
1675,"E_F_Dawn_Roma_French.png","E_M_Ewan_McGregor.png","TRUE","pictures/stimuli/E","pictures/stimuli/E","F","M","6","5ef0c9b95817dc145532fcee","06/30/2022, 12:02:04",0.276054416630081,"31","Male","right",1,1,0,0,FALSE,"E_F_Dawn_Roma_French.png E_M_Ewan_McGregor.png"
1375,"P_M_Sajid_Javid.png","P_M_Tony_Blair.png","TRUE","pictures/stimuli/P","pictures/stimuli/P","M","M","6","5ef0c9b95817dc145532fcee","06/30/2022, 12:02:04",0.276054416630081,"31","Male","right",1,1,0,0,FALSE,"P_M_Sajid_Javid.png P_M_Tony_Blair.png"
1825,"E_M_Jimmy_Carr.png","E_M_Russell_Howard.png","TRUE","pictures/stimuli/E","pictures/stimuli/E","M","M","6","5ef0c9b95817dc145532fcee","06/30/2022, 12:02:04",0.276054416630081,"31","Male","right",1,1,0,0,FALSE,"E_M_Jimmy_Carr.png E_M_Russell_Howard.png"
1378,"E_M_Jimmy_Carr.png","P_F_nicola_sturge.png","FALSE","pictures/stimuli/E","pictures/stimuli/P","M","F","6","5ef0c9b95817dc145532fcee","06/30/2022, 12:02:04",0.276054416630081,"31","Male","right",1,1,0,0,FALSE,"E_M_Jimmy_Carr.png P_F_nicola_sturge.png"
1388,"P_F_Theresa_May.png","P_M_Gordon_Brown.png","TRUE","pictures/stimuli/P","pictures/stimuli/P","F","M","6","5ef0c9b95817dc145532fcee","06/30/2022, 12:02:04",0.276054416630081,"31","Male","right",1,1,0,0,FALSE,"P_F_Theresa_May.png P_M_Gordon_Brown.png"
1505,"E_F_Sarah_Millican.png","E_M_Simon_Pegg.png","TRUE","pictures/stimuli/E","pictures/stimuli/E","F","M","6","5ef0c9b95817dc145532fcee","06/30/2022, 12:02:04",0.276054416630081,"31","Male","right",1,1,0,0,FALSE,"E_F_Sarah_Millican.png E_M_Simon_Pegg.png"
1658,"E_F_Sarah_Millican.png","P_M_keir_starmer.png","FALSE","pictures/stimuli/E","pictures/stimuli/P","F","M","6","5ef0c9b95817dc145532fcee","06/30/2022, 12:02:04",0.276054416630081,"31","Male","right",1,1,0,0,FALSE,"E_F_Sarah_Millican.png P_M_keir_starmer.png"
1840,"E_F_Jennifer_Saunders.png","E_F_Sarah_Millican.png","TRUE","pictures/stimuli/E","pictures/stimuli/E","F","F","6","5ef0c9b95817dc145532fcee","06/30/2022, 12:02:04",0.276054416630081,"31","Male","right",1,1,0,0,FALSE,"E_F_Jennifer_Saunders.png E_F_Sarah_Millican.png"
1849,"E_F_Julie_Walters.png","E_M_Russell_Howard.png","TRUE","pictures/stimuli/E","pictures/stimuli/E","F","M","6","5ef0c9b95817dc145532fcee","06/30/2022, 12:02:04",0.276054416630081,"31","Male","right",1,1,0,0,FALSE,"E_F_Julie_Walters.png E_M_Russell_Howard.png"
1555,"E_M_Jimmy_Carr.png","E_M_Peter_Kay.png","TRUE","pictures/stimuli/E","pictures/stimuli/E","M","M","6","5ef0c9b95817dc145532fcee","06/30/2022, 12:02:04",0.276054416630081,"31","Male","right",1,1,0,0,FALSE,"E_M_Jimmy_Carr.png E_M_Peter_Kay.png"
1733,"E_M_Simon_Pegg.png","P_F_Theresa_May.png","FALSE","pictures/stimuli/E","pictures/stimuli/P","M","F","6","5ef0c9b95817dc145532fcee","06/30/2022, 12:02:04",0.276054416630081,"31","Male","right",1,1,0,0,FALSE,"E_M_Simon_Pegg.png P_F_Theresa_May.png"
1762,"E_F_Julie_Walters.png","P_M_nigel_farage.png","FALSE","pictures/stimuli/E","pictures/stimuli/P","F","M","6","5ef0c9b95817dc145532fcee","06/30/2022, 12:02:04",0.276054416630081,"31","Male","right",1,1,0,0,FALSE,"E_F_Julie_Walters.png P_M_nigel_farage.png"
2860,"E_F_Julie_Walters.png","P_M_keir_starmer.png","FALSE","pictures/stimuli/E","pictures/stimuli/P","F","M","6","5ef0c9b95817dc145532fcee","06/30/2022, 12:02:04",0.276054416630081,"31","Male","right",1,1,0,0,FALSE,"E_F_Julie_Walters.png P_M_keir_starmer.png"
1558,"P_M_keir_starmer.png","P_M_Michael_Gove.png","TRUE","pictures/stimuli/P","pictures/stimuli/P","M","M","6","5ef0c9b95817dc145532fcee","06/30/2022, 12:02:04",0.276054416630081,"31","Male","right",1,1,0,0,FALSE,"P_M_keir_starmer.png P_M_Michael_Gove.png"
1459,"E_M_Ewan_McGregor.png","P_M_jeremy_corbyn.png","FALSE","pictures/stimuli/E","pictures/stimuli/P","M","M","6","5ef0c9b95817dc145532fcee","06/30/2022, 12:02:04",0.276054416630081,"31","Male","right",1,1,0,0,FALSE,"E_M_Ewan_McGregor.png P_M_jeremy_corbyn.png"
3575,"P_F_nicola_sturge.png","P_F_Theresa_May.png","TRUE","pictures/stimuli/P","pictures/stimuli/P","F","F","5","5ef0c9b95817dc145532fcee","06/30/2022, 12:02:04",-1.74126632028205,"31","Male","right",1,1,0,0,FALSE,"P_F_nicola_sturge.png P_F_Theresa_May.png"
1541,"E_M_Ewan_McGregor.png","P_M_Sajid_Javid.png","FALSE","pictures/stimuli/E","pictures/stimuli/P","M","M","6","5ef0c9b95817dc145532fcee","06/30/2022, 12:02:04",0.276054416630081,"31","Male","right",1,1,0,0,FALSE,"E_M_Ewan_McGregor.png P_M_Sajid_Javid.png"
1232,"P_M_nigel_farage.png","P_M_Tony_Blair.png","TRUE","pictures/stimuli/P","pictures/stimuli/P","M","M","6","5ef0c9b95817dc145532fcee","06/30/2022, 12:02:04",0.276054416630081,"31","Male","right",1,1,0,0,FALSE,"P_M_nigel_farage.png P_M_Tony_Blair.png"
1486,"E_M_Peter_Kay.png","P_F_nicola_sturge.png","FALSE","pictures/stimuli/E","pictures/stimuli/P","M","F","6","5ef0c9b95817dc145532fcee","06/30/2022, 12:02:04",0.276054416630081,"31","Male","right",1,1,0,0,FALSE,"E_M_Peter_Kay.png P_F_nicola_sturge.png"
1981,"P_F_Theresa_May.png","P_M_jeremy_corbyn.png","TRUE","pictures/stimuli/P","pictures/stimuli/P","F","M","6","5ef0c9b95817dc145532fcee","06/30/2022, 12:02:04",0.276054416630081,"31","Male","right",1,1,0,0,FALSE,"P_F_Theresa_May.png P_M_jeremy_corbyn.png"
2341,"E_M_Jimmy_Carr.png","P_M_jeremy_corbyn.png","FALSE","pictures/stimuli/E","pictures/stimuli/P","M","M","6","5ef0c9b95817dc145532fcee","06/30/2022, 12:02:04",0.276054416630081,"31","Male","right",1,1,0,0,FALSE,"E_M_Jimmy_Carr.png P_M_jeremy_corbyn.png"
2343,"E_F_Dawn_Roma_French.png","E_F_Sarah_Millican.png","TRUE","pictures/stimuli/E","pictures/stimuli/E","F","F","5","5ef0c9b95817dc145532fcee","06/30/2022, 12:02:04",-1.74126632028205,"31","Male","right",1,1,0,0,FALSE,"E_F_Dawn_Roma_French.png E_F_Sarah_Millican.png"
1853,"P_M_jeremy_corbyn.png","P_M_Michael_Gove.png","TRUE","pictures/stimuli/P","pictures/stimuli/P","M","M","6","5ef0c9b95817dc145532fcee","06/30/2022, 12:02:04",0.276054416630081,"31","Male","right",1,1,0,0,FALSE,"P_M_jeremy_corbyn.png P_M_Michael_Gove.png"
1664,"E_M_Peter_Kay.png","P_M_jeremy_corbyn.png","FALSE","pictures/stimuli/E","pictures/stimuli/P","M","M","6","5ef0c9b95817dc145532fcee","06/30/2022, 12:02:04",0.276054416630081,"31","Male","right",1,1,0,0,FALSE,"E_M_Peter_Kay.png P_M_jeremy_corbyn.png"
3078,"E_F_Jennifer_Saunders.png","P_F_Theresa_May.png","FALSE","pictures/stimuli/E","pictures/stimuli/P","F","F","6","5ef0c9b95817dc145532fcee","06/30/2022, 12:02:04",0.276054416630081,"31","Male","right",1,1,0,0,FALSE,"E_F_Jennifer_Saunders.png P_F_Theresa_May.png"
1422,"E_F_Julie_Walters.png","E_M_Ewan_McGregor.png","TRUE","pictures/stimuli/E","pictures/stimuli/E","F","M","6","5ef0c9b95817dc145532fcee","06/30/2022, 12:02:04",0.276054416630081,"31","Male","right",1,1,0,0,FALSE,"E_F_Julie_Walters.png E_M_Ewan_McGregor.png"
1362,"P_M_keir_starmer.png","P_M_nigel_farage.png","TRUE","pictures/stimuli/P","pictures/stimuli/P","M","M","6","5ef0c9b95817dc145532fcee","06/30/2022, 12:02:04",0.276054416630081,"31","Male","right",1,1,0,0,FALSE,"P_M_keir_starmer.png P_M_nigel_farage.png"
1141,"E_F_Julie_Walters.png","P_M_david_camer.png","FALSE","pictures/stimuli/E","pictures/stimuli/P","F","M","6","5ef0c9b95817dc145532fcee","06/30/2022, 12:02:04",0.276054416630081,"31","Male","right",1,1,0,0,FALSE,"E_F_Julie_Walters.png P_M_david_camer.png"
1003,"P_F_nicola_sturge.png","P_M_david_camer.png","TRUE","pictures/stimuli/P","pictures/stimuli/P","F","M","6","5ef0c9b95817dc145532fcee","06/30/2022, 12:02:04",0.276054416630081,"31","Male","right",1,1,0,0,FALSE,"P_F_nicola_sturge.png P_M_david_camer.png"
1090,"P_M_david_camer.png","P_M_Michael_Gove.png","TRUE","pictures/stimuli/P","pictures/stimuli/P","M","M","6","5ef0c9b95817dc145532fcee","06/30/2022, 12:02:04",0.276054416630081,"31","Male","right",1,1,0,0,FALSE,"P_M_david_camer.png P_M_Michael_Gove.png"
1087,"P_M_david_camer.png","P_M_jeremy_corbyn.png","TRUE","pictures/stimuli/P","pictures/stimuli/P","M","M","6","5ef0c9b95817dc145532fcee","06/30/2022, 12:02:04",0.276054416630081,"31","Male","right",1,1,0,0,FALSE,"P_M_david_camer.png P_M_jeremy_corbyn.png"
2170,"E_F_Julie_Walters.png","P_M_Gordon_Brown.png","FALSE","pictures/stimuli/E","pictures/stimuli/P","F","M","6","5ef0c9b95817dc145532fcee","06/30/2022, 12:02:04",0.276054416630081,"31","Male","right",1,1,0,0,FALSE,"E_F_Julie_Walters.png P_M_Gordon_Brown.png"
1181,"E_M_Russell_Howard.png","P_M_jeremy_corbyn.png","FALSE","pictures/stimuli/E","pictures/stimuli/P","M","M","6","5ef0c9b95817dc145532fcee","06/30/2022, 12:02:04",0.276054416630081,"31","Male","right",1,1,0,0,FALSE,"E_M_Russell_Howard.png P_M_jeremy_corbyn.png"
1146,"P_M_david_camer.png","P_M_nigel_farage.png","TRUE","pictures/stimuli/P","pictures/stimuli/P","M","M","6","5ef0c9b95817dc145532fcee","06/30/2022, 12:02:04",0.276054416630081,"31","Male","right",1,1,0,0,FALSE,"P_M_david_camer.png P_M_nigel_farage.png"
1972,"E_F_Dawn_Roma_French.png","E_M_Michael_McIntyr.png","TRUE","pictures/stimuli/E","pictures/stimuli/E","F","M","5","5ef0c9b95817dc145532fcee","06/30/2022, 12:02:04",-1.74126632028205,"31","Male","right",1,1,0,0,FALSE,"E_F_Dawn_Roma_French.png E_M_Michael_McIntyr.png"
1776,"E_F_Sarah_Millican.png","P_M_Michael_Gove.png","FALSE","pictures/stimuli/E","pictures/stimuli/P","F","M","6","5ef0c9b95817dc145532fcee","06/30/2022, 12:02:04",0.276054416630081,"31","Male","right",1,1,0,0,FALSE,"E_F_Sarah_Millican.png P_M_Michael_Gove.png"
1247,"E_F_Sarah_Millican.png","P_F_nicola_sturge.png","FALSE","pictures/stimuli/E","pictures/stimuli/P","F","F","6","5ef0c9b95817dc145532fcee","06/30/2022, 12:02:04",0.276054416630081,"31","Male","right",1,1,0,0,FALSE,"E_F_Sarah_Millican.png P_F_nicola_sturge.png"
3156,"E_F_Sarah_Millican.png","E_M_Michael_McIntyr.png","TRUE","pictures/stimuli/E","pictures/stimuli/E","F","M","6","5ef0c9b95817dc145532fcee","06/30/2022, 12:02:04",0.276054416630081,"31","Male","right",1,1,0,0,FALSE,"E_F_Sarah_Millican.png E_M_Michael_McIntyr.png"
2107,"P_M_jeremy_corbyn.png","P_M_Sajid_Javid.png","TRUE","pictures/stimuli/P","pictures/stimuli/P","M","M","6","5ef0c9b95817dc145532fcee","06/30/2022, 12:02:04",0.276054416630081,"31","Male","right",1,1,0,0,FALSE,"P_M_jeremy_corbyn.png P_M_Sajid_Javid.png"
3158,"E_M_Jimmy_Carr.png","P_M_Gordon_Brown.png","FALSE","pictures/stimuli/E","pictures/stimuli/P","M","M","6","5ef0c9b95817dc145532fcee","06/30/2022, 12:02:04",0.276054416630081,"31","Male","right",1,1,0,0,FALSE,"E_M_Jimmy_Carr.png P_M_Gordon_Brown.png"
1598,"E_M_Simon_Pegg.png","P_M_nigel_farage.png","FALSE","pictures/stimuli/E","pictures/stimuli/P","M","M","6","5ef0c9b95817dc145532fcee","06/30/2022, 12:02:04",0.276054416630081,"31","Male","right",1,1,0,0,FALSE,"E_M_Simon_Pegg.png P_M_nigel_farage.png"
1193,"P_M_keir_starmer.png","P_M_Sajid_Javid.png","TRUE","pictures/stimuli/P","pictures/stimuli/P","M","M","6","5ef0c9b95817dc145532fcee","06/30/2022, 12:02:04",0.276054416630081,"31","Male","right",1,1,0,0,FALSE,"P_M_keir_starmer.png P_M_Sajid_Javid.png"
1723,"E_F_Dawn_Roma_French.png","E_F_Julie_Walters.png","TRUE","pictures/stimuli/E","pictures/stimuli/E","F","F","6","5ef0c9b95817dc145532fcee","06/30/2022, 12:02:04",0.276054416630081,"31","Male","right",1,1,0,0,FALSE,"E_F_Dawn_Roma_French.png E_F_Julie_Walters.png"
2599,"E_F_Julie_Walters.png","P_F_Theresa_May.png","FALSE","pictures/stimuli/E","pictures/stimuli/P","F","F","5","5ef0c9b95817dc145532fcee","06/30/2022, 12:02:04",-1.74126632028205,"31","Male","right",1,1,0,0,FALSE,"E_F_Julie_Walters.png P_F_Theresa_May.png"
2440,"E_M_Ewan_McGregor.png","P_M_keir_starmer.png","FALSE","pictures/stimuli/E","pictures/stimuli/P","M","M","6","5ef0c9b95817dc145532fcee","06/30/2022, 12:02:04",0.276054416630081,"31","Male","right",1,1,0,0,FALSE,"E_M_Ewan_McGregor.png P_M_keir_starmer.png"
2069,"E_F_Julie_Walters.png","E_M_Simon_Pegg.png","TRUE","pictures/stimuli/E","pictures/stimuli/E","F","M","6","5ef0c9b95817dc145532fcee","06/30/2022, 12:02:04",0.276054416630081,"31","Male","right",1,1,0,0,FALSE,"E_F_Julie_Walters.png E_M_Simon_Pegg.png"
2603,"E_M_Jimmy_Carr.png","E_M_Michael_McIntyr.png","TRUE","pictures/stimuli/E","pictures/stimuli/E","M","M","5","5ef0c9b95817dc145532fcee","06/30/2022, 12:02:04",-1.74126632028205,"31","Male","right",1,1,0,0,FALSE,"E_M_Jimmy_Carr.png E_M_Michael_McIntyr.png"
1594,"E_M_Peter_Kay.png","P_M_david_camer.png","FALSE","pictures/stimuli/E","pictures/stimuli/P","M","M","6","5ef0c9b95817dc145532fcee","06/30/2022, 12:02:04",0.276054416630081,"31","Male","right",1,1,0,0,FALSE,"E_M_Peter_Kay.png P_M_david_camer.png"
1601,"P_F_Theresa_May.png","P_M_keir_starmer.png","TRUE","pictures/stimuli/P","pictures/stimuli/P","F","M","6","5ef0c9b95817dc145532fcee","06/30/2022, 12:02:04",0.276054416630081,"31","Male","right",1,1,0,0,FALSE,"P_F_Theresa_May.png P_M_keir_starmer.png"
1548,"E_F_Dawn_Roma_French.png","P_M_keir_starmer.png","FALSE","pictures/stimuli/E","pictures/stimuli/P","F","M","6","5ef0c9b95817dc145532fcee","06/30/2022, 12:02:04",0.276054416630081,"31","Male","right",1,1,0,0,FALSE,"E_F_Dawn_Roma_French.png P_M_keir_starmer.png"
1439,"P_M_jeremy_corbyn.png","P_M_keir_starmer.png","TRUE","pictures/stimuli/P","pictures/stimuli/P","M","M","6","5ef0c9b95817dc145532fcee","06/30/2022, 12:02:04",0.276054416630081,"31","Male","right",1,1,0,0,FALSE,"P_M_jeremy_corbyn.png P_M_keir_starmer.png"
4575,"P_M_keir_starmer.png","P_M_Michael_Gove.png","TRUE","pictures/stimuli/P","pictures/stimuli/P","M","M","2","5f262b3018c68e27aebdd170","06/30/2022, 09:21:48",-1.25671643680391,"26","Female","right",1,1,0,0,FALSE,"P_M_keir_starmer.png P_M_Michael_Gove.png"
1983,"E_F_Sarah_Millican.png","P_M_Sajid_Javid.png","FALSE","pictures/stimuli/E","pictures/stimuli/P","F","M","4","5f262b3018c68e27aebdd170","06/30/2022, 09:21:48",0.15616003060877,"26","Female","right",1,0,0,0,TRUE,"E_F_Sarah_Millican.png P_M_Sajid_Javid.png"
3029,"E_F_Sarah_Millican.png","P_F_Theresa_May.png","FALSE","pictures/stimuli/E","pictures/stimuli/P","F","F","6","5f262b3018c68e27aebdd170","06/30/2022, 09:21:48",1.56903649802146,"26","Female","right",1,1,0,0,FALSE,"E_F_Sarah_Millican.png P_F_Theresa_May.png"
2589,"E_F_Julie_Walters.png","E_M_Jimmy_Carr.png","TRUE","pictures/stimuli/E","pictures/stimuli/E","F","M","6","5f262b3018c68e27aebdd170","06/30/2022, 09:21:48",1.56903649802146,"26","Female","right",1,1,0,0,FALSE,"E_F_Julie_Walters.png E_M_Jimmy_Carr.png"
2678,"P_M_Gordon_Brown.png","P_M_keir_starmer.png","TRUE","pictures/stimuli/P","pictures/stimuli/P","M","M","3","5f262b3018c68e27aebdd170","06/30/2022, 09:21:48",-0.550278203097572,"26","Female","right",1,1,0,0,FALSE,"P_M_Gordon_Brown.png P_M_keir_starmer.png"
2409,"P_M_Michael_Gove.png","P_M_Sajid_Javid.png","TRUE","pictures/stimuli/P","pictures/stimuli/P","M","M","4","5f262b3018c68e27aebdd170","06/30/2022, 09:21:48",0.15616003060877,"26","Female","right",1,0,0,0,TRUE,"P_M_Michael_Gove.png P_M_Sajid_Javid.png"
2564,"E_M_Ewan_McGregor.png","P_M_david_camer.png","FALSE","pictures/stimuli/E","pictures/stimuli/P","M","M","5","5f262b3018c68e27aebdd170","06/30/2022, 09:21:48",0.862598264315113,"26","Female","right",1,1,0,0,FALSE,"E_M_Ewan_McGregor.png P_M_david_camer.png"
2693,"E_F_Sarah_Millican.png","E_M_Jimmy_Carr.png","TRUE","pictures/stimuli/E","pictures/stimuli/E","F","M","2","5f262b3018c68e27aebdd170","06/30/2022, 09:21:48",-1.25671643680391,"26","Female","right",1,1,0,0,FALSE,"E_F_Sarah_Millican.png E_M_Jimmy_Carr.png"
1616,"E_M_Michael_McIntyr.png","P_M_Sajid_Javid.png","FALSE","pictures/stimuli/E","pictures/stimuli/P","M","M","3","5f262b3018c68e27aebdd170","06/30/2022, 09:21:48",-0.550278203097572,"26","Female","right",1,0,0,0,TRUE,"E_M_Michael_McIntyr.png P_M_Sajid_Javid.png"
2655,"E_F_Sarah_Millican.png","P_M_Gordon_Brown.png","FALSE","pictures/stimuli/E","pictures/stimuli/P","F","M","5","5f262b3018c68e27aebdd170","06/30/2022, 09:21:48",0.862598264315113,"26","Female","right",1,1,0,0,FALSE,"E_F_Sarah_Millican.png P_M_Gordon_Brown.png"
2488,"E_M_Jimmy_Carr.png","P_M_Sajid_Javid.png","FALSE","pictures/stimuli/E","pictures/stimuli/P","M","M","5","5f262b3018c68e27aebdd170","06/30/2022, 09:21:48",0.862598264315113,"26","Female","right",1,0,0,0,TRUE,"E_M_Jimmy_Carr.png P_M_Sajid_Javid.png"
3626,"E_M_Russell_Howard.png","P_M_keir_starmer.png","FALSE","pictures/stimuli/E","pictures/stimuli/P","M","M","4","5f262b3018c68e27aebdd170","06/30/2022, 09:21:48",0.15616003060877,"26","Female","right",1,1,0,0,FALSE,"E_M_Russell_Howard.png P_M_keir_starmer.png"
2535,"E_F_Julie_Walters.png","P_M_jeremy_corbyn.png","FALSE","pictures/stimuli/E","pictures/stimuli/P","F","M","6","5f262b3018c68e27aebdd170","06/30/2022, 09:21:48",1.56903649802146,"26","Female","right",1,1,0,0,FALSE,"E_F_Julie_Walters.png P_M_jeremy_corbyn.png"
1498,"E_M_Russell_Howard.png","P_M_Tony_Blair.png","FALSE","pictures/stimuli/E","pictures/stimuli/P","M","M","5","5f262b3018c68e27aebdd170","06/30/2022, 09:21:48",0.862598264315113,"26","Female","right",1,1,0,0,FALSE,"E_M_Russell_Howard.png P_M_Tony_Blair.png"
2410,"E_F_Jennifer_Saunders.png","E_M_Michael_McIntyr.png","TRUE","pictures/stimuli/E","pictures/stimuli/E","F","M","3","5f262b3018c68e27aebdd170","06/30/2022, 09:21:48",-0.550278203097572,"26","Female","right",1,1,0,0,FALSE,"E_F_Jennifer_Saunders.png E_M_Michael_McIntyr.png"
2271,"E_M_Ewan_McGregor.png","E_M_Jimmy_Carr.png","TRUE","pictures/stimuli/E","pictures/stimuli/E","M","M","5","5f262b3018c68e27aebdd170","06/30/2022, 09:21:48",0.862598264315113,"26","Female","right",1,1,0,0,FALSE,"E_M_Ewan_McGregor.png E_M_Jimmy_Carr.png"
2501,"E_M_Ewan_McGregor.png","E_M_Peter_Kay.png","TRUE","pictures/stimuli/E","pictures/stimuli/E","M","M","6","5f262b3018c68e27aebdd170","06/30/2022, 09:21:48",1.56903649802146,"26","Female","right",1,1,0,0,FALSE,"E_M_Ewan_McGregor.png E_M_Peter_Kay.png"
2474,"E_M_Ewan_McGregor.png","E_M_Russell_Howard.png","TRUE","pictures/stimuli/E","pictures/stimuli/E","M","M","5","5f262b3018c68e27aebdd170","06/30/2022, 09:21:48",0.862598264315113,"26","Female","right",1,1,0,0,FALSE,"E_M_Ewan_McGregor.png E_M_Russell_Howard.png"
2703,"P_F_Theresa_May.png","P_M_Sajid_Javid.png","TRUE","pictures/stimuli/P","pictures/stimuli/P","F","M","2","5f262b3018c68e27aebdd170","06/30/2022, 09:21:48",-1.25671643680391,"26","Female","right",1,0,0,0,TRUE,"P_F_Theresa_May.png P_M_Sajid_Javid.png"
2239,"E_M_Simon_Pegg.png","P_M_Sajid_Javid.png","FALSE","pictures/stimuli/E","pictures/stimuli/P","M","M","4","5f262b3018c68e27aebdd170","06/30/2022, 09:21:48",0.15616003060877,"26","Female","right",1,0,0,0,TRUE,"E_M_Simon_Pegg.png P_M_Sajid_Javid.png"
3690,"E_F_Julie_Walters.png","P_M_nigel_farage.png","FALSE","pictures/stimuli/E","pictures/stimuli/P","F","M","6","5f262b3018c68e27aebdd170","06/30/2022, 09:21:48",1.56903649802146,"26","Female","right",1,1,0,0,FALSE,"E_F_Julie_Walters.png P_M_nigel_farage.png"
4070,"P_M_jeremy_corbyn.png","P_M_nigel_farage.png","TRUE","pictures/stimuli/P","pictures/stimuli/P","M","M","2","5f262b3018c68e27aebdd170","06/30/2022, 09:21:48",-1.25671643680391,"26","Female","right",1,1,0,0,FALSE,"P_M_jeremy_corbyn.png P_M_nigel_farage.png"
4290,"E_F_Sarah_Millican.png","E_M_Russell_Howard.png","TRUE","pictures/stimuli/E","pictures/stimuli/E","F","M","2","5f262b3018c68e27aebdd170","06/30/2022, 09:21:48",-1.25671643680391,"26","Female","right",1,1,0,0,FALSE,"E_F_Sarah_Millican.png E_M_Russell_Howard.png"
2143,"E_F_Julie_Walters.png","P_M_keir_starmer.png","FALSE","pictures/stimuli/E","pictures/stimuli/P","F","M","5","5f262b3018c68e27aebdd170","06/30/2022, 09:21:48",0.862598264315113,"26","Female","right",1,1,0,0,FALSE,"E_F_Julie_Walters.png P_M_keir_starmer.png"
3702,"E_M_Simon_Pegg.png","P_M_david_camer.png","FALSE","pictures/stimuli/E","pictures/stimuli/P","M","M","4","5f262b3018c68e27aebdd170","06/30/2022, 09:21:48",0.15616003060877,"26","Female","right",1,1,0,0,FALSE,"E_M_Simon_Pegg.png P_M_david_camer.png"
3922,"P_F_nicola_sturge.png","P_M_Tony_Blair.png","TRUE","pictures/stimuli/P","pictures/stimuli/P","F","M","2","5f262b3018c68e27aebdd170","06/30/2022, 09:21:48",-1.25671643680391,"26","Female","right",1,1,0,0,FALSE,"P_F_nicola_sturge.png P_M_Tony_Blair.png"
2771,"E_M_Jimmy_Carr.png","E_M_Simon_Pegg.png","TRUE","pictures/stimuli/E","pictures/stimuli/E","M","M","3","5f262b3018c68e27aebdd170","06/30/2022, 09:21:48",-0.550278203097572,"26","Female","right",1,1,0,0,FALSE,"E_M_Jimmy_Carr.png E_M_Simon_Pegg.png"
2098,"E_M_Simon_Pegg.png","P_F_Theresa_May.png","FALSE","pictures/stimuli/E","pictures/stimuli/P","M","F","5","5f262b3018c68e27aebdd170","06/30/2022, 09:21:48",0.862598264315113,"26","Female","right",1,1,0,0,FALSE,"E_M_Simon_Pegg.png P_F_Theresa_May.png"
2172,"E_M_Peter_Kay.png","P_F_Theresa_May.png","FALSE","pictures/stimuli/E","pictures/stimuli/P","M","F","5","5f262b3018c68e27aebdd170","06/30/2022, 09:21:48",0.862598264315113,"26","Female","right",1,1,0,0,FALSE,"E_M_Peter_Kay.png P_F_Theresa_May.png"
2354,"E_M_Russell_Howard.png","P_F_Theresa_May.png","FALSE","pictures/stimuli/E","pictures/stimuli/P","M","F","5","5f262b3018c68e27aebdd170","06/30/2022, 09:21:48",0.862598264315113,"26","Female","right",1,1,0,0,FALSE,"E_M_Russell_Howard.png P_F_Theresa_May.png"
3417,"P_F_Theresa_May.png","P_M_Michael_Gove.png","TRUE","pictures/stimuli/P","pictures/stimuli/P","F","M","3","5f262b3018c68e27aebdd170","06/30/2022, 09:21:48",-0.550278203097572,"26","Female","right",1,1,0,0,FALSE,"P_F_Theresa_May.png P_M_Michael_Gove.png"
5373,"E_F_Dawn_Roma_French.png","P_M_Michael_Gove.png","FALSE","pictures/stimuli/E","pictures/stimuli/P","F","M","6","5f262b3018c68e27aebdd170","06/30/2022, 09:21:48",1.56903649802146,"26","Female","right",1,1,0,0,FALSE,"E_F_Dawn_Roma_French.png P_M_Michael_Gove.png"
3600,"E_M_Jimmy_Carr.png","P_M_Tony_Blair.png","FALSE","pictures/stimuli/E","pictures/stimuli/P","M","M","5","5f262b3018c68e27aebdd170","06/30/2022, 09:21:48",0.862598264315113,"26","Female","right",1,1,0,0,FALSE,"E_M_Jimmy_Carr.png P_M_Tony_Blair.png"
2129,"E_M_Ewan_McGregor.png","P_M_Sajid_Javid.png","FALSE","pictures/stimuli/E","pictures/stimuli/P","M","M","5","5f262b3018c68e27aebdd170","06/30/2022, 09:21:48",0.862598264315113,"26","Female","right",1,0,0,0,TRUE,"E_M_Ewan_McGregor.png P_M_Sajid_Javid.png"
4082,"E_M_Michael_McIntyr.png","E_M_Russell_Howard.png","TRUE","pictures/stimuli/E","pictures/stimuli/E","M","M","1","5f262b3018c68e27aebdd170","06/30/2022, 09:21:48",-1.96315467051026,"26","Female","right",1,1,0,0,FALSE,"E_M_Michael_McIntyr.png E_M_Russell_Howard.png"
7218,"E_F_Jennifer_Saunders.png","P_M_nigel_farage.png","FALSE","pictures/stimuli/E","pictures/stimuli/P","F","M","5","5f262b3018c68e27aebdd170","06/30/2022, 09:21:48",0.862598264315113,"26","Female","right",1,1,0,0,FALSE,"E_F_Jennifer_Saunders.png P_M_nigel_farage.png"
4920,"P_M_david_camer.png","P_M_Tony_Blair.png","TRUE","pictures/stimuli/P","pictures/stimuli/P","M","M","3","5f262b3018c68e27aebdd170","06/30/2022, 09:21:48",-0.550278203097572,"26","Female","right",1,1,0,0,FALSE,"P_M_david_camer.png P_M_Tony_Blair.png"
2060,"E_M_Russell_Howard.png","P_M_david_camer.png","FALSE","pictures/stimuli/E","pictures/stimuli/P","M","M","5","5f262b3018c68e27aebdd170","06/30/2022, 09:21:48",0.862598264315113,"26","Female","right",1,1,0,0,FALSE,"E_M_Russell_Howard.png P_M_david_camer.png"
2289,"P_M_Gordon_Brown.png","P_M_Michael_Gove.png","TRUE","pictures/stimuli/P","pictures/stimuli/P","M","M","3","5f262b3018c68e27aebdd170","06/30/2022, 09:21:48",-0.550278203097572,"26","Female","right",1,1,0,0,FALSE,"P_M_Gordon_Brown.png P_M_Michael_Gove.png"
1872,"P_M_jeremy_corbyn.png","P_M_Tony_Blair.png","TRUE","pictures/stimuli/P","pictures/stimuli/P","M","M","3","5f262b3018c68e27aebdd170","06/30/2022, 09:21:48",-0.550278203097572,"26","Female","right",1,1,0,0,FALSE,"P_M_jeremy_corbyn.png P_M_Tony_Blair.png"
4371,"P_M_nigel_farage.png","P_M_Sajid_Javid.png","TRUE","pictures/stimuli/P","pictures/stimuli/P","M","M","4","5f262b3018c68e27aebdd170","06/30/2022, 09:21:48",0.15616003060877,"26","Female","right",1,0,0,0,TRUE,"P_M_nigel_farage.png P_M_Sajid_Javid.png"
3224,"E_M_Simon_Pegg.png","P_M_Gordon_Brown.png","FALSE","pictures/stimuli/E","pictures/stimuli/P","M","M","4","5f262b3018c68e27aebdd170","06/30/2022, 09:21:48",0.15616003060877,"26","Female","right",1,1,0,0,FALSE,"E_M_Simon_Pegg.png P_M_Gordon_Brown.png"
2165,"E_M_Russell_Howard.png","P_M_nigel_farage.png","FALSE","pictures/stimuli/E","pictures/stimuli/P","M","M","5","5f262b3018c68e27aebdd170","06/30/2022, 09:21:48",0.862598264315113,"26","Female","right",1,1,0,0,FALSE,"E_M_Russell_Howard.png P_M_nigel_farage.png"
2982,"P_F_nicola_sturge.png","P_M_Michael_Gove.png","TRUE","pictures/stimuli/P","pictures/stimuli/P","F","M","2","5f262b3018c68e27aebdd170","06/30/2022, 09:21:48",-1.25671643680391,"26","Female","right",1,1,0,0,FALSE,"P_F_nicola_sturge.png P_M_Michael_Gove.png"
3262,"E_F_Julie_Walters.png","P_M_Tony_Blair.png","FALSE","pictures/stimuli/E","pictures/stimuli/P","F","M","5","5f262b3018c68e27aebdd170","06/30/2022, 09:21:48",0.862598264315113,"26","Female","right",1,1,0,0,FALSE,"E_F_Julie_Walters.png P_M_Tony_Blair.png"
1906,"E_F_Jennifer_Saunders.png","P_M_Gordon_Brown.png","FALSE","pictures/stimuli/E","pictures/stimuli/P","F","M","5","5f262b3018c68e27aebdd170","06/30/2022, 09:21:48",0.862598264315113,"26","Female","right",1,1,0,0,FALSE,"E_F_Jennifer_Saunders.png P_M_Gordon_Brown.png"
1505,"E_M_Ewan_McGregor.png","E_M_Simon_Pegg.png","TRUE","pictures/stimuli/E","pictures/stimuli/E","M","M","4","5f262b3018c68e27aebdd170","06/30/2022, 09:21:48",0.15616003060877,"26","Female","right",1,1,0,0,FALSE,"E_M_Ewan_McGregor.png E_M_Simon_Pegg.png"
2068,"E_F_Sarah_Millican.png","P_M_Tony_Blair.png","FALSE","pictures/stimuli/E","pictures/stimuli/P","F","M","4","5f262b3018c68e27aebdd170","06/30/2022, 09:21:48",0.15616003060877,"26","Female","right",1,1,0,0,FALSE,"E_F_Sarah_Millican.png P_M_Tony_Blair.png"
1691,"E_M_Jimmy_Carr.png","P_F_Theresa_May.png","FALSE","pictures/stimuli/E","pictures/stimuli/P","M","F","5","5f262b3018c68e27aebdd170","06/30/2022, 09:21:48",0.862598264315113,"26","Female","right",1,1,0,0,FALSE,"E_M_Jimmy_Carr.png P_F_Theresa_May.png"
2645,"E_M_Simon_Pegg.png","P_F_nicola_sturge.png","FALSE","pictures/stimuli/E","pictures/stimuli/P","M","F","5","5f262b3018c68e27aebdd170","06/30/2022, 09:21:48",0.862598264315113,"26","Female","right",1,1,0,0,FALSE,"E_M_Simon_Pegg.png P_F_nicola_sturge.png"
3478,"P_M_keir_starmer.png","P_M_Sajid_Javid.png","TRUE","pictures/stimuli/P","pictures/stimuli/P","M","M","3","5f262b3018c68e27aebdd170","06/30/2022, 09:21:48",-0.550278203097572,"26","Female","right",1,0,0,0,TRUE,"P_M_keir_starmer.png P_M_Sajid_Javid.png"
1652,"E_F_Sarah_Millican.png","P_F_nicola_sturge.png","FALSE","pictures/stimuli/E","pictures/stimuli/P","F","F","4","5f262b3018c68e27aebdd170","06/30/2022, 09:21:48",0.15616003060877,"26","Female","right",1,1,0,0,FALSE,"E_F_Sarah_Millican.png P_F_nicola_sturge.png"
1621,"E_M_Michael_McIntyr.png","P_M_jeremy_corbyn.png","FALSE","pictures/stimuli/E","pictures/stimuli/P","M","M","5","5f262b3018c68e27aebdd170","06/30/2022, 09:21:48",0.862598264315113,"26","Female","right",1,1,0,0,FALSE,"E_M_Michael_McIntyr.png P_M_jeremy_corbyn.png"
4368,"E_M_Peter_Kay.png","P_M_Gordon_Brown.png","FALSE","pictures/stimuli/E","pictures/stimuli/P","M","M","6","5f262b3018c68e27aebdd170","06/30/2022, 09:21:48",1.56903649802146,"26","Female","right",1,1,0,0,FALSE,"E_M_Peter_Kay.png P_M_Gordon_Brown.png"
1784,"E_F_Julie_Walters.png","P_M_Gordon_Brown.png","FALSE","pictures/stimuli/E","pictures/stimuli/P","F","M","5","5f262b3018c68e27aebdd170","06/30/2022, 09:21:48",0.862598264315113,"26","Female","right",1,1,0,0,FALSE,"E_F_Julie_Walters.png P_M_Gordon_Brown.png"
2450,"E_F_Dawn_Roma_French.png","E_F_Julie_Walters.png","TRUE","pictures/stimuli/E","pictures/stimuli/E","F","F","1","5f262b3018c68e27aebdd170","06/30/2022, 09:21:48",-1.96315467051026,"26","Female","right",1,1,0,0,FALSE,"E_F_Dawn_Roma_French.png E_F_Julie_Walters.png"
2482,"P_F_Theresa_May.png","P_M_keir_starmer.png","TRUE","pictures/stimuli/P","pictures/stimuli/P","F","M","3","5f262b3018c68e27aebdd170","06/30/2022, 09:21:48",-0.550278203097572,"26","Female","right",1,1,0,0,FALSE,"P_F_Theresa_May.png P_M_keir_starmer.png"
3704,"E_M_Peter_Kay.png","P_M_david_camer.png","FALSE","pictures/stimuli/E","pictures/stimuli/P","M","M","6","5f262b3018c68e27aebdd170","06/30/2022, 09:21:48",1.56903649802146,"26","Female","right",1,1,0,0,FALSE,"E_M_Peter_Kay.png P_M_david_camer.png"
2489,"E_M_Michael_McIntyr.png","E_M_Peter_Kay.png","TRUE","pictures/stimuli/E","pictures/stimuli/E","M","M","1","5f262b3018c68e27aebdd170","06/30/2022, 09:21:48",-1.96315467051026,"26","Female","right",1,1,0,0,FALSE,"E_M_Michael_McIntyr.png E_M_Peter_Kay.png"
2278,"P_F_Theresa_May.png","P_M_jeremy_corbyn.png","TRUE","pictures/stimuli/P","pictures/stimuli/P","F","M","2","5f262b3018c68e27aebdd170","06/30/2022, 09:21:48",-1.25671643680391,"26","Female","right",1,1,0,0,FALSE,"P_F_Theresa_May.png P_M_jeremy_corbyn.png"
1889,"E_F_Jennifer_Saunders.png","E_M_Simon_Pegg.png","TRUE","pictures/stimuli/E","pictures/stimuli/E","F","M","2","5f262b3018c68e27aebdd170","06/30/2022, 09:21:48",-1.25671643680391,"26","Female","right",1,1,0,0,FALSE,"E_F_Jennifer_Saunders.png E_M_Simon_Pegg.png"
2547,"E_F_Dawn_Roma_French.png","E_F_Jennifer_Saunders.png","TRUE","pictures/stimuli/E","pictures/stimuli/E","F","F","1","5f262b3018c68e27aebdd170","06/30/2022, 09:21:48",-1.96315467051026,"26","Female","right",1,1,0,0,FALSE,"E_F_Dawn_Roma_French.png E_F_Jennifer_Saunders.png"
2648,"E_F_Julie_Walters.png","P_F_nicola_sturge.png","FALSE","pictures/stimuli/E","pictures/stimuli/P","F","F","6","5f262b3018c68e27aebdd170","06/30/2022, 09:21:48",1.56903649802146,"26","Female","right",1,1,0,0,FALSE,"E_F_Julie_Walters.png P_F_nicola_sturge.png"
2540,"E_F_Dawn_Roma_French.png","P_F_Theresa_May.png","FALSE","pictures/stimuli/E","pictures/stimuli/P","F","F","6","5f262b3018c68e27aebdd170","06/30/2022, 09:21:48",1.56903649802146,"26","Female","right",1,1,0,0,FALSE,"E_F_Dawn_Roma_French.png P_F_Theresa_May.png"
4402,"E_M_Simon_Pegg.png","P_M_keir_starmer.png","FALSE","pictures/stimuli/E","pictures/stimuli/P","M","M","5","5f262b3018c68e27aebdd170","06/30/2022, 09:21:48",0.862598264315113,"26","Female","right",1,1,0,0,FALSE,"E_M_Simon_Pegg.png P_M_keir_starmer.png"
2540,"E_F_Dawn_Roma_French.png","E_M_Russell_Howard.png","TRUE","pictures/stimuli/E","pictures/stimuli/E","F","M","1","5f262b3018c68e27aebdd170","06/30/2022, 09:21:48",-1.96315467051026,"26","Female","right",1,1,0,0,FALSE,"E_F_Dawn_Roma_French.png E_M_Russell_Howard.png"
2342,"E_F_Dawn_Roma_French.png","E_M_Jimmy_Carr.png","TRUE","pictures/stimuli/E","pictures/stimuli/E","F","M","2","5f262b3018c68e27aebdd170","06/30/2022, 09:21:48",-1.25671643680391,"26","Female","right",1,1,0,0,FALSE,"E_F_Dawn_Roma_French.png E_M_Jimmy_Carr.png"
2208,"P_M_jeremy_corbyn.png","P_M_Michael_Gove.png","TRUE","pictures/stimuli/P","pictures/stimuli/P","M","M","1","5f262b3018c68e27aebdd170","06/30/2022, 09:21:48",-1.96315467051026,"26","Female","right",1,1,0,0,FALSE,"P_M_jeremy_corbyn.png P_M_Michael_Gove.png"
3820,"E_F_Julie_Walters.png","E_M_Ewan_McGregor.png","TRUE","pictures/stimuli/E","pictures/stimuli/E","F","M","3","5f262b3018c68e27aebdd170","06/30/2022, 09:21:48",-0.550278203097572,"26","Female","right",1,1,0,0,FALSE,"E_F_Julie_Walters.png E_M_Ewan_McGregor.png"
4046,"P_M_david_camer.png","P_M_nigel_farage.png","TRUE","pictures/stimuli/P","pictures/stimuli/P","M","M","2","5f262b3018c68e27aebdd170","06/30/2022, 09:21:48",-1.25671643680391,"26","Female","right",1,1,0,0,FALSE,"P_M_david_camer.png P_M_nigel_farage.png"
2945,"E_M_Ewan_McGregor.png","P_M_Michael_Gove.png","FALSE","pictures/stimuli/E","pictures/stimuli/P","M","M","5","5f262b3018c68e27aebdd170","06/30/2022, 09:21:48",0.862598264315113,"26","Female","right",1,1,0,0,FALSE,"E_M_Ewan_McGregor.png P_M_Michael_Gove.png"
2189,"E_F_Jennifer_Saunders.png","P_M_Sajid_Javid.png","FALSE","pictures/stimuli/E","pictures/stimuli/P","F","M","5","5f262b3018c68e27aebdd170","06/30/2022, 09:21:48",0.862598264315113,"26","Female","right",1,0,0,0,TRUE,"E_F_Jennifer_Saunders.png P_M_Sajid_Javid.png"
2636,"P_M_Sajid_Javid.png","P_M_Tony_Blair.png","TRUE","pictures/stimuli/P","pictures/stimuli/P","M","M","5","5f262b3018c68e27aebdd170","06/30/2022, 09:21:48",0.862598264315113,"26","Female","right",0,1,0,0,TRUE,"P_M_Sajid_Javid.png P_M_Tony_Blair.png"
1842,"E_M_Ewan_McGregor.png","P_M_Tony_Blair.png","FALSE","pictures/stimuli/E","pictures/stimuli/P","M","M","5","5f262b3018c68e27aebdd170","06/30/2022, 09:21:48",0.862598264315113,"26","Female","right",1,1,0,0,FALSE,"E_M_Ewan_McGregor.png P_M_Tony_Blair.png"
2297,"P_M_david_camer.png","P_M_jeremy_corbyn.png","TRUE","pictures/stimuli/P","pictures/stimuli/P","M","M","2","5f262b3018c68e27aebdd170","06/30/2022, 09:21:48",-1.25671643680391,"26","Female","right",1,1,0,0,FALSE,"P_M_david_camer.png P_M_jeremy_corbyn.png"
1798,"E_F_Dawn_Roma_French.png","E_M_Michael_McIntyr.png","TRUE","pictures/stimuli/E","pictures/stimuli/E","F","M","1","5f262b3018c68e27aebdd170","06/30/2022, 09:21:48",-1.96315467051026,"26","Female","right",1,1,0,0,FALSE,"E_F_Dawn_Roma_French.png E_M_Michael_McIntyr.png"
2065,"E_F_Sarah_Millican.png","E_M_Peter_Kay.png","TRUE","pictures/stimuli/E","pictures/stimuli/E","F","M","1","5f262b3018c68e27aebdd170","06/30/2022, 09:21:48",-1.96315467051026,"26","Female","right",1,1,0,0,FALSE,"E_F_Sarah_Millican.png E_M_Peter_Kay.png"
3467,"E_M_Simon_Pegg.png","P_M_nigel_farage.png","FALSE","pictures/stimuli/E","pictures/stimuli/P","M","M","5","5f262b3018c68e27aebdd170","06/30/2022, 09:21:48",0.862598264315113,"26","Female","right",1,1,0,0,FALSE,"E_M_Simon_Pegg.png P_M_nigel_farage.png"
3344,"E_F_Dawn_Roma_French.png","P_M_jeremy_corbyn.png","FALSE","pictures/stimuli/E","pictures/stimuli/P","F","M","5","5f262b3018c68e27aebdd170","06/30/2022, 09:21:48",0.862598264315113,"26","Female","right",1,1,0,0,FALSE,"E_F_Dawn_Roma_French.png P_M_jeremy_corbyn.png"
4029,"E_F_Dawn_Roma_French.png","P_M_Sajid_Javid.png","FALSE","pictures/stimuli/E","pictures/stimuli/P","F","M","6","5f262b3018c68e27aebdd170","06/30/2022, 09:21:48",1.56903649802146,"26","Female","right",1,0,0,0,TRUE,"E_F_Dawn_Roma_French.png P_M_Sajid_Javid.png"
2937,"E_M_Peter_Kay.png","P_M_Michael_Gove.png","FALSE","pictures/stimuli/E","pictures/stimuli/P","M","M","5","5f262b3018c68e27aebdd170","06/30/2022, 09:21:48",0.862598264315113,"26","Female","right",1,1,0,0,FALSE,"E_M_Peter_Kay.png P_M_Michael_Gove.png"
2387,"E_F_Dawn_Roma_French.png","E_F_Sarah_Millican.png","TRUE","pictures/stimuli/E","pictures/stimuli/E","F","F","2","5f262b3018c68e27aebdd170","06/30/2022, 09:21:48",-1.25671643680391,"26","Female","right",1,1,0,0,FALSE,"E_F_Dawn_Roma_French.png E_F_Sarah_Millican.png"
2417,"E_M_Jimmy_Carr.png","P_M_nigel_farage.png","FALSE","pictures/stimuli/E","pictures/stimuli/P","M","M","4","5f262b3018c68e27aebdd170","06/30/2022, 09:21:48",0.15616003060877,"26","Female","right",1,1,0,0,FALSE,"E_M_Jimmy_Carr.png P_M_nigel_farage.png"
2754,"E_M_Michael_McIntyr.png","P_M_Michael_Gove.png","FALSE","pictures/stimuli/E","pictures/stimuli/P","M","M","5","5f262b3018c68e27aebdd170","06/30/2022, 09:21:48",0.862598264315113,"26","Female","right",1,1,0,0,FALSE,"E_M_Michael_McIntyr.png P_M_Michael_Gove.png"
2457,"E_M_Peter_Kay.png","E_M_Simon_Pegg.png","TRUE","pictures/stimuli/E","pictures/stimuli/E","M","M","3","5f262b3018c68e27aebdd170","06/30/2022, 09:21:48",-0.550278203097572,"26","Female","right",1,1,0,0,FALSE,"E_M_Peter_Kay.png E_M_Simon_Pegg.png"
2513,"E_F_Jennifer_Saunders.png","P_F_Theresa_May.png","FALSE","pictures/stimuli/E","pictures/stimuli/P","F","F","5","5f262b3018c68e27aebdd170","06/30/2022, 09:21:48",0.862598264315113,"26","Female","right",1,1,0,0,FALSE,"E_F_Jennifer_Saunders.png P_F_Theresa_May.png"
1796,"E_M_Ewan_McGregor.png","P_M_nigel_farage.png","FALSE","pictures/stimuli/E","pictures/stimuli/P","M","M","5","5f262b3018c68e27aebdd170","06/30/2022, 09:21:48",0.862598264315113,"26","Female","right",1,1,0,0,FALSE,"E_M_Ewan_McGregor.png P_M_nigel_farage.png"
1743,"P_M_nigel_farage.png","P_M_Tony_Blair.png","TRUE","pictures/stimuli/P","pictures/stimuli/P","M","M","2","5f262b3018c68e27aebdd170","06/30/2022, 09:21:48",-1.25671643680391,"26","Female","right",1,1,0,0,FALSE,"P_M_nigel_farage.png P_M_Tony_Blair.png"
1833,"E_F_Jennifer_Saunders.png","E_M_Ewan_McGregor.png","TRUE","pictures/stimuli/E","pictures/stimuli/E","F","M","3","5f262b3018c68e27aebdd170","06/30/2022, 09:21:48",-0.550278203097572,"26","Female","right",1,1,0,0,FALSE,"E_F_Jennifer_Saunders.png E_M_Ewan_McGregor.png"
2962,"E_M_Ewan_McGregor.png","P_M_Gordon_Brown.png","FALSE","pictures/stimuli/E","pictures/stimuli/P","M","M","6","5f262b3018c68e27aebdd170","06/30/2022, 09:21:48",1.56903649802146,"26","Female","right",1,1,0,0,FALSE,"E_M_Ewan_McGregor.png P_M_Gordon_Brown.png"
2456,"E_F_Jennifer_Saunders.png","P_M_david_camer.png","FALSE","pictures/stimuli/E","pictures/stimuli/P","F","M","4","5f262b3018c68e27aebdd170","06/30/2022, 09:21:48",0.15616003060877,"26","Female","right",1,1,0,0,FALSE,"E_F_Jennifer_Saunders.png P_M_david_camer.png"
2876,"P_F_nicola_sturge.png","P_M_nigel_farage.png","TRUE","pictures/stimuli/P","pictures/stimuli/P","F","M","3","5f262b3018c68e27aebdd170","06/30/2022, 09:21:48",-0.550278203097572,"26","Female","right",1,1,0,0,FALSE,"P_F_nicola_sturge.png P_M_nigel_farage.png"
1963,"E_M_Michael_McIntyr.png","E_M_Simon_Pegg.png","TRUE","pictures/stimuli/E","pictures/stimuli/E","M","M","4","5f262b3018c68e27aebdd170","06/30/2022, 09:21:48",0.15616003060877,"26","Female","right",1,1,0,0,FALSE,"E_M_Michael_McIntyr.png E_M_Simon_Pegg.png"
3628,"E_M_Michael_McIntyr.png","P_M_Tony_Blair.png","FALSE","pictures/stimuli/E","pictures/stimuli/P","M","M","4","5f262b3018c68e27aebdd170","06/30/2022, 09:21:48",0.15616003060877,"26","Female","right",1,1,0,0,FALSE,"E_M_Michael_McIntyr.png P_M_Tony_Blair.png"
3047,"P_M_Gordon_Brown.png","P_M_Sajid_Javid.png","TRUE","pictures/stimuli/P","pictures/stimuli/P","M","M","3","5f262b3018c68e27aebdd170","06/30/2022, 09:21:48",-0.550278203097572,"26","Female","right",1,0,0,0,TRUE,"P_M_Gordon_Brown.png P_M_Sajid_Javid.png"
1716,"E_M_Michael_McIntyr.png","P_M_keir_starmer.png","FALSE","pictures/stimuli/E","pictures/stimuli/P","M","M","3","5f262b3018c68e27aebdd170","06/30/2022, 09:21:48",-0.550278203097572,"26","Female","right",1,1,0,0,FALSE,"E_M_Michael_McIntyr.png P_M_keir_starmer.png"
2686,"P_F_nicola_sturge.png","P_F_Theresa_May.png","TRUE","pictures/stimuli/P","pictures/stimuli/P","F","F","3","5f262b3018c68e27aebdd170","06/30/2022, 09:21:48",-0.550278203097572,"26","Female","right",1,1,0,0,FALSE,"P_F_nicola_sturge.png P_F_Theresa_May.png"
1781,"E_M_Ewan_McGregor.png","E_M_Michael_McIntyr.png","TRUE","pictures/stimuli/E","pictures/stimuli/E","M","M","4","5f262b3018c68e27aebdd170","06/30/2022, 09:21:48",0.15616003060877,"26","Female","right",1,1,0,0,FALSE,"E_M_Ewan_McGregor.png E_M_Michael_McIntyr.png"
2521,"E_F_Julie_Walters.png","E_M_Michael_McIntyr.png","TRUE","pictures/stimuli/E","pictures/stimuli/E","F","M","5","5f262b3018c68e27aebdd170","06/30/2022, 09:21:48",0.862598264315113,"26","Female","right",1,1,0,0,FALSE,"E_F_Julie_Walters.png E_M_Michael_McIntyr.png"
2246,"P_M_jeremy_corbyn.png","P_M_keir_starmer.png","TRUE","pictures/stimuli/P","pictures/stimuli/P","M","M","2","5f262b3018c68e27aebdd170","06/30/2022, 09:21:48",-1.25671643680391,"26","Female","right",1,1,0,0,FALSE,"P_M_jeremy_corbyn.png P_M_keir_starmer.png"
3780,"P_M_david_camer.png","P_M_Sajid_Javid.png","TRUE","pictures/stimuli/P","pictures/stimuli/P","M","M","3","5f262b3018c68e27aebdd170","06/30/2022, 09:21:48",-0.550278203097572,"26","Female","right",1,0,0,0,TRUE,"P_M_david_camer.png P_M_Sajid_Javid.png"
2475,"E_F_Julie_Walters.png","E_M_Peter_Kay.png","TRUE","pictures/stimuli/E","pictures/stimuli/E","F","M","4","5f262b3018c68e27aebdd170","06/30/2022, 09:21:48",0.15616003060877,"26","Female","right",1,1,0,0,FALSE,"E_F_Julie_Walters.png E_M_Peter_Kay.png"
1822,"E_M_Peter_Kay.png","P_M_jeremy_corbyn.png","FALSE","pictures/stimuli/E","pictures/stimuli/P","M","M","5","5f262b3018c68e27aebdd170","06/30/2022, 09:21:48",0.862598264315113,"26","Female","right",1,1,0,0,FALSE,"E_M_Peter_Kay.png P_M_jeremy_corbyn.png"
2581,"E_F_Sarah_Millican.png","P_M_Michael_Gove.png","FALSE","pictures/stimuli/E","pictures/stimuli/P","F","M","5","5f262b3018c68e27aebdd170","06/30/2022, 09:21:48",0.862598264315113,"26","Female","right",1,1,0,0,FALSE,"E_F_Sarah_Millican.png P_M_Michael_Gove.png"
1725,"E_M_Michael_McIntyr.png","P_M_david_camer.png","FALSE","pictures/stimuli/E","pictures/stimuli/P","M","M","4","5f262b3018c68e27aebdd170","06/30/2022, 09:21:48",0.15616003060877,"26","Female","right",1,1,0,0,FALSE,"E_M_Michael_McIntyr.png P_M_david_camer.png"
2482,"E_M_Jimmy_Carr.png","P_M_david_camer.png","FALSE","pictures/stimuli/E","pictures/stimuli/P","M","M","4","5f262b3018c68e27aebdd170","06/30/2022, 09:21:48",0.15616003060877,"26","Female","right",1,1,0,0,FALSE,"E_M_Jimmy_Carr.png P_M_david_camer.png"
2302,"P_M_Gordon_Brown.png","P_M_Tony_Blair.png","TRUE","pictures/stimuli/P","pictures/stimuli/P","M","M","2","5f262b3018c68e27aebdd170","06/30/2022, 09:21:48",-1.25671643680391,"26","Female","right",1,1,0,0,FALSE,"P_M_Gordon_Brown.png P_M_Tony_Blair.png"
2238,"P_M_david_camer.png","P_M_Michael_Gove.png","TRUE","pictures/stimuli/P","pictures/stimuli/P","M","M","2","5f262b3018c68e27aebdd170","06/30/2022, 09:21:48",-1.25671643680391,"26","Female","right",1,1,0,0,FALSE,"P_M_david_camer.png P_M_Michael_Gove.png"
2132,"E_M_Michael_McIntyr.png","P_F_Theresa_May.png","FALSE","pictures/stimuli/E","pictures/stimuli/P","M","F","4","5f262b3018c68e27aebdd170","06/30/2022, 09:21:48",0.15616003060877,"26","Female","right",1,1,0,0,FALSE,"E_M_Michael_McIntyr.png P_F_Theresa_May.png"
2916,"P_F_nicola_sturge.png","P_M_Gordon_Brown.png","TRUE","pictures/stimuli/P","pictures/stimuli/P","F","M","2","5f262b3018c68e27aebdd170","06/30/2022, 09:21:48",-1.25671643680391,"26","Female","right",1,1,0,0,FALSE,"P_F_nicola_sturge.png P_M_Gordon_Brown.png"
2545,"E_F_Jennifer_Saunders.png","P_M_jeremy_corbyn.png","FALSE","pictures/stimuli/E","pictures/stimuli/P","F","M","5","5f262b3018c68e27aebdd170","06/30/2022, 09:21:48",0.862598264315113,"26","Female","right",1,1,0,0,FALSE,"E_F_Jennifer_Saunders.png P_M_jeremy_corbyn.png"
2672,"P_F_Theresa_May.png","P_M_Tony_Blair.png","TRUE","pictures/stimuli/P","pictures/stimuli/P","F","M","2","5f262b3018c68e27aebdd170","06/30/2022, 09:21:48",-1.25671643680391,"26","Female","right",1,1,0,0,FALSE,"P_F_Theresa_May.png P_M_Tony_Blair.png"
3916,"E_F_Dawn_Roma_French.png","P_M_nigel_farage.png","FALSE","pictures/stimuli/E","pictures/stimuli/P","F","M","5","5f262b3018c68e27aebdd170","06/30/2022, 09:21:48",0.862598264315113,"26","Female","right",1,1,0,0,FALSE,"E_F_Dawn_Roma_French.png P_M_nigel_farage.png"
2191,"E_M_Jimmy_Carr.png","P_M_Michael_Gove.png","FALSE","pictures/stimuli/E","pictures/stimuli/P","M","M","4","5f262b3018c68e27aebdd170","06/30/2022, 09:21:48",0.15616003060877,"26","Female","right",1,1,0,0,FALSE,"E_M_Jimmy_Carr.png P_M_Michael_Gove.png"
1413,"E_F_Sarah_Millican.png","P_M_jeremy_corbyn.png","FALSE","pictures/stimuli/E","pictures/stimuli/P","F","M","5","5f262b3018c68e27aebdd170","06/30/2022, 09:21:48",0.862598264315113,"26","Female","right",1,1,0,0,FALSE,"E_F_Sarah_Millican.png P_M_jeremy_corbyn.png"
1865,"E_M_Jimmy_Carr.png","P_M_jeremy_corbyn.png","FALSE","pictures/stimuli/E","pictures/stimuli/P","M","M","4","5f262b3018c68e27aebdd170","06/30/2022, 09:21:48",0.15616003060877,"26","Female","right",1,1,0,0,FALSE,"E_M_Jimmy_Carr.png P_M_jeremy_corbyn.png"
3451,"E_M_Jimmy_Carr.png","E_M_Peter_Kay.png","TRUE","pictures/stimuli/E","pictures/stimuli/E","M","M","1","5f262b3018c68e27aebdd170","06/30/2022, 09:21:48",-1.96315467051026,"26","Female","right",1,1,0,0,FALSE,"E_M_Jimmy_Carr.png E_M_Peter_Kay.png"
3083,"P_F_nicola_sturge.png","P_M_Sajid_Javid.png","TRUE","pictures/stimuli/P","pictures/stimuli/P","F","M","3","5f262b3018c68e27aebdd170","06/30/2022, 09:21:48",-0.550278203097572,"26","Female","right",1,0,0,0,TRUE,"P_F_nicola_sturge.png P_M_Sajid_Javid.png"
2054,"E_F_Dawn_Roma_French.png","E_M_Ewan_McGregor.png","TRUE","pictures/stimuli/E","pictures/stimuli/E","F","M","3","5f262b3018c68e27aebdd170","06/30/2022, 09:21:48",-0.550278203097572,"26","Female","right",1,1,0,0,FALSE,"E_F_Dawn_Roma_French.png E_M_Ewan_McGregor.png"
3330,"E_M_Peter_Kay.png","P_M_Tony_Blair.png","FALSE","pictures/stimuli/E","pictures/stimuli/P","M","M","5","5f262b3018c68e27aebdd170","06/30/2022, 09:21:48",0.862598264315113,"26","Female","right",1,1,0,0,FALSE,"E_M_Peter_Kay.png P_M_Tony_Blair.png"
4557,"E_F_Dawn_Roma_French.png","P_F_nicola_sturge.png","FALSE","pictures/stimuli/E","pictures/stimuli/P","F","F","4","5f262b3018c68e27aebdd170","06/30/2022, 09:21:48",0.15616003060877,"26","Female","right",1,1,0,0,FALSE,"E_F_Dawn_Roma_French.png P_F_nicola_sturge.png"
3109,"P_M_david_camer.png","P_M_Gordon_Brown.png","TRUE","pictures/stimuli/P","pictures/stimuli/P","M","M","2","5f262b3018c68e27aebdd170","06/30/2022, 09:21:48",-1.25671643680391,"26","Female","right",1,1,0,0,FALSE,"P_M_david_camer.png P_M_Gordon_Brown.png"
3855,"E_M_Michael_McIntyr.png","P_F_nicola_sturge.png","FALSE","pictures/stimuli/E","pictures/stimuli/P","M","F","4","5f262b3018c68e27aebdd170","06/30/2022, 09:21:48",0.15616003060877,"26","Female","right",1,1,0,0,FALSE,"E_M_Michael_McIntyr.png P_F_nicola_sturge.png"
5821,"E_F_Jennifer_Saunders.png","P_M_Michael_Gove.png","FALSE","pictures/stimuli/E","pictures/stimuli/P","F","M","4","5f262b3018c68e27aebdd170","06/30/2022, 09:21:48",0.15616003060877,"26","Female","right",1,1,0,0,FALSE,"E_F_Jennifer_Saunders.png P_M_Michael_Gove.png"
1402,"E_M_Russell_Howard.png","P_M_Sajid_Javid.png","FALSE","pictures/stimuli/E","pictures/stimuli/P","M","M","5","5f262b3018c68e27aebdd170","06/30/2022, 09:21:48",0.862598264315113,"26","Female","right",1,0,0,0,TRUE,"E_M_Russell_Howard.png P_M_Sajid_Javid.png"
2344,"E_F_Dawn_Roma_French.png","P_M_david_camer.png","FALSE","pictures/stimuli/E","pictures/stimuli/P","F","M","5","5f262b3018c68e27aebdd170","06/30/2022, 09:21:48",0.862598264315113,"26","Female","right",1,1,0,0,FALSE,"E_F_Dawn_Roma_French.png P_M_david_camer.png"
2476,"E_M_Peter_Kay.png","P_M_nigel_farage.png","FALSE","pictures/stimuli/E","pictures/stimuli/P","M","M","5","5f262b3018c68e27aebdd170","06/30/2022, 09:21:48",0.862598264315113,"26","Female","right",1,1,0,0,FALSE,"E_M_Peter_Kay.png P_M_nigel_farage.png"
2645,"P_F_nicola_sturge.png","P_M_david_camer.png","TRUE","pictures/stimuli/P","pictures/stimuli/P","F","M","2","5f262b3018c68e27aebdd170","06/30/2022, 09:21:48",-1.25671643680391,"26","Female","right",1,1,0,0,FALSE,"P_F_nicola_sturge.png P_M_david_camer.png"
3053,"E_F_Jennifer_Saunders.png","E_M_Peter_Kay.png","TRUE","pictures/stimuli/E","pictures/stimuli/E","F","M","2","5f262b3018c68e27aebdd170","06/30/2022, 09:21:48",-1.25671643680391,"26","Female","right",1,1,0,0,FALSE,"E_F_Jennifer_Saunders.png E_M_Peter_Kay.png"
1621,"E_F_Jennifer_Saunders.png","P_M_keir_starmer.png","FALSE","pictures/stimuli/E","pictures/stimuli/P","F","M","3","5f262b3018c68e27aebdd170","06/30/2022, 09:21:48",-0.550278203097572,"26","Female","right",1,1,0,0,FALSE,"E_F_Jennifer_Saunders.png P_M_keir_starmer.png"
2012,"E_M_Russell_Howard.png","P_M_Michael_Gove.png","FALSE","pictures/stimuli/E","pictures/stimuli/P","M","M","5","5f262b3018c68e27aebdd170","06/30/2022, 09:21:48",0.862598264315113,"26","Female","right",1,1,0,0,FALSE,"E_M_Russell_Howard.png P_M_Michael_Gove.png"
2570,"P_F_Theresa_May.png","P_M_Gordon_Brown.png","TRUE","pictures/stimuli/P","pictures/stimuli/P","F","M","2","5f262b3018c68e27aebdd170","06/30/2022, 09:21:48",-1.25671643680391,"26","Female","right",1,1,0,0,FALSE,"P_F_Theresa_May.png P_M_Gordon_Brown.png"
2972,"P_M_keir_starmer.png","P_M_nigel_farage.png","TRUE","pictures/stimuli/P","pictures/stimuli/P","M","M","1","5f262b3018c68e27aebdd170","06/30/2022, 09:21:48",-1.96315467051026,"26","Female","right",1,1,0,0,FALSE,"P_M_keir_starmer.png P_M_nigel_farage.png"
3044,"E_F_Dawn_Roma_French.png","E_M_Simon_Pegg.png","TRUE","pictures/stimuli/E","pictures/stimuli/E","F","M","3","5f262b3018c68e27aebdd170","06/30/2022, 09:21:48",-0.550278203097572,"26","Female","right",1,1,0,0,FALSE,"E_F_Dawn_Roma_French.png E_M_Simon_Pegg.png"
2403,"E_M_Ewan_McGregor.png","P_F_Theresa_May.png","FALSE","pictures/stimuli/E","pictures/stimuli/P","M","F","5","5f262b3018c68e27aebdd170","06/30/2022, 09:21:48",0.862598264315113,"26","Female","right",1,1,0,0,FALSE,"E_M_Ewan_McGregor.png P_F_Theresa_May.png"
2189,"E_M_Jimmy_Carr.png","E_M_Russell_Howard.png","TRUE","pictures/stimuli/E","pictures/stimuli/E","M","M","1","5f262b3018c68e27aebdd170","06/30/2022, 09:21:48",-1.96315467051026,"26","Female","right",1,1,0,0,FALSE,"E_M_Jimmy_Carr.png E_M_Russell_Howard.png"
1841,"E_M_Simon_Pegg.png","P_M_Michael_Gove.png","FALSE","pictures/stimuli/E","pictures/stimuli/P","M","M","4","5f262b3018c68e27aebdd170","06/30/2022, 09:21:48",0.15616003060877,"26","Female","right",1,1,0,0,FALSE,"E_M_Simon_Pegg.png P_M_Michael_Gove.png"
1304,"E_F_Dawn_Roma_French.png","P_M_Gordon_Brown.png","FALSE","pictures/stimuli/E","pictures/stimuli/P","F","M","5","5f262b3018c68e27aebdd170","06/30/2022, 09:21:48",0.862598264315113,"26","Female","right",1,1,0,0,FALSE,"E_F_Dawn_Roma_French.png P_M_Gordon_Brown.png"
2918,"E_F_Sarah_Millican.png","P_M_nigel_farage.png","FALSE","pictures/stimuli/E","pictures/stimuli/P","F","M","4","5f262b3018c68e27aebdd170","06/30/2022, 09:21:48",0.15616003060877,"26","Female","right",1,1,0,0,FALSE,"E_F_Sarah_Millican.png P_M_nigel_farage.png"
2614,"E_M_Ewan_McGregor.png","P_M_jeremy_corbyn.png","FALSE","pictures/stimuli/E","pictures/stimuli/P","M","M","5","5f262b3018c68e27aebdd170","06/30/2022, 09:21:48",0.862598264315113,"26","Female","right",1,1,0,0,FALSE,"E_M_Ewan_McGregor.png P_M_jeremy_corbyn.png"
2092,"E_F_Julie_Walters.png","E_M_Simon_Pegg.png","TRUE","pictures/stimuli/E","pictures/stimuli/E","F","M","3","5f262b3018c68e27aebdd170","06/30/2022, 09:21:48",-0.550278203097572,"26","Female","right",1,1,0,0,FALSE,"E_F_Julie_Walters.png E_M_Simon_Pegg.png"
1198,"P_F_nicola_sturge.png","P_M_keir_starmer.png","TRUE","pictures/stimuli/P","pictures/stimuli/P","F","M","5","5f262b3018c68e27aebdd170","06/30/2022, 09:21:48",0.862598264315113,"26","Female","right",1,1,0,0,FALSE,"P_F_nicola_sturge.png P_M_keir_starmer.png"
2892,"E_M_Peter_Kay.png","P_M_keir_starmer.png","FALSE","pictures/stimuli/E","pictures/stimuli/P","M","M","6","5f262b3018c68e27aebdd170","06/30/2022, 09:21:48",1.56903649802146,"26","Female","right",1,1,0,0,FALSE,"E_M_Peter_Kay.png P_M_keir_starmer.png"
3018,"E_M_Peter_Kay.png","E_M_Russell_Howard.png","TRUE","pictures/stimuli/E","pictures/stimuli/E","M","M","1","5f262b3018c68e27aebdd170","06/30/2022, 09:21:48",-1.96315467051026,"26","Female","right",1,1,0,0,FALSE,"E_M_Peter_Kay.png E_M_Russell_Howard.png"
1605,"E_M_Russell_Howard.png","E_M_Simon_Pegg.png","TRUE","pictures/stimuli/E","pictures/stimuli/E","M","M","2","5f262b3018c68e27aebdd170","06/30/2022, 09:21:48",-1.25671643680391,"26","Female","right",1,1,0,0,FALSE,"E_M_Russell_Howard.png E_M_Simon_Pegg.png"
1703,"P_F_Theresa_May.png","P_M_david_camer.png","TRUE","pictures/stimuli/P","pictures/stimuli/P","F","M","2","5f262b3018c68e27aebdd170","06/30/2022, 09:21:48",-1.25671643680391,"26","Female","right",1,1,0,0,FALSE,"P_F_Theresa_May.png P_M_david_camer.png"
5356,"E_M_Ewan_McGregor.png","P_F_nicola_sturge.png","FALSE","pictures/stimuli/E","pictures/stimuli/P","M","F","3","5f262b3018c68e27aebdd170","06/30/2022, 09:21:48",-0.550278203097572,"26","Female","right",1,1,0,0,FALSE,"E_M_Ewan_McGregor.png P_F_nicola_sturge.png"
3027,"E_F_Jennifer_Saunders.png","E_F_Julie_Walters.png","TRUE","pictures/stimuli/E","pictures/stimuli/E","F","F","4","5f262b3018c68e27aebdd170","06/30/2022, 09:21:48",0.15616003060877,"26","Female","right",1,1,0,0,FALSE,"E_F_Jennifer_Saunders.png E_F_Julie_Walters.png"
2452,"P_M_keir_starmer.png","P_M_Tony_Blair.png","TRUE","pictures/stimuli/P","pictures/stimuli/P","M","M","2","5f262b3018c68e27aebdd170","06/30/2022, 09:21:48",-1.25671643680391,"26","Female","right",1,1,0,0,FALSE,"P_M_keir_starmer.png P_M_Tony_Blair.png"
3006,"E_M_Ewan_McGregor.png","P_M_keir_starmer.png","FALSE","pictures/stimuli/E","pictures/stimuli/P","M","M","4","5f262b3018c68e27aebdd170","06/30/2022, 09:21:48",0.15616003060877,"26","Female","right",1,1,0,0,FALSE,"E_M_Ewan_McGregor.png P_M_keir_starmer.png"
2298,"E_F_Julie_Walters.png","P_M_david_camer.png","FALSE","pictures/stimuli/E","pictures/stimuli/P","F","M","4","5f262b3018c68e27aebdd170","06/30/2022, 09:21:48",0.15616003060877,"26","Female","right",1,1,0,0,FALSE,"E_F_Julie_Walters.png P_M_david_camer.png"
3832,"P_M_david_camer.png","P_M_keir_starmer.png","TRUE","pictures/stimuli/P","pictures/stimuli/P","M","M","1","5f262b3018c68e27aebdd170","06/30/2022, 09:21:48",-1.96315467051026,"26","Female","right",1,1,0,0,FALSE,"P_M_david_camer.png P_M_keir_starmer.png"
1310,"E_F_Julie_Walters.png","P_M_Sajid_Javid.png","FALSE","pictures/stimuli/E","pictures/stimuli/P","F","M","3","5f262b3018c68e27aebdd170","06/30/2022, 09:21:48",-0.550278203097572,"26","Female","right",1,0,0,0,TRUE,"E_F_Julie_Walters.png P_M_Sajid_Javid.png"
1586,"P_M_jeremy_corbyn.png","P_M_Sajid_Javid.png","TRUE","pictures/stimuli/P","pictures/stimuli/P","M","M","5","5f262b3018c68e27aebdd170","06/30/2022, 09:21:48",0.862598264315113,"26","Female","right",1,0,0,0,TRUE,"P_M_jeremy_corbyn.png P_M_Sajid_Javid.png"
3706,"E_M_Michael_McIntyr.png","P_M_nigel_farage.png","FALSE","pictures/stimuli/E","pictures/stimuli/P","M","M","6","5f262b3018c68e27aebdd170","06/30/2022, 09:21:48",1.56903649802146,"26","Female","right",1,1,0,0,FALSE,"E_M_Michael_McIntyr.png P_M_nigel_farage.png"
1862,"E_M_Jimmy_Carr.png","P_M_keir_starmer.png","FALSE","pictures/stimuli/E","pictures/stimuli/P","M","M","4","5f262b3018c68e27aebdd170","06/30/2022, 09:21:48",0.15616003060877,"26","Female","right",1,1,0,0,FALSE,"E_M_Jimmy_Carr.png P_M_keir_starmer.png"
2623,"E_M_Russell_Howard.png","P_F_nicola_sturge.png","FALSE","pictures/stimuli/E","pictures/stimuli/P","M","F","5","5f262b3018c68e27aebdd170","06/30/2022, 09:21:48",0.862598264315113,"26","Female","right",1,1,0,0,FALSE,"E_M_Russell_Howard.png P_F_nicola_sturge.png"
1911,"E_F_Sarah_Millican.png","P_M_keir_starmer.png","FALSE","pictures/stimuli/E","pictures/stimuli/P","F","M","5","5f262b3018c68e27aebdd170","06/30/2022, 09:21:48",0.862598264315113,"26","Female","right",1,1,0,0,FALSE,"E_F_Sarah_Millican.png P_M_keir_starmer.png"
1311,"E_M_Peter_Kay.png","P_M_Sajid_Javid.png","FALSE","pictures/stimuli/E","pictures/stimuli/P","M","M","5","5f262b3018c68e27aebdd170","06/30/2022, 09:21:48",0.862598264315113,"26","Female","right",1,0,0,0,TRUE,"E_M_Peter_Kay.png P_M_Sajid_Javid.png"
2542,"E_M_Peter_Kay.png","P_F_nicola_sturge.png","FALSE","pictures/stimuli/E","pictures/stimuli/P","M","F","5","5f262b3018c68e27aebdd170","06/30/2022, 09:21:48",0.862598264315113,"26","Female","right",1,1,0,0,FALSE,"E_M_Peter_Kay.png P_F_nicola_sturge.png"
2627,"E_F_Julie_Walters.png","P_M_Michael_Gove.png","FALSE","pictures/stimuli/E","pictures/stimuli/P","F","M","5","5f262b3018c68e27aebdd170","06/30/2022, 09:21:48",0.862598264315113,"26","Female","right",1,1,0,0,FALSE,"E_F_Julie_Walters.png P_M_Michael_Gove.png"
2054,"E_M_Jimmy_Carr.png","P_M_Gordon_Brown.png","FALSE","pictures/stimuli/E","pictures/stimuli/P","M","M","5","5f262b3018c68e27aebdd170","06/30/2022, 09:21:48",0.862598264315113,"26","Female","right",1,1,0,0,FALSE,"E_M_Jimmy_Carr.png P_M_Gordon_Brown.png"
1475,"E_M_Michael_McIntyr.png","P_M_Gordon_Brown.png","FALSE","pictures/stimuli/E","pictures/stimuli/P","M","M","4","5f262b3018c68e27aebdd170","06/30/2022, 09:21:48",0.15616003060877,"26","Female","right",1,1,0,0,FALSE,"E_M_Michael_McIntyr.png P_M_Gordon_Brown.png"
2093,"E_F_Julie_Walters.png","P_F_Theresa_May.png","FALSE","pictures/stimuli/E","pictures/stimuli/P","F","F","5","5f262b3018c68e27aebdd170","06/30/2022, 09:21:48",0.862598264315113,"26","Female","right",1,1,0,0,FALSE,"E_F_Julie_Walters.png P_F_Theresa_May.png"
2239,"E_F_Dawn_Roma_French.png","P_M_keir_starmer.png","FALSE","pictures/stimuli/E","pictures/stimuli/P","F","M","4","5f262b3018c68e27aebdd170","06/30/2022, 09:21:48",0.15616003060877,"26","Female","right",1,1,0,0,FALSE,"E_F_Dawn_Roma_French.png P_M_keir_starmer.png"
2223,"E_M_Simon_Pegg.png","P_M_jeremy_corbyn.png","FALSE","pictures/stimuli/E","pictures/stimuli/P","M","M","5","5f262b3018c68e27aebdd170","06/30/2022, 09:21:48",0.862598264315113,"26","Female","right",1,1,0,0,FALSE,"E_M_Simon_Pegg.png P_M_jeremy_corbyn.png"
2157,"E_F_Jennifer_Saunders.png","E_F_Sarah_Millican.png","TRUE","pictures/stimuli/E","pictures/stimuli/E","F","F","2","5f262b3018c68e27aebdd170","06/30/2022, 09:21:48",-1.25671643680391,"26","Female","right",1,1,0,0,FALSE,"E_F_Jennifer_Saunders.png E_F_Sarah_Millican.png"
2081,"P_M_Michael_Gove.png","P_M_nigel_farage.png","TRUE","pictures/stimuli/P","pictures/stimuli/P","M","M","3","5f262b3018c68e27aebdd170","06/30/2022, 09:21:48",-0.550278203097572,"26","Female","right",1,1,0,0,FALSE,"P_M_Michael_Gove.png P_M_nigel_farage.png"
3022,"E_M_Jimmy_Carr.png","E_M_Michael_McIntyr.png","TRUE","pictures/stimuli/E","pictures/stimuli/E","M","M","1","5f262b3018c68e27aebdd170","06/30/2022, 09:21:48",-1.96315467051026,"26","Female","right",1,1,0,0,FALSE,"E_M_Jimmy_Carr.png E_M_Michael_McIntyr.png"
2446,"E_F_Jennifer_Saunders.png","P_F_nicola_sturge.png","FALSE","pictures/stimuli/E","pictures/stimuli/P","F","F","5","5f262b3018c68e27aebdd170","06/30/2022, 09:21:48",0.862598264315113,"26","Female","right",1,1,0,0,FALSE,"E_F_Jennifer_Saunders.png P_F_nicola_sturge.png"
1996,"E_M_Russell_Howard.png","P_M_Gordon_Brown.png","FALSE","pictures/stimuli/E","pictures/stimuli/P","M","M","4","5f262b3018c68e27aebdd170","06/30/2022, 09:21:48",0.15616003060877,"26","Female","right",1,1,0,0,FALSE,"E_M_Russell_Howard.png P_M_Gordon_Brown.png"
2362,"E_F_Jennifer_Saunders.png","P_M_Tony_Blair.png","FALSE","pictures/stimuli/E","pictures/stimuli/P","F","M","5","5f262b3018c68e27aebdd170","06/30/2022, 09:21:48",0.862598264315113,"26","Female","right",1,1,0,0,FALSE,"E_F_Jennifer_Saunders.png P_M_Tony_Blair.png"
2017,"E_F_Julie_Walters.png","E_F_Sarah_Millican.png","TRUE","pictures/stimuli/E","pictures/stimuli/E","F","F","4","5f262b3018c68e27aebdd170","06/30/2022, 09:21:48",0.15616003060877,"26","Female","right",1,1,0,0,FALSE,"E_F_Julie_Walters.png E_F_Sarah_Millican.png"
2404,"E_F_Jennifer_Saunders.png","E_M_Jimmy_Carr.png","TRUE","pictures/stimuli/E","pictures/stimuli/E","F","M","3","5f262b3018c68e27aebdd170","06/30/2022, 09:21:48",-0.550278203097572,"26","Female","right",1,1,0,0,FALSE,"E_F_Jennifer_Saunders.png E_M_Jimmy_Carr.png"
2981,"P_M_Michael_Gove.png","P_M_Tony_Blair.png","TRUE","pictures/stimuli/P","pictures/stimuli/P","M","M","3","5f262b3018c68e27aebdd170","06/30/2022, 09:21:48",-0.550278203097572,"26","Female","right",1,1,0,0,FALSE,"P_M_Michael_Gove.png P_M_Tony_Blair.png"
2262,"E_F_Julie_Walters.png","E_M_Russell_Howard.png","TRUE","pictures/stimuli/E","pictures/stimuli/E","F","M","4","5f262b3018c68e27aebdd170","06/30/2022, 09:21:48",0.15616003060877,"26","Female","right",1,1,0,0,FALSE,"E_F_Julie_Walters.png E_M_Russell_Howard.png"
2833,"P_M_Gordon_Brown.png","P_M_jeremy_corbyn.png","TRUE","pictures/stimuli/P","pictures/stimuli/P","M","M","3","5f262b3018c68e27aebdd170","06/30/2022, 09:21:48",-0.550278203097572,"26","Female","right",1,1,0,0,FALSE,"P_M_Gordon_Brown.png P_M_jeremy_corbyn.png"
1498,"P_F_Theresa_May.png","P_M_nigel_farage.png","TRUE","pictures/stimuli/P","pictures/stimuli/P","F","M","3","5f262b3018c68e27aebdd170","06/30/2022, 09:21:48",-0.550278203097572,"26","Female","right",1,1,0,0,FALSE,"P_F_Theresa_May.png P_M_nigel_farage.png"
2342,"E_F_Sarah_Millican.png","P_M_david_camer.png","FALSE","pictures/stimuli/E","pictures/stimuli/P","F","M","5","5f262b3018c68e27aebdd170","06/30/2022, 09:21:48",0.862598264315113,"26","Female","right",1,1,0,0,FALSE,"E_F_Sarah_Millican.png P_M_david_camer.png"
1318,"P_F_nicola_sturge.png","P_M_jeremy_corbyn.png","TRUE","pictures/stimuli/P","pictures/stimuli/P","F","M","4","5f262b3018c68e27aebdd170","06/30/2022, 09:21:48",0.15616003060877,"26","Female","right",1,1,0,0,FALSE,"P_F_nicola_sturge.png P_M_jeremy_corbyn.png"
3548,"E_F_Jennifer_Saunders.png","E_M_Russell_Howard.png","TRUE","pictures/stimuli/E","pictures/stimuli/E","F","M","3","5f262b3018c68e27aebdd170","06/30/2022, 09:21:48",-0.550278203097572,"26","Female","right",1,1,0,0,FALSE,"E_F_Jennifer_Saunders.png E_M_Russell_Howard.png"
1603,"P_M_Gordon_Brown.png","P_M_nigel_farage.png","TRUE","pictures/stimuli/P","pictures/stimuli/P","M","M","3","5f262b3018c68e27aebdd170","06/30/2022, 09:21:48",-0.550278203097572,"26","Female","right",1,1,0,0,FALSE,"P_M_Gordon_Brown.png P_M_nigel_farage.png"
1416,"E_F_Dawn_Roma_French.png","E_M_Peter_Kay.png","TRUE","pictures/stimuli/E","pictures/stimuli/E","F","M","3","5f262b3018c68e27aebdd170","06/30/2022, 09:21:48",-0.550278203097572,"26","Female","right",1,1,0,0,FALSE,"E_F_Dawn_Roma_French.png E_M_Peter_Kay.png"
1634,"E_F_Sarah_Millican.png","E_M_Michael_McIntyr.png","TRUE","pictures/stimuli/E","pictures/stimuli/E","F","M","2","5f262b3018c68e27aebdd170","06/30/2022, 09:21:48",-1.25671643680391,"26","Female","right",1,1,0,0,FALSE,"E_F_Sarah_Millican.png E_M_Michael_McIntyr.png"
1947,"E_M_Jimmy_Carr.png","P_F_nicola_sturge.png","FALSE","pictures/stimuli/E","pictures/stimuli/P","M","F","4","5f262b3018c68e27aebdd170","06/30/2022, 09:21:48",0.15616003060877,"26","Female","right",1,1,0,0,FALSE,"E_M_Jimmy_Carr.png P_F_nicola_sturge.png"
1693,"E_F_Sarah_Millican.png","E_M_Simon_Pegg.png","TRUE","pictures/stimuli/E","pictures/stimuli/E","F","M","4","5f262b3018c68e27aebdd170","06/30/2022, 09:21:48",0.15616003060877,"26","Female","right",1,1,0,0,FALSE,"E_F_Sarah_Millican.png E_M_Simon_Pegg.png"
3053,"E_F_Sarah_Millican.png","E_M_Ewan_McGregor.png","TRUE","pictures/stimuli/E","pictures/stimuli/E","F","M","4","5f262b3018c68e27aebdd170","06/30/2022, 09:21:48",0.15616003060877,"26","Female","right",1,1,0,0,FALSE,"E_F_Sarah_Millican.png E_M_Ewan_McGregor.png"
2100,"E_M_Simon_Pegg.png","P_M_Tony_Blair.png","FALSE","pictures/stimuli/E","pictures/stimuli/P","M","M","4","5f262b3018c68e27aebdd170","06/30/2022, 09:21:48",0.15616003060877,"26","Female","right",1,1,0,0,FALSE,"E_M_Simon_Pegg.png P_M_Tony_Blair.png"
2075,"E_F_Dawn_Roma_French.png","P_M_Tony_Blair.png","FALSE","pictures/stimuli/E","pictures/stimuli/P","F","M","5","5f262b3018c68e27aebdd170","06/30/2022, 09:21:48",0.862598264315113,"26","Female","right",1,1,0,0,FALSE,"E_F_Dawn_Roma_French.png P_M_Tony_Blair.png"
2899,"E_M_Russell_Howard.png","P_M_jeremy_corbyn.png","FALSE","pictures/stimuli/E","pictures/stimuli/P","M","M","5","5f262b3018c68e27aebdd170","06/30/2022, 09:21:48",0.862598264315113,"26","Female","right",1,1,0,0,FALSE,"E_M_Russell_Howard.png P_M_jeremy_corbyn.png"
7810,"E_M_Simon_Pegg.png","P_M_jeremy_corbyn.png","FALSE","pictures/stimuli/E","pictures/stimuli/P","M","M","5","5fb7f2531f7e24425ac7c8c3","06/30/2022, 09:26:04",1.08948177279806,"25","Male","right",1,1,0,0,FALSE,"E_M_Simon_Pegg.png P_M_jeremy_corbyn.png"
4918,"E_M_Simon_Pegg.png","P_F_Theresa_May.png","FALSE","pictures/stimuli/E","pictures/stimuli/P","M","F","6","5fb7f2531f7e24425ac7c8c3","06/30/2022, 09:26:04",1.74454992732854,"25","Male","right",1,1,0,0,FALSE,"E_M_Simon_Pegg.png P_F_Theresa_May.png"
8071,"E_F_Dawn_Roma_French.png","E_M_Russell_Howard.png","TRUE","pictures/stimuli/E","pictures/stimuli/E","F","M","4","5fb7f2531f7e24425ac7c8c3","06/30/2022, 09:26:04",0.434413618267581,"25","Male","right",1,1,0,0,FALSE,"E_F_Dawn_Roma_French.png E_M_Russell_Howard.png"
5685,"E_F_Jennifer_Saunders.png","P_M_Sajid_Javid.png","FALSE","pictures/stimuli/E","pictures/stimuli/P","F","M","5","5fb7f2531f7e24425ac7c8c3","06/30/2022, 09:26:04",1.08948177279806,"25","Male","right",1,0,0,0,TRUE,"E_F_Jennifer_Saunders.png P_M_Sajid_Javid.png"
5943,"P_M_jeremy_corbyn.png","P_M_nigel_farage.png","TRUE","pictures/stimuli/P","pictures/stimuli/P","M","M","4","5fb7f2531f7e24425ac7c8c3","06/30/2022, 09:26:04",0.434413618267581,"25","Male","right",1,1,0,0,FALSE,"P_M_jeremy_corbyn.png P_M_nigel_farage.png"
6165,"E_F_Sarah_Millican.png","P_M_Michael_Gove.png","FALSE","pictures/stimuli/E","pictures/stimuli/P","F","M","5","5fb7f2531f7e24425ac7c8c3","06/30/2022, 09:26:04",1.08948177279806,"25","Male","right",1,1,0,0,FALSE,"E_F_Sarah_Millican.png P_M_Michael_Gove.png"
4972,"E_M_Ewan_McGregor.png","P_M_david_camer.png","FALSE","pictures/stimuli/E","pictures/stimuli/P","M","M","5","5fb7f2531f7e24425ac7c8c3","06/30/2022, 09:26:04",1.08948177279806,"25","Male","right",1,1,0,0,FALSE,"E_M_Ewan_McGregor.png P_M_david_camer.png"
2964,"E_M_Michael_McIntyr.png","P_F_Theresa_May.png","FALSE","pictures/stimuli/E","pictures/stimuli/P","M","F","6","5fb7f2531f7e24425ac7c8c3","06/30/2022, 09:26:04",1.74454992732854,"25","Male","right",1,1,0,0,FALSE,"E_M_Michael_McIntyr.png P_F_Theresa_May.png"
4118,"P_M_Gordon_Brown.png","P_M_Michael_Gove.png","TRUE","pictures/stimuli/P","pictures/stimuli/P","M","M","2","5fb7f2531f7e24425ac7c8c3","06/30/2022, 09:26:04",-0.875722690793377,"25","Male","right",1,1,0,0,FALSE,"P_M_Gordon_Brown.png P_M_Michael_Gove.png"
4655,"E_M_Russell_Howard.png","P_M_Tony_Blair.png","FALSE","pictures/stimuli/E","pictures/stimuli/P","M","M","6","5fb7f2531f7e24425ac7c8c3","06/30/2022, 09:26:04",1.74454992732854,"25","Male","right",1,1,0,0,FALSE,"E_M_Russell_Howard.png P_M_Tony_Blair.png"
9217,"P_M_jeremy_corbyn.png","P_M_Tony_Blair.png","TRUE","pictures/stimuli/P","pictures/stimuli/P","M","M","3","5fb7f2531f7e24425ac7c8c3","06/30/2022, 09:26:04",-0.220654536262898,"25","Male","right",1,1,0,0,FALSE,"P_M_jeremy_corbyn.png P_M_Tony_Blair.png"
6817,"P_M_david_camer.png","P_M_jeremy_corbyn.png","TRUE","pictures/stimuli/P","pictures/stimuli/P","M","M","2","5fb7f2531f7e24425ac7c8c3","06/30/2022, 09:26:04",-0.875722690793377,"25","Male","right",1,1,0,0,FALSE,"P_M_david_camer.png P_M_jeremy_corbyn.png"
3451,"E_F_Sarah_Millican.png","P_M_nigel_farage.png","FALSE","pictures/stimuli/E","pictures/stimuli/P","F","M","5","5fb7f2531f7e24425ac7c8c3","06/30/2022, 09:26:04",1.08948177279806,"25","Male","right",1,1,0,0,FALSE,"E_F_Sarah_Millican.png P_M_nigel_farage.png"
5440,"P_M_keir_starmer.png","P_M_Tony_Blair.png","TRUE","pictures/stimuli/P","pictures/stimuli/P","M","M","2","5fb7f2531f7e24425ac7c8c3","06/30/2022, 09:26:04",-0.875722690793377,"25","Male","right",1,1,0,0,FALSE,"P_M_keir_starmer.png P_M_Tony_Blair.png"
2929,"P_F_Theresa_May.png","P_M_Michael_Gove.png","TRUE","pictures/stimuli/P","pictures/stimuli/P","F","M","3","5fb7f2531f7e24425ac7c8c3","06/30/2022, 09:26:04",-0.220654536262898,"25","Male","right",1,1,0,0,FALSE,"P_F_Theresa_May.png P_M_Michael_Gove.png"
3649,"P_F_Theresa_May.png","P_M_jeremy_corbyn.png","TRUE","pictures/stimuli/P","pictures/stimuli/P","F","M","2","5fb7f2531f7e24425ac7c8c3","06/30/2022, 09:26:04",-0.875722690793377,"25","Male","right",1,1,0,0,FALSE,"P_F_Theresa_May.png P_M_jeremy_corbyn.png"
5475,"P_M_jeremy_corbyn.png","P_M_keir_starmer.png","TRUE","pictures/stimuli/P","pictures/stimuli/P","M","M","1","5fb7f2531f7e24425ac7c8c3","06/30/2022, 09:26:04",-1.53079084532386,"25","Male","right",1,1,0,0,FALSE,"P_M_jeremy_corbyn.png P_M_keir_starmer.png"
2680,"E_F_Sarah_Millican.png","E_M_Ewan_McGregor.png","TRUE","pictures/stimuli/E","pictures/stimuli/E","F","M","3","5fb7f2531f7e24425ac7c8c3","06/30/2022, 09:26:04",-0.220654536262898,"25","Male","right",1,1,0,0,FALSE,"E_F_Sarah_Millican.png E_M_Ewan_McGregor.png"
2973,"E_F_Dawn_Roma_French.png","P_M_nigel_farage.png","FALSE","pictures/stimuli/E","pictures/stimuli/P","F","M","6","5fb7f2531f7e24425ac7c8c3","06/30/2022, 09:26:04",1.74454992732854,"25","Male","right",1,1,0,0,FALSE,"E_F_Dawn_Roma_French.png P_M_nigel_farage.png"
4634,"E_F_Sarah_Millican.png","P_M_jeremy_corbyn.png","FALSE","pictures/stimuli/E","pictures/stimuli/P","F","M","3","5fb7f2531f7e24425ac7c8c3","06/30/2022, 09:26:04",-0.220654536262898,"25","Male","right",1,1,0,0,FALSE,"E_F_Sarah_Millican.png P_M_jeremy_corbyn.png"
3895,"P_F_nicola_sturge.png","P_M_jeremy_corbyn.png","TRUE","pictures/stimuli/P","pictures/stimuli/P","F","M","2","5fb7f2531f7e24425ac7c8c3","06/30/2022, 09:26:04",-0.875722690793377,"25","Male","right",1,1,0,0,FALSE,"P_F_nicola_sturge.png P_M_jeremy_corbyn.png"
3925,"E_M_Russell_Howard.png","P_M_keir_starmer.png","FALSE","pictures/stimuli/E","pictures/stimuli/P","M","M","3","5fb7f2531f7e24425ac7c8c3","06/30/2022, 09:26:04",-0.220654536262898,"25","Male","right",1,1,0,0,FALSE,"E_M_Russell_Howard.png P_M_keir_starmer.png"
3587,"E_M_Russell_Howard.png","P_M_jeremy_corbyn.png","FALSE","pictures/stimuli/E","pictures/stimuli/P","M","M","3","5fb7f2531f7e24425ac7c8c3","06/30/2022, 09:26:04",-0.220654536262898,"25","Male","right",1,1,0,0,FALSE,"E_M_Russell_Howard.png P_M_jeremy_corbyn.png"
3484,"P_M_david_camer.png","P_M_Tony_Blair.png","TRUE","pictures/stimuli/P","pictures/stimuli/P","M","M","2","5fb7f2531f7e24425ac7c8c3","06/30/2022, 09:26:04",-0.875722690793377,"25","Male","right",1,1,0,0,FALSE,"P_M_david_camer.png P_M_Tony_Blair.png"
3843,"E_M_Peter_Kay.png","P_M_david_camer.png","FALSE","pictures/stimuli/E","pictures/stimuli/P","M","M","5","5fb7f2531f7e24425ac7c8c3","06/30/2022, 09:26:04",1.08948177279806,"25","Male","right",1,1,0,0,FALSE,"E_M_Peter_Kay.png P_M_david_camer.png"
6031,"E_M_Jimmy_Carr.png","P_M_nigel_farage.png","FALSE","pictures/stimuli/E","pictures/stimuli/P","M","M","5","5fb7f2531f7e24425ac7c8c3","06/30/2022, 09:26:04",1.08948177279806,"25","Male","right",1,1,0,0,FALSE,"E_M_Jimmy_Carr.png P_M_nigel_farage.png"
4076,"E_M_Peter_Kay.png","P_M_jeremy_corbyn.png","FALSE","pictures/stimuli/E","pictures/stimuli/P","M","M","4","5fb7f2531f7e24425ac7c8c3","06/30/2022, 09:26:04",0.434413618267581,"25","Male","right",1,1,0,0,FALSE,"E_M_Peter_Kay.png P_M_jeremy_corbyn.png"
5353,"E_M_Peter_Kay.png","P_M_Gordon_Brown.png","FALSE","pictures/stimuli/E","pictures/stimuli/P","M","M","4","5fb7f2531f7e24425ac7c8c3","06/30/2022, 09:26:04",0.434413618267581,"25","Male","right",1,1,0,0,FALSE,"E_M_Peter_Kay.png P_M_Gordon_Brown.png"
3312,"E_F_Jennifer_Saunders.png","P_M_Michael_Gove.png","FALSE","pictures/stimuli/E","pictures/stimuli/P","F","M","5","5fb7f2531f7e24425ac7c8c3","06/30/2022, 09:26:04",1.08948177279806,"25","Male","right",1,1,0,0,FALSE,"E_F_Jennifer_Saunders.png P_M_Michael_Gove.png"
3539,"E_F_Julie_Walters.png","P_M_Michael_Gove.png","FALSE","pictures/stimuli/E","pictures/stimuli/P","F","M","5","5fb7f2531f7e24425ac7c8c3","06/30/2022, 09:26:04",1.08948177279806,"25","Male","right",0,1,0,0,TRUE,"E_F_Julie_Walters.png P_M_Michael_Gove.png"
3221,"E_F_Jennifer_Saunders.png","E_M_Russell_Howard.png","TRUE","pictures/stimuli/E","pictures/stimuli/E","F","M","3","5fb7f2531f7e24425ac7c8c3","06/30/2022, 09:26:04",-0.220654536262898,"25","Male","right",1,1,0,0,FALSE,"E_F_Jennifer_Saunders.png E_M_Russell_Howard.png"
2594,"E_F_Jennifer_Saunders.png","P_M_Tony_Blair.png","FALSE","pictures/stimuli/E","pictures/stimuli/P","F","M","5","5fb7f2531f7e24425ac7c8c3","06/30/2022, 09:26:04",1.08948177279806,"25","Male","right",1,1,0,0,FALSE,"E_F_Jennifer_Saunders.png P_M_Tony_Blair.png"
3669,"E_F_Dawn_Roma_French.png","E_F_Sarah_Millican.png","TRUE","pictures/stimuli/E","pictures/stimuli/E","F","F","2","5fb7f2531f7e24425ac7c8c3","06/30/2022, 09:26:04",-0.875722690793377,"25","Male","right",1,1,0,0,FALSE,"E_F_Dawn_Roma_French.png E_F_Sarah_Millican.png"
3057,"E_M_Ewan_McGregor.png","P_F_Theresa_May.png","FALSE","pictures/stimuli/E","pictures/stimuli/P","M","F","5","5fb7f2531f7e24425ac7c8c3","06/30/2022, 09:26:04",1.08948177279806,"25","Male","right",1,1,0,0,FALSE,"E_M_Ewan_McGregor.png P_F_Theresa_May.png"
4020,"E_F_Jennifer_Saunders.png","E_M_Michael_McIntyr.png","TRUE","pictures/stimuli/E","pictures/stimuli/E","F","M","2","5fb7f2531f7e24425ac7c8c3","06/30/2022, 09:26:04",-0.875722690793377,"25","Male","right",1,1,0,0,FALSE,"E_F_Jennifer_Saunders.png E_M_Michael_McIntyr.png"
3696,"P_M_keir_starmer.png","P_M_Sajid_Javid.png","TRUE","pictures/stimuli/P","pictures/stimuli/P","M","M","3","5fb7f2531f7e24425ac7c8c3","06/30/2022, 09:26:04",-0.220654536262898,"25","Male","right",1,0,0,0,TRUE,"P_M_keir_starmer.png P_M_Sajid_Javid.png"
3928,"P_M_keir_starmer.png","P_M_nigel_farage.png","TRUE","pictures/stimuli/P","pictures/stimuli/P","M","M","3","5fb7f2531f7e24425ac7c8c3","06/30/2022, 09:26:04",-0.220654536262898,"25","Male","right",1,1,0,0,FALSE,"P_M_keir_starmer.png P_M_nigel_farage.png"
3113,"E_M_Russell_Howard.png","P_M_Sajid_Javid.png","FALSE","pictures/stimuli/E","pictures/stimuli/P","M","M","5","5fb7f2531f7e24425ac7c8c3","06/30/2022, 09:26:04",1.08948177279806,"25","Male","right",1,0,0,0,TRUE,"E_M_Russell_Howard.png P_M_Sajid_Javid.png"
4011,"E_F_Sarah_Millican.png","P_M_Tony_Blair.png","FALSE","pictures/stimuli/E","pictures/stimuli/P","F","M","4","5fb7f2531f7e24425ac7c8c3","06/30/2022, 09:26:04",0.434413618267581,"25","Male","right",1,1,0,0,FALSE,"E_F_Sarah_Millican.png P_M_Tony_Blair.png"
3442,"P_M_david_camer.png","P_M_keir_starmer.png","TRUE","pictures/stimuli/P","pictures/stimuli/P","M","M","2","5fb7f2531f7e24425ac7c8c3","06/30/2022, 09:26:04",-0.875722690793377,"25","Male","right",1,1,0,0,FALSE,"P_M_david_camer.png P_M_keir_starmer.png"
6432,"E_F_Julie_Walters.png","P_M_nigel_farage.png","FALSE","pictures/stimuli/E","pictures/stimuli/P","F","M","4","5fb7f2531f7e24425ac7c8c3","06/30/2022, 09:26:04",0.434413618267581,"25","Male","right",0,1,0,0,TRUE,"E_F_Julie_Walters.png P_M_nigel_farage.png"
4660,"E_M_Peter_Kay.png","P_M_nigel_farage.png","FALSE","pictures/stimuli/E","pictures/stimuli/P","M","M","5","5fb7f2531f7e24425ac7c8c3","06/30/2022, 09:26:04",1.08948177279806,"25","Male","right",1,1,0,0,FALSE,"E_M_Peter_Kay.png P_M_nigel_farage.png"
5581,"E_M_Michael_McIntyr.png","E_M_Simon_Pegg.png","TRUE","pictures/stimuli/E","pictures/stimuli/E","M","M","1","5fb7f2531f7e24425ac7c8c3","06/30/2022, 09:26:04",-1.53079084532386,"25","Male","right",1,1,0,0,FALSE,"E_M_Michael_McIntyr.png E_M_Simon_Pegg.png"
5578,"E_F_Dawn_Roma_French.png","P_M_Gordon_Brown.png","FALSE","pictures/stimuli/E","pictures/stimuli/P","F","M","4","5fb7f2531f7e24425ac7c8c3","06/30/2022, 09:26:04",0.434413618267581,"25","Male","right",1,1,0,0,FALSE,"E_F_Dawn_Roma_French.png P_M_Gordon_Brown.png"
3649,"E_M_Jimmy_Carr.png","E_M_Michael_McIntyr.png","TRUE","pictures/stimuli/E","pictures/stimuli/E","M","M","1","5fb7f2531f7e24425ac7c8c3","06/30/2022, 09:26:04",-1.53079084532386,"25","Male","right",1,1,0,0,FALSE,"E_M_Jimmy_Carr.png E_M_Michael_McIntyr.png"
4056,"E_M_Russell_Howard.png","P_M_nigel_farage.png","FALSE","pictures/stimuli/E","pictures/stimuli/P","M","M","5","5fb7f2531f7e24425ac7c8c3","06/30/2022, 09:26:04",1.08948177279806,"25","Male","right",1,1,0,0,FALSE,"E_M_Russell_Howard.png P_M_nigel_farage.png"
3599,"P_M_Gordon_Brown.png","P_M_nigel_farage.png","TRUE","pictures/stimuli/P","pictures/stimuli/P","M","M","2","5fb7f2531f7e24425ac7c8c3","06/30/2022, 09:26:04",-0.875722690793377,"25","Male","right",1,1,0,0,FALSE,"P_M_Gordon_Brown.png P_M_nigel_farage.png"
4197,"P_F_Theresa_May.png","P_M_nigel_farage.png","TRUE","pictures/stimuli/P","pictures/stimuli/P","F","M","1","5fb7f2531f7e24425ac7c8c3","06/30/2022, 09:26:04",-1.53079084532386,"25","Male","right",1,1,0,0,FALSE,"P_F_Theresa_May.png P_M_nigel_farage.png"
6322,"E_F_Dawn_Roma_French.png","P_M_Tony_Blair.png","FALSE","pictures/stimuli/E","pictures/stimuli/P","F","M","4","5fb7f2531f7e24425ac7c8c3","06/30/2022, 09:26:04",0.434413618267581,"25","Male","right",1,1,0,0,FALSE,"E_F_Dawn_Roma_French.png P_M_Tony_Blair.png"
3239,"P_M_Gordon_Brown.png","P_M_jeremy_corbyn.png","TRUE","pictures/stimuli/P","pictures/stimuli/P","M","M","2","5fb7f2531f7e24425ac7c8c3","06/30/2022, 09:26:04",-0.875722690793377,"25","Male","right",1,1,0,0,FALSE,"P_M_Gordon_Brown.png P_M_jeremy_corbyn.png"
2919,"P_F_nicola_sturge.png","P_M_keir_starmer.png","TRUE","pictures/stimuli/P","pictures/stimuli/P","F","M","2","5fb7f2531f7e24425ac7c8c3","06/30/2022, 09:26:04",-0.875722690793377,"25","Male","right",1,1,0,0,FALSE,"P_F_nicola_sturge.png P_M_keir_starmer.png"
2856,"E_F_Dawn_Roma_French.png","E_F_Jennifer_Saunders.png","TRUE","pictures/stimuli/E","pictures/stimuli/E","F","F","1","5fb7f2531f7e24425ac7c8c3","06/30/2022, 09:26:04",-1.53079084532386,"25","Male","right",1,1,0,0,FALSE,"E_F_Dawn_Roma_French.png E_F_Jennifer_Saunders.png"
2773,"P_M_keir_starmer.png","P_M_Michael_Gove.png","TRUE","pictures/stimuli/P","pictures/stimuli/P","M","M","2","5fb7f2531f7e24425ac7c8c3","06/30/2022, 09:26:04",-0.875722690793377,"25","Male","right",1,1,0,0,FALSE,"P_M_keir_starmer.png P_M_Michael_Gove.png"
3802,"E_M_Russell_Howard.png","E_M_Simon_Pegg.png","TRUE","pictures/stimuli/E","pictures/stimuli/E","M","M","2","5fb7f2531f7e24425ac7c8c3","06/30/2022, 09:26:04",-0.875722690793377,"25","Male","right",1,1,0,0,FALSE,"E_M_Russell_Howard.png E_M_Simon_Pegg.png"
3827,"E_F_Dawn_Roma_French.png","P_M_Michael_Gove.png","FALSE","pictures/stimuli/E","pictures/stimuli/P","F","M","5","5fb7f2531f7e24425ac7c8c3","06/30/2022, 09:26:04",1.08948177279806,"25","Male","right",1,1,0,0,FALSE,"E_F_Dawn_Roma_French.png P_M_Michael_Gove.png"
3594,"E_M_Jimmy_Carr.png","P_M_Gordon_Brown.png","FALSE","pictures/stimuli/E","pictures/stimuli/P","M","M","4","5fb7f2531f7e24425ac7c8c3","06/30/2022, 09:26:04",0.434413618267581,"25","Male","right",1,1,0,0,FALSE,"E_M_Jimmy_Carr.png P_M_Gordon_Brown.png"
3054,"P_F_nicola_sturge.png","P_F_Theresa_May.png","TRUE","pictures/stimuli/P","pictures/stimuli/P","F","F","2","5fb7f2531f7e24425ac7c8c3","06/30/2022, 09:26:04",-0.875722690793377,"25","Male","right",1,1,0,0,FALSE,"P_F_nicola_sturge.png P_F_Theresa_May.png"
3653,"E_M_Simon_Pegg.png","P_M_nigel_farage.png","FALSE","pictures/stimuli/E","pictures/stimuli/P","M","M","5","5fb7f2531f7e24425ac7c8c3","06/30/2022, 09:26:04",1.08948177279806,"25","Male","right",1,1,0,0,FALSE,"E_M_Simon_Pegg.png P_M_nigel_farage.png"
2666,"P_F_nicola_sturge.png","P_M_Tony_Blair.png","TRUE","pictures/stimuli/P","pictures/stimuli/P","F","M","2","5fb7f2531f7e24425ac7c8c3","06/30/2022, 09:26:04",-0.875722690793377,"25","Male","right",1,1,0,0,FALSE,"P_F_nicola_sturge.png P_M_Tony_Blair.png"
2411,"P_M_Gordon_Brown.png","P_M_keir_starmer.png","TRUE","pictures/stimuli/P","pictures/stimuli/P","M","M","2","5fb7f2531f7e24425ac7c8c3","06/30/2022, 09:26:04",-0.875722690793377,"25","Male","right",1,1,0,0,FALSE,"P_M_Gordon_Brown.png P_M_keir_starmer.png"
4413,"P_M_Michael_Gove.png","P_M_Tony_Blair.png","TRUE","pictures/stimuli/P","pictures/stimuli/P","M","M","2","5fb7f2531f7e24425ac7c8c3","06/30/2022, 09:26:04",-0.875722690793377,"25","Male","right",1,1,0,0,FALSE,"P_M_Michael_Gove.png P_M_Tony_Blair.png"
3410,"E_M_Michael_McIntyr.png","P_F_nicola_sturge.png","FALSE","pictures/stimuli/E","pictures/stimuli/P","M","F","5","5fb7f2531f7e24425ac7c8c3","06/30/2022, 09:26:04",1.08948177279806,"25","Male","right",1,1,0,0,FALSE,"E_M_Michael_McIntyr.png P_F_nicola_sturge.png"
5815,"E_F_Sarah_Millican.png","P_F_nicola_sturge.png","FALSE","pictures/stimuli/E","pictures/stimuli/P","F","F","3","5fb7f2531f7e24425ac7c8c3","06/30/2022, 09:26:04",-0.220654536262898,"25","Male","right",1,1,0,0,FALSE,"E_F_Sarah_Millican.png P_F_nicola_sturge.png"
4146,"E_F_Julie_Walters.png","E_M_Simon_Pegg.png","TRUE","pictures/stimuli/E","pictures/stimuli/E","F","M","5","5fb7f2531f7e24425ac7c8c3","06/30/2022, 09:26:04",1.08948177279806,"25","Male","right",0,1,0,0,TRUE,"E_F_Julie_Walters.png E_M_Simon_Pegg.png"
4002,"P_F_Theresa_May.png","P_M_david_camer.png","TRUE","pictures/stimuli/P","pictures/stimuli/P","F","M","1","5fb7f2531f7e24425ac7c8c3","06/30/2022, 09:26:04",-1.53079084532386,"25","Male","right",1,1,0,0,FALSE,"P_F_Theresa_May.png P_M_david_camer.png"
4806,"E_M_Russell_Howard.png","P_F_Theresa_May.png","FALSE","pictures/stimuli/E","pictures/stimuli/P","M","F","6","5fb7f2531f7e24425ac7c8c3","06/30/2022, 09:26:04",1.74454992732854,"25","Male","right",1,1,0,0,FALSE,"E_M_Russell_Howard.png P_F_Theresa_May.png"
2723,"E_M_Ewan_McGregor.png","P_M_nigel_farage.png","FALSE","pictures/stimuli/E","pictures/stimuli/P","M","M","6","5fb7f2531f7e24425ac7c8c3","06/30/2022, 09:26:04",1.74454992732854,"25","Male","right",1,1,0,0,FALSE,"E_M_Ewan_McGregor.png P_M_nigel_farage.png"
2660,"P_F_Theresa_May.png","P_M_keir_starmer.png","TRUE","pictures/stimuli/P","pictures/stimuli/P","F","M","2","5fb7f2531f7e24425ac7c8c3","06/30/2022, 09:26:04",-0.875722690793377,"25","Male","right",1,1,0,0,FALSE,"P_F_Theresa_May.png P_M_keir_starmer.png"
3941,"P_M_Gordon_Brown.png","P_M_Sajid_Javid.png","TRUE","pictures/stimuli/P","pictures/stimuli/P","M","M","2","5fb7f2531f7e24425ac7c8c3","06/30/2022, 09:26:04",-0.875722690793377,"25","Male","right",1,0,0,0,TRUE,"P_M_Gordon_Brown.png P_M_Sajid_Javid.png"
2775,"E_F_Julie_Walters.png","E_M_Peter_Kay.png","TRUE","pictures/stimuli/E","pictures/stimuli/E","F","M","5","5fb7f2531f7e24425ac7c8c3","06/30/2022, 09:26:04",1.08948177279806,"25","Male","right",0,1,0,0,TRUE,"E_F_Julie_Walters.png E_M_Peter_Kay.png"
4209,"E_M_Peter_Kay.png","P_F_Theresa_May.png","FALSE","pictures/stimuli/E","pictures/stimuli/P","M","F","6","5fb7f2531f7e24425ac7c8c3","06/30/2022, 09:26:04",1.74454992732854,"25","Male","right",1,1,0,0,FALSE,"E_M_Peter_Kay.png P_F_Theresa_May.png"
3336,"E_M_Jimmy_Carr.png","P_M_jeremy_corbyn.png","FALSE","pictures/stimuli/E","pictures/stimuli/P","M","M","3","5fb7f2531f7e24425ac7c8c3","06/30/2022, 09:26:04",-0.220654536262898,"25","Male","right",1,1,0,0,FALSE,"E_M_Jimmy_Carr.png P_M_jeremy_corbyn.png"
4026,"E_M_Michael_McIntyr.png","P_M_david_camer.png","FALSE","pictures/stimuli/E","pictures/stimuli/P","M","M","5","5fb7f2531f7e24425ac7c8c3","06/30/2022, 09:26:04",1.08948177279806,"25","Male","right",1,1,0,0,FALSE,"E_M_Michael_McIntyr.png P_M_david_camer.png"
4192,"P_M_Gordon_Brown.png","P_M_Tony_Blair.png","TRUE","pictures/stimuli/P","pictures/stimuli/P","M","M","1","5fb7f2531f7e24425ac7c8c3","06/30/2022, 09:26:04",-1.53079084532386,"25","Male","right",1,1,0,0,FALSE,"P_M_Gordon_Brown.png P_M_Tony_Blair.png"
6428,"E_M_Ewan_McGregor.png","E_M_Peter_Kay.png","TRUE","pictures/stimuli/E","pictures/stimuli/E","M","M","3","5fb7f2531f7e24425ac7c8c3","06/30/2022, 09:26:04",-0.220654536262898,"25","Male","right",1,1,0,0,FALSE,"E_M_Ewan_McGregor.png E_M_Peter_Kay.png"
3771,"P_F_nicola_sturge.png","P_M_david_camer.png","TRUE","pictures/stimuli/P","pictures/stimuli/P","F","M","2","5fb7f2531f7e24425ac7c8c3","06/30/2022, 09:26:04",-0.875722690793377,"25","Male","right",1,1,0,0,FALSE,"P_F_nicola_sturge.png P_M_david_camer.png"
2774,"P_M_Sajid_Javid.png","P_M_Tony_Blair.png","TRUE","pictures/stimuli/P","pictures/stimuli/P","M","M","2","5fb7f2531f7e24425ac7c8c3","06/30/2022, 09:26:04",-0.875722690793377,"25","Male","right",0,1,0,0,TRUE,"P_M_Sajid_Javid.png P_M_Tony_Blair.png"
5110,"E_F_Julie_Walters.png","E_M_Michael_McIntyr.png","TRUE","pictures/stimuli/E","pictures/stimuli/E","F","M","4","5fb7f2531f7e24425ac7c8c3","06/30/2022, 09:26:04",0.434413618267581,"25","Male","right",0,1,0,0,TRUE,"E_F_Julie_Walters.png E_M_Michael_McIntyr.png"
5192,"E_F_Julie_Walters.png","P_M_Gordon_Brown.png","FALSE","pictures/stimuli/E","pictures/stimuli/P","F","M","3","5fb7f2531f7e24425ac7c8c3","06/30/2022, 09:26:04",-0.220654536262898,"25","Male","right",0,1,0,0,TRUE,"E_F_Julie_Walters.png P_M_Gordon_Brown.png"
3151,"E_F_Dawn_Roma_French.png","E_F_Julie_Walters.png","TRUE","pictures/stimuli/E","pictures/stimuli/E","F","F","2","5fb7f2531f7e24425ac7c8c3","06/30/2022, 09:26:04",-0.875722690793377,"25","Male","right",1,0,0,0,TRUE,"E_F_Dawn_Roma_French.png E_F_Julie_Walters.png"
2472,"P_M_david_camer.png","P_M_Sajid_Javid.png","TRUE","pictures/stimuli/P","pictures/stimuli/P","M","M","2","5fb7f2531f7e24425ac7c8c3","06/30/2022, 09:26:04",-0.875722690793377,"25","Male","right",1,0,0,0,TRUE,"P_M_david_camer.png P_M_Sajid_Javid.png"
2413,"E_M_Russell_Howard.png","P_M_Michael_Gove.png","FALSE","pictures/stimuli/E","pictures/stimuli/P","M","M","5","5fb7f2531f7e24425ac7c8c3","06/30/2022, 09:26:04",1.08948177279806,"25","Male","right",1,1,0,0,FALSE,"E_M_Russell_Howard.png P_M_Michael_Gove.png"
2428,"E_F_Dawn_Roma_French.png","E_M_Simon_Pegg.png","TRUE","pictures/stimuli/E","pictures/stimuli/E","F","M","2","5fb7f2531f7e24425ac7c8c3","06/30/2022, 09:26:04",-0.875722690793377,"25","Male","right",1,1,0,0,FALSE,"E_F_Dawn_Roma_French.png E_M_Simon_Pegg.png"
4248,"E_M_Peter_Kay.png","P_M_Tony_Blair.png","FALSE","pictures/stimuli/E","pictures/stimuli/P","M","M","4","5fb7f2531f7e24425ac7c8c3","06/30/2022, 09:26:04",0.434413618267581,"25","Male","right",1,1,0,0,FALSE,"E_M_Peter_Kay.png P_M_Tony_Blair.png"
2566,"E_M_Ewan_McGregor.png","E_M_Russell_Howard.png","TRUE","pictures/stimuli/E","pictures/stimuli/E","M","M","2","5fb7f2531f7e24425ac7c8c3","06/30/2022, 09:26:04",-0.875722690793377,"25","Male","right",1,1,0,0,FALSE,"E_M_Ewan_McGregor.png E_M_Russell_Howard.png"
3294,"E_F_Jennifer_Saunders.png","E_M_Jimmy_Carr.png","TRUE","pictures/stimuli/E","pictures/stimuli/E","F","M","2","5fb7f2531f7e24425ac7c8c3","06/30/2022, 09:26:04",-0.875722690793377,"25","Male","right",1,1,0,0,FALSE,"E_F_Jennifer_Saunders.png E_M_Jimmy_Carr.png"
6045,"E_M_Ewan_McGregor.png","P_F_nicola_sturge.png","FALSE","pictures/stimuli/E","pictures/stimuli/P","M","F","3","5fb7f2531f7e24425ac7c8c3","06/30/2022, 09:26:04",-0.220654536262898,"25","Male","right",1,1,0,0,FALSE,"E_M_Ewan_McGregor.png P_F_nicola_sturge.png"
4232,"E_M_Simon_Pegg.png","P_M_Sajid_Javid.png","FALSE","pictures/stimuli/E","pictures/stimuli/P","M","M","5","5fb7f2531f7e24425ac7c8c3","06/30/2022, 09:26:04",1.08948177279806,"25","Male","right",1,0,0,0,TRUE,"E_M_Simon_Pegg.png P_M_Sajid_Javid.png"
4181,"E_M_Simon_Pegg.png","P_M_Tony_Blair.png","FALSE","pictures/stimuli/E","pictures/stimuli/P","M","M","5","5fb7f2531f7e24425ac7c8c3","06/30/2022, 09:26:04",1.08948177279806,"25","Male","right",1,1,0,0,FALSE,"E_M_Simon_Pegg.png P_M_Tony_Blair.png"
5592,"E_F_Dawn_Roma_French.png","P_M_jeremy_corbyn.png","FALSE","pictures/stimuli/E","pictures/stimuli/P","F","M","1","5fb7f2531f7e24425ac7c8c3","06/30/2022, 09:26:04",-1.53079084532386,"25","Male","right",1,1,0,0,FALSE,"E_F_Dawn_Roma_French.png P_M_jeremy_corbyn.png"
5692,"E_F_Sarah_Millican.png","E_M_Michael_McIntyr.png","TRUE","pictures/stimuli/E","pictures/stimuli/E","F","M","1","5fb7f2531f7e24425ac7c8c3","06/30/2022, 09:26:04",-1.53079084532386,"25","Male","right",1,1,0,0,FALSE,"E_F_Sarah_Millican.png E_M_Michael_McIntyr.png"
3541,"P_F_Theresa_May.png","P_M_Sajid_Javid.png","TRUE","pictures/stimuli/P","pictures/stimuli/P","F","M","2","5fb7f2531f7e24425ac7c8c3","06/30/2022, 09:26:04",-0.875722690793377,"25","Male","right",1,0,0,0,TRUE,"P_F_Theresa_May.png P_M_Sajid_Javid.png"
5024,"E_F_Julie_Walters.png","E_M_Jimmy_Carr.png","TRUE","pictures/stimuli/E","pictures/stimuli/E","F","M","6","5fb7f2531f7e24425ac7c8c3","06/30/2022, 09:26:04",1.74454992732854,"25","Male","right",0,1,0,0,TRUE,"E_F_Julie_Walters.png E_M_Jimmy_Carr.png"
4502,"E_F_Jennifer_Saunders.png","P_M_keir_starmer.png","FALSE","pictures/stimuli/E","pictures/stimuli/P","F","M","2","5fb7f2531f7e24425ac7c8c3","06/30/2022, 09:26:04",-0.875722690793377,"25","Male","right",1,1,0,0,FALSE,"E_F_Jennifer_Saunders.png P_M_keir_starmer.png"
3804,"E_F_Sarah_Millican.png","E_M_Jimmy_Carr.png","TRUE","pictures/stimuli/E","pictures/stimuli/E","F","M","1","5fb7f2531f7e24425ac7c8c3","06/30/2022, 09:26:04",-1.53079084532386,"25","Male","right",1,1,0,0,FALSE,"E_F_Sarah_Millican.png E_M_Jimmy_Carr.png"
2595,"E_F_Jennifer_Saunders.png","E_F_Sarah_Millican.png","TRUE","pictures/stimuli/E","pictures/stimuli/E","F","F","2","5fb7f2531f7e24425ac7c8c3","06/30/2022, 09:26:04",-0.875722690793377,"25","Male","right",1,1,0,0,FALSE,"E_F_Jennifer_Saunders.png E_F_Sarah_Millican.png"
3343,"E_M_Michael_McIntyr.png","P_M_nigel_farage.png","FALSE","pictures/stimuli/E","pictures/stimuli/P","M","M","6","5fb7f2531f7e24425ac7c8c3","06/30/2022, 09:26:04",1.74454992732854,"25","Male","right",1,1,0,0,FALSE,"E_M_Michael_McIntyr.png P_M_nigel_farage.png"
2748,"E_M_Peter_Kay.png","P_F_nicola_sturge.png","FALSE","pictures/stimuli/E","pictures/stimuli/P","M","F","6","5fb7f2531f7e24425ac7c8c3","06/30/2022, 09:26:04",1.74454992732854,"25","Male","right",1,1,0,0,FALSE,"E_M_Peter_Kay.png P_F_nicola_sturge.png"
3109,"E_F_Jennifer_Saunders.png","E_F_Julie_Walters.png","TRUE","pictures/stimuli/E","pictures/stimuli/E","F","F","5","5fb7f2531f7e24425ac7c8c3","06/30/2022, 09:26:04",1.08948177279806,"25","Male","right",1,0,0,0,TRUE,"E_F_Jennifer_Saunders.png E_F_Julie_Walters.png"
2626,"E_F_Jennifer_Saunders.png","E_M_Peter_Kay.png","TRUE","pictures/stimuli/E","pictures/stimuli/E","F","M","2","5fb7f2531f7e24425ac7c8c3","06/30/2022, 09:26:04",-0.875722690793377,"25","Male","right",1,1,0,0,FALSE,"E_F_Jennifer_Saunders.png E_M_Peter_Kay.png"
3820,"E_M_Jimmy_Carr.png","P_M_david_camer.png","FALSE","pictures/stimuli/E","pictures/stimuli/P","M","M","6","5fb7f2531f7e24425ac7c8c3","06/30/2022, 09:26:04",1.74454992732854,"25","Male","right",1,1,0,0,FALSE,"E_M_Jimmy_Carr.png P_M_david_camer.png"
3306,"E_M_Ewan_McGregor.png","P_M_Tony_Blair.png","FALSE","pictures/stimuli/E","pictures/stimuli/P","M","M","4","5fb7f2531f7e24425ac7c8c3","06/30/2022, 09:26:04",0.434413618267581,"25","Male","right",1,1,0,0,FALSE,"E_M_Ewan_McGregor.png P_M_Tony_Blair.png"
2880,"E_F_Julie_Walters.png","E_F_Sarah_Millican.png","TRUE","pictures/stimuli/E","pictures/stimuli/E","F","F","5","5fb7f2531f7e24425ac7c8c3","06/30/2022, 09:26:04",1.08948177279806,"25","Male","right",0,1,0,0,TRUE,"E_F_Julie_Walters.png E_F_Sarah_Millican.png"
3353,"E_M_Michael_McIntyr.png","P_M_Michael_Gove.png","FALSE","pictures/stimuli/E","pictures/stimuli/P","M","M","4","5fb7f2531f7e24425ac7c8c3","06/30/2022, 09:26:04",0.434413618267581,"25","Male","right",1,1,0,0,FALSE,"E_M_Michael_McIntyr.png P_M_Michael_Gove.png"
3855,"E_M_Michael_McIntyr.png","P_M_Tony_Blair.png","FALSE","pictures/stimuli/E","pictures/stimuli/P","M","M","3","5fb7f2531f7e24425ac7c8c3","06/30/2022, 09:26:04",-0.220654536262898,"25","Male","right",1,1,0,0,FALSE,"E_M_Michael_McIntyr.png P_M_Tony_Blair.png"
3009,"E_M_Jimmy_Carr.png","E_M_Russell_Howard.png","TRUE","pictures/stimuli/E","pictures/stimuli/E","M","M","1","5fb7f2531f7e24425ac7c8c3","06/30/2022, 09:26:04",-1.53079084532386,"25","Male","right",1,1,0,0,FALSE,"E_M_Jimmy_Carr.png E_M_Russell_Howard.png"
3562,"E_M_Peter_Kay.png","E_M_Simon_Pegg.png","TRUE","pictures/stimuli/E","pictures/stimuli/E","M","M","2","5fb7f2531f7e24425ac7c8c3","06/30/2022, 09:26:04",-0.875722690793377,"25","Male","right",1,1,0,0,FALSE,"E_M_Peter_Kay.png E_M_Simon_Pegg.png"
4222,"E_F_Jennifer_Saunders.png","P_M_david_camer.png","FALSE","pictures/stimuli/E","pictures/stimuli/P","F","M","5","5fb7f2531f7e24425ac7c8c3","06/30/2022, 09:26:04",1.08948177279806,"25","Male","right",1,1,0,0,FALSE,"E_F_Jennifer_Saunders.png P_M_david_camer.png"
4832,"E_M_Ewan_McGregor.png","P_M_Gordon_Brown.png","FALSE","pictures/stimuli/E","pictures/stimuli/P","M","M","4","5fb7f2531f7e24425ac7c8c3","06/30/2022, 09:26:04",0.434413618267581,"25","Male","right",1,1,0,0,FALSE,"E_M_Ewan_McGregor.png P_M_Gordon_Brown.png"
6122,"E_F_Sarah_Millican.png","P_M_Sajid_Javid.png","FALSE","pictures/stimuli/E","pictures/stimuli/P","F","M","5","5fb7f2531f7e24425ac7c8c3","06/30/2022, 09:26:04",1.08948177279806,"25","Male","right",1,0,0,0,TRUE,"E_F_Sarah_Millican.png P_M_Sajid_Javid.png"
6382,"E_F_Sarah_Millican.png","E_M_Simon_Pegg.png","TRUE","pictures/stimuli/E","pictures/stimuli/E","F","M","2","5fb7f2531f7e24425ac7c8c3","06/30/2022, 09:26:04",-0.875722690793377,"25","Male","right",1,1,0,0,FALSE,"E_F_Sarah_Millican.png E_M_Simon_Pegg.png"
5547,"E_F_Jennifer_Saunders.png","P_F_Theresa_May.png","FALSE","pictures/stimuli/E","pictures/stimuli/P","F","F","5","5fb7f2531f7e24425ac7c8c3","06/30/2022, 09:26:04",1.08948177279806,"25","Male","right",1,1,0,0,FALSE,"E_F_Jennifer_Saunders.png P_F_Theresa_May.png"
4781,"E_F_Julie_Walters.png","P_M_jeremy_corbyn.png","FALSE","pictures/stimuli/E","pictures/stimuli/P","F","M","2","5fb7f2531f7e24425ac7c8c3","06/30/2022, 09:26:04",-0.875722690793377,"25","Male","right",0,1,0,0,TRUE,"E_F_Julie_Walters.png P_M_jeremy_corbyn.png"
4221,"P_F_nicola_sturge.png","P_M_Gordon_Brown.png","TRUE","pictures/stimuli/P","pictures/stimuli/P","F","M","2","5fb7f2531f7e24425ac7c8c3","06/30/2022, 09:26:04",-0.875722690793377,"25","Male","right",1,1,0,0,FALSE,"P_F_nicola_sturge.png P_M_Gordon_Brown.png"
4600,"P_M_david_camer.png","P_M_Michael_Gove.png","TRUE","pictures/stimuli/P","pictures/stimuli/P","M","M","2","5fb7f2531f7e24425ac7c8c3","06/30/2022, 09:26:04",-0.875722690793377,"25","Male","right",1,1,0,0,FALSE,"P_M_david_camer.png P_M_Michael_Gove.png"
7200,"P_M_jeremy_corbyn.png","P_M_Sajid_Javid.png","TRUE","pictures/stimuli/P","pictures/stimuli/P","M","M","2","5fb7f2531f7e24425ac7c8c3","06/30/2022, 09:26:04",-0.875722690793377,"25","Male","right",1,0,0,0,TRUE,"P_M_jeremy_corbyn.png P_M_Sajid_Javid.png"
1990,"E_M_Ewan_McGregor.png","E_M_Jimmy_Carr.png","TRUE","pictures/stimuli/E","pictures/stimuli/E","M","M","2","5fb7f2531f7e24425ac7c8c3","06/30/2022, 09:26:04",-0.875722690793377,"25","Male","right",1,1,0,0,FALSE,"E_M_Ewan_McGregor.png E_M_Jimmy_Carr.png"
2655,"E_M_Jimmy_Carr.png","P_F_Theresa_May.png","FALSE","pictures/stimuli/E","pictures/stimuli/P","M","F","5","5fb7f2531f7e24425ac7c8c3","06/30/2022, 09:26:04",1.08948177279806,"25","Male","right",1,1,0,0,FALSE,"E_M_Jimmy_Carr.png P_F_Theresa_May.png"
2802,"E_F_Sarah_Millican.png","P_M_david_camer.png","FALSE","pictures/stimuli/E","pictures/stimuli/P","F","M","5","5fb7f2531f7e24425ac7c8c3","06/30/2022, 09:26:04",1.08948177279806,"25","Male","right",1,1,0,0,FALSE,"E_F_Sarah_Millican.png P_M_david_camer.png"
3227,"E_M_Jimmy_Carr.png","P_M_Tony_Blair.png","FALSE","pictures/stimuli/E","pictures/stimuli/P","M","M","3","5fb7f2531f7e24425ac7c8c3","06/30/2022, 09:26:04",-0.220654536262898,"25","Male","right",1,1,0,0,FALSE,"E_M_Jimmy_Carr.png P_M_Tony_Blair.png"
2913,"E_M_Ewan_McGregor.png","P_M_Michael_Gove.png","FALSE","pictures/stimuli/E","pictures/stimuli/P","M","M","4","5fb7f2531f7e24425ac7c8c3","06/30/2022, 09:26:04",0.434413618267581,"25","Male","right",1,1,0,0,FALSE,"E_M_Ewan_McGregor.png P_M_Michael_Gove.png"
3668,"E_F_Sarah_Millican.png","E_M_Peter_Kay.png","TRUE","pictures/stimuli/E","pictures/stimuli/E","F","M","1","5fb7f2531f7e24425ac7c8c3","06/30/2022, 09:26:04",-1.53079084532386,"25","Male","right",1,1,0,0,FALSE,"E_F_Sarah_Millican.png E_M_Peter_Kay.png"
2789,"E_F_Jennifer_Saunders.png","P_M_nigel_farage.png","FALSE","pictures/stimuli/E","pictures/stimuli/P","F","M","6","5fb7f2531f7e24425ac7c8c3","06/30/2022, 09:26:04",1.74454992732854,"25","Male","right",1,1,0,0,FALSE,"E_F_Jennifer_Saunders.png P_M_nigel_farage.png"
3059,"E_M_Simon_Pegg.png","P_M_Michael_Gove.png","FALSE","pictures/stimuli/E","pictures/stimuli/P","M","M","4","5fb7f2531f7e24425ac7c8c3","06/30/2022, 09:26:04",0.434413618267581,"25","Male","right",1,1,0,0,FALSE,"E_M_Simon_Pegg.png P_M_Michael_Gove.png"
4085,"P_F_nicola_sturge.png","P_M_Sajid_Javid.png","TRUE","pictures/stimuli/P","pictures/stimuli/P","F","M","2","5fb7f2531f7e24425ac7c8c3","06/30/2022, 09:26:04",-0.875722690793377,"25","Male","right",1,0,0,0,TRUE,"P_F_nicola_sturge.png P_M_Sajid_Javid.png"
3080,"P_F_Theresa_May.png","P_M_Gordon_Brown.png","TRUE","pictures/stimuli/P","pictures/stimuli/P","F","M","2","5fb7f2531f7e24425ac7c8c3","06/30/2022, 09:26:04",-0.875722690793377,"25","Male","right",1,1,0,0,FALSE,"P_F_Theresa_May.png P_M_Gordon_Brown.png"
6750,"E_M_Peter_Kay.png","P_M_Michael_Gove.png","FALSE","pictures/stimuli/E","pictures/stimuli/P","M","M","5","5fb7f2531f7e24425ac7c8c3","06/30/2022, 09:26:04",1.08948177279806,"25","Male","right",1,1,0,0,FALSE,"E_M_Peter_Kay.png P_M_Michael_Gove.png"
3131,"E_M_Peter_Kay.png","E_M_Russell_Howard.png","TRUE","pictures/stimuli/E","pictures/stimuli/E","M","M","1","5fb7f2531f7e24425ac7c8c3","06/30/2022, 09:26:04",-1.53079084532386,"25","Male","right",1,1,0,0,FALSE,"E_M_Peter_Kay.png E_M_Russell_Howard.png"
2406,"E_M_Michael_McIntyr.png","E_M_Peter_Kay.png","TRUE","pictures/stimuli/E","pictures/stimuli/E","M","M","1","5fb7f2531f7e24425ac7c8c3","06/30/2022, 09:26:04",-1.53079084532386,"25","Male","right",1,1,0,0,FALSE,"E_M_Michael_McIntyr.png E_M_Peter_Kay.png"
5242,"E_F_Julie_Walters.png","P_F_Theresa_May.png","FALSE","pictures/stimuli/E","pictures/stimuli/P","F","F","2","5fb7f2531f7e24425ac7c8c3","06/30/2022, 09:26:04",-0.875722690793377,"25","Male","right",0,1,0,0,TRUE,"E_F_Julie_Walters.png P_F_Theresa_May.png"
6301,"E_M_Jimmy_Carr.png","P_F_nicola_sturge.png","FALSE","pictures/stimuli/E","pictures/stimuli/P","M","F","6","5fb7f2531f7e24425ac7c8c3","06/30/2022, 09:26:04",1.74454992732854,"25","Male","right",1,1,0,0,FALSE,"E_M_Jimmy_Carr.png P_F_nicola_sturge.png"
3507,"E_F_Sarah_Millican.png","E_M_Russell_Howard.png","TRUE","pictures/stimuli/E","pictures/stimuli/E","F","M","1","5fb7f2531f7e24425ac7c8c3","06/30/2022, 09:26:04",-1.53079084532386,"25","Male","right",1,1,0,0,FALSE,"E_F_Sarah_Millican.png E_M_Russell_Howard.png"
2712,"E_M_Ewan_McGregor.png","P_M_Sajid_Javid.png","FALSE","pictures/stimuli/E","pictures/stimuli/P","M","M","5","5fb7f2531f7e24425ac7c8c3","06/30/2022, 09:26:04",1.08948177279806,"25","Male","right",1,0,0,0,TRUE,"E_M_Ewan_McGregor.png P_M_Sajid_Javid.png"
2581,"P_M_Michael_Gove.png","P_M_nigel_farage.png","TRUE","pictures/stimuli/P","pictures/stimuli/P","M","M","2","5fb7f2531f7e24425ac7c8c3","06/30/2022, 09:26:04",-0.875722690793377,"25","Male","right",1,1,0,0,FALSE,"P_M_Michael_Gove.png P_M_nigel_farage.png"
3408,"E_F_Dawn_Roma_French.png","P_F_nicola_sturge.png","FALSE","pictures/stimuli/E","pictures/stimuli/P","F","F","6","5fb7f2531f7e24425ac7c8c3","06/30/2022, 09:26:04",1.74454992732854,"25","Male","right",1,1,0,0,FALSE,"E_F_Dawn_Roma_French.png P_F_nicola_sturge.png"
2794,"E_M_Ewan_McGregor.png","E_M_Simon_Pegg.png","TRUE","pictures/stimuli/E","pictures/stimuli/E","M","M","2","5fb7f2531f7e24425ac7c8c3","06/30/2022, 09:26:04",-0.875722690793377,"25","Male","right",1,1,0,0,FALSE,"E_M_Ewan_McGregor.png E_M_Simon_Pegg.png"
3495,"E_M_Ewan_McGregor.png","P_M_keir_starmer.png","FALSE","pictures/stimuli/E","pictures/stimuli/P","M","M","5","5fb7f2531f7e24425ac7c8c3","06/30/2022, 09:26:04",1.08948177279806,"25","Male","right",1,1,0,0,FALSE,"E_M_Ewan_McGregor.png P_M_keir_starmer.png"
3715,"E_F_Jennifer_Saunders.png","E_M_Ewan_McGregor.png","TRUE","pictures/stimuli/E","pictures/stimuli/E","F","M","2","5fb7f2531f7e24425ac7c8c3","06/30/2022, 09:26:04",-0.875722690793377,"25","Male","right",1,1,0,0,FALSE,"E_F_Jennifer_Saunders.png E_M_Ewan_McGregor.png"
2601,"E_M_Russell_Howard.png","P_M_Gordon_Brown.png","FALSE","pictures/stimuli/E","pictures/stimuli/P","M","M","4","5fb7f2531f7e24425ac7c8c3","06/30/2022, 09:26:04",0.434413618267581,"25","Male","right",1,1,0,0,FALSE,"E_M_Russell_Howard.png P_M_Gordon_Brown.png"
4511,"E_F_Dawn_Roma_French.png","E_M_Jimmy_Carr.png","TRUE","pictures/stimuli/E","pictures/stimuli/E","F","M","2","5fb7f2531f7e24425ac7c8c3","06/30/2022, 09:26:04",-0.875722690793377,"25","Male","right",1,1,0,0,FALSE,"E_F_Dawn_Roma_French.png E_M_Jimmy_Carr.png"
4412,"E_M_Michael_McIntyr.png","P_M_jeremy_corbyn.png","FALSE","pictures/stimuli/E","pictures/stimuli/P","M","M","5","5fb7f2531f7e24425ac7c8c3","06/30/2022, 09:26:04",1.08948177279806,"25","Male","right",1,1,0,0,FALSE,"E_M_Michael_McIntyr.png P_M_jeremy_corbyn.png"
3363,"E_F_Julie_Walters.png","P_M_david_camer.png","FALSE","pictures/stimuli/E","pictures/stimuli/P","F","M","2","5fb7f2531f7e24425ac7c8c3","06/30/2022, 09:26:04",-0.875722690793377,"25","Male","right",0,1,0,0,TRUE,"E_F_Julie_Walters.png P_M_david_camer.png"
5332,"E_F_Jennifer_Saunders.png","E_M_Simon_Pegg.png","TRUE","pictures/stimuli/E","pictures/stimuli/E","F","M","1","5fb7f2531f7e24425ac7c8c3","06/30/2022, 09:26:04",-1.53079084532386,"25","Male","right",1,1,0,0,FALSE,"E_F_Jennifer_Saunders.png E_M_Simon_Pegg.png"
3582,"E_F_Dawn_Roma_French.png","P_M_keir_starmer.png","FALSE","pictures/stimuli/E","pictures/stimuli/P","F","M","3","5fb7f2531f7e24425ac7c8c3","06/30/2022, 09:26:04",-0.220654536262898,"25","Male","right",1,1,0,0,FALSE,"E_F_Dawn_Roma_French.png P_M_keir_starmer.png"
3231,"E_F_Dawn_Roma_French.png","E_M_Michael_McIntyr.png","TRUE","pictures/stimuli/E","pictures/stimuli/E","F","M","2","5fb7f2531f7e24425ac7c8c3","06/30/2022, 09:26:04",-0.875722690793377,"25","Male","right",1,1,0,0,FALSE,"E_F_Dawn_Roma_French.png E_M_Michael_McIntyr.png"
3602,"E_F_Sarah_Millican.png","P_F_Theresa_May.png","FALSE","pictures/stimuli/E","pictures/stimuli/P","F","F","5","5fb7f2531f7e24425ac7c8c3","06/30/2022, 09:26:04",1.08948177279806,"25","Male","right",1,1,0,0,FALSE,"E_F_Sarah_Millican.png P_F_Theresa_May.png"
3775,"E_F_Julie_Walters.png","E_M_Ewan_McGregor.png","TRUE","pictures/stimuli/E","pictures/stimuli/E","F","M","5","5fb7f2531f7e24425ac7c8c3","06/30/2022, 09:26:04",1.08948177279806,"25","Male","right",0,1,0,0,TRUE,"E_F_Julie_Walters.png E_M_Ewan_McGregor.png"
3840,"P_F_Theresa_May.png","P_M_Tony_Blair.png","TRUE","pictures/stimuli/P","pictures/stimuli/P","F","M","3","5fb7f2531f7e24425ac7c8c3","06/30/2022, 09:26:04",-0.220654536262898,"25","Male","right",1,1,0,0,FALSE,"P_F_Theresa_May.png P_M_Tony_Blair.png"
4679,"E_F_Dawn_Roma_French.png","E_M_Peter_Kay.png","TRUE","pictures/stimuli/E","pictures/stimuli/E","F","M","2","5fb7f2531f7e24425ac7c8c3","06/30/2022, 09:26:04",-0.875722690793377,"25","Male","right",1,1,0,0,FALSE,"E_F_Dawn_Roma_French.png E_M_Peter_Kay.png"
4712,"E_F_Dawn_Roma_French.png","P_F_Theresa_May.png","FALSE","pictures/stimuli/E","pictures/stimuli/P","F","F","6","5fb7f2531f7e24425ac7c8c3","06/30/2022, 09:26:04",1.74454992732854,"25","Male","right",1,1,0,0,FALSE,"E_F_Dawn_Roma_French.png P_F_Theresa_May.png"
4083,"E_M_Michael_McIntyr.png","P_M_Gordon_Brown.png","FALSE","pictures/stimuli/E","pictures/stimuli/P","M","M","4","5fb7f2531f7e24425ac7c8c3","06/30/2022, 09:26:04",0.434413618267581,"25","Male","right",1,1,0,0,FALSE,"E_M_Michael_McIntyr.png P_M_Gordon_Brown.png"
3330,"E_M_Jimmy_Carr.png","E_M_Simon_Pegg.png","TRUE","pictures/stimuli/E","pictures/stimuli/E","M","M","2","5fb7f2531f7e24425ac7c8c3","06/30/2022, 09:26:04",-0.875722690793377,"25","Male","right",1,1,0,0,FALSE,"E_M_Jimmy_Carr.png E_M_Simon_Pegg.png"
2763,"E_M_Michael_McIntyr.png","P_M_keir_starmer.png","FALSE","pictures/stimuli/E","pictures/stimuli/P","M","M","3","5fb7f2531f7e24425ac7c8c3","06/30/2022, 09:26:04",-0.220654536262898,"25","Male","right",1,1,0,0,FALSE,"E_M_Michael_McIntyr.png P_M_keir_starmer.png"
2254,"E_M_Jimmy_Carr.png","P_M_keir_starmer.png","FALSE","pictures/stimuli/E","pictures/stimuli/P","M","M","3","5fb7f2531f7e24425ac7c8c3","06/30/2022, 09:26:04",-0.220654536262898,"25","Male","right",1,1,0,0,FALSE,"E_M_Jimmy_Carr.png P_M_keir_starmer.png"
4881,"E_F_Julie_Walters.png","P_M_Sajid_Javid.png","FALSE","pictures/stimuli/E","pictures/stimuli/P","F","M","2","5fb7f2531f7e24425ac7c8c3","06/30/2022, 09:26:04",-0.875722690793377,"25","Male","right",0,0,0,0,TRUE,"E_F_Julie_Walters.png P_M_Sajid_Javid.png"
3936,"E_M_Michael_McIntyr.png","E_M_Russell_Howard.png","TRUE","pictures/stimuli/E","pictures/stimuli/E","M","M","1","5fb7f2531f7e24425ac7c8c3","06/30/2022, 09:26:04",-1.53079084532386,"25","Male","right",1,1,0,0,FALSE,"E_M_Michael_McIntyr.png E_M_Russell_Howard.png"
5081,"E_M_Simon_Pegg.png","P_M_keir_starmer.png","FALSE","pictures/stimuli/E","pictures/stimuli/P","M","M","4","5fb7f2531f7e24425ac7c8c3","06/30/2022, 09:26:04",0.434413618267581,"25","Male","right",1,1,0,0,FALSE,"E_M_Simon_Pegg.png P_M_keir_starmer.png"
11841,"E_F_Julie_Walters.png","P_F_nicola_sturge.png","FALSE","pictures/stimuli/E","pictures/stimuli/P","F","F","2","5fb7f2531f7e24425ac7c8c3","06/30/2022, 09:26:04",-0.875722690793377,"25","Male","right",0,1,0,0,TRUE,"E_F_Julie_Walters.png P_F_nicola_sturge.png"
3741,"E_M_Ewan_McGregor.png","E_M_Michael_McIntyr.png","TRUE","pictures/stimuli/E","pictures/stimuli/E","M","M","2","5fb7f2531f7e24425ac7c8c3","06/30/2022, 09:26:04",-0.875722690793377,"25","Male","right",1,1,0,0,FALSE,"E_M_Ewan_McGregor.png E_M_Michael_McIntyr.png"
3662,"E_F_Jennifer_Saunders.png","P_M_Gordon_Brown.png","FALSE","pictures/stimuli/E","pictures/stimuli/P","F","M","4","5fb7f2531f7e24425ac7c8c3","06/30/2022, 09:26:04",0.434413618267581,"25","Male","right",1,1,0,0,FALSE,"E_F_Jennifer_Saunders.png P_M_Gordon_Brown.png"
4018,"E_M_Russell_Howard.png","P_M_david_camer.png","FALSE","pictures/stimuli/E","pictures/stimuli/P","M","M","5","5fb7f2531f7e24425ac7c8c3","06/30/2022, 09:26:04",1.08948177279806,"25","Male","right",1,1,0,0,FALSE,"E_M_Russell_Howard.png P_M_david_camer.png"
3799,"E_M_Russell_Howard.png","P_F_nicola_sturge.png","FALSE","pictures/stimuli/E","pictures/stimuli/P","M","F","5","5fb7f2531f7e24425ac7c8c3","06/30/2022, 09:26:04",1.08948177279806,"25","Male","right",1,1,0,0,FALSE,"E_M_Russell_Howard.png P_F_nicola_sturge.png"
3086,"P_M_david_camer.png","P_M_Gordon_Brown.png","TRUE","pictures/stimuli/P","pictures/stimuli/P","M","M","3","5fb7f2531f7e24425ac7c8c3","06/30/2022, 09:26:04",-0.220654536262898,"25","Male","right",1,1,0,0,FALSE,"P_M_david_camer.png P_M_Gordon_Brown.png"
3349,"E_M_Jimmy_Carr.png","E_M_Peter_Kay.png","TRUE","pictures/stimuli/E","pictures/stimuli/E","M","M","1","5fb7f2531f7e24425ac7c8c3","06/30/2022, 09:26:04",-1.53079084532386,"25","Male","right",1,1,0,0,FALSE,"E_M_Jimmy_Carr.png E_M_Peter_Kay.png"
2688,"E_F_Dawn_Roma_French.png","P_M_david_camer.png","FALSE","pictures/stimuli/E","pictures/stimuli/P","F","M","6","5fb7f2531f7e24425ac7c8c3","06/30/2022, 09:26:04",1.74454992732854,"25","Male","right",1,1,0,0,FALSE,"E_F_Dawn_Roma_French.png P_M_david_camer.png"
4029,"E_M_Simon_Pegg.png","P_M_david_camer.png","FALSE","pictures/stimuli/E","pictures/stimuli/P","M","M","4","5fb7f2531f7e24425ac7c8c3","06/30/2022, 09:26:04",0.434413618267581,"25","Male","right",1,1,0,0,FALSE,"E_M_Simon_Pegg.png P_M_david_camer.png"
5236,"E_M_Michael_McIntyr.png","P_M_Sajid_Javid.png","FALSE","pictures/stimuli/E","pictures/stimuli/P","M","M","4","5fb7f2531f7e24425ac7c8c3","06/30/2022, 09:26:04",0.434413618267581,"25","Male","right",1,0,0,0,TRUE,"E_M_Michael_McIntyr.png P_M_Sajid_Javid.png"
4801,"P_M_nigel_farage.png","P_M_Sajid_Javid.png","TRUE","pictures/stimuli/P","pictures/stimuli/P","M","M","2","5fb7f2531f7e24425ac7c8c3","06/30/2022, 09:26:04",-0.875722690793377,"25","Male","right",1,0,0,0,TRUE,"P_M_nigel_farage.png P_M_Sajid_Javid.png"
6221,"E_F_Jennifer_Saunders.png","P_M_jeremy_corbyn.png","FALSE","pictures/stimuli/E","pictures/stimuli/P","F","M","3","5fb7f2531f7e24425ac7c8c3","06/30/2022, 09:26:04",-0.220654536262898,"25","Male","right",1,1,0,0,FALSE,"E_F_Jennifer_Saunders.png P_M_jeremy_corbyn.png"
3722,"E_F_Jennifer_Saunders.png","P_F_nicola_sturge.png","FALSE","pictures/stimuli/E","pictures/stimuli/P","F","F","5","5fb7f2531f7e24425ac7c8c3","06/30/2022, 09:26:04",1.08948177279806,"25","Male","right",1,1,0,0,FALSE,"E_F_Jennifer_Saunders.png P_F_nicola_sturge.png"
4087,"E_M_Peter_Kay.png","P_M_Sajid_Javid.png","FALSE","pictures/stimuli/E","pictures/stimuli/P","M","M","4","5fb7f2531f7e24425ac7c8c3","06/30/2022, 09:26:04",0.434413618267581,"25","Male","right",1,0,0,0,TRUE,"E_M_Peter_Kay.png P_M_Sajid_Javid.png"
4823,"P_F_nicola_sturge.png","P_M_Michael_Gove.png","TRUE","pictures/stimuli/P","pictures/stimuli/P","F","M","3","5fb7f2531f7e24425ac7c8c3","06/30/2022, 09:26:04",-0.220654536262898,"25","Male","right",1,1,0,0,FALSE,"P_F_nicola_sturge.png P_M_Michael_Gove.png"
3831,"E_M_Jimmy_Carr.png","P_M_Michael_Gove.png","FALSE","pictures/stimuli/E","pictures/stimuli/P","M","M","5","5fb7f2531f7e24425ac7c8c3","06/30/2022, 09:26:04",1.08948177279806,"25","Male","right",1,1,0,0,FALSE,"E_M_Jimmy_Carr.png P_M_Michael_Gove.png"
3172,"E_F_Julie_Walters.png","P_M_keir_starmer.png","FALSE","pictures/stimuli/E","pictures/stimuli/P","F","M","3","5fb7f2531f7e24425ac7c8c3","06/30/2022, 09:26:04",-0.220654536262898,"25","Male","right",0,1,0,0,TRUE,"E_F_Julie_Walters.png P_M_keir_starmer.png"
5801,"P_M_jeremy_corbyn.png","P_M_Michael_Gove.png","TRUE","pictures/stimuli/P","pictures/stimuli/P","M","M","2","5fb7f2531f7e24425ac7c8c3","06/30/2022, 09:26:04",-0.875722690793377,"25","Male","right",1,1,0,0,FALSE,"P_M_jeremy_corbyn.png P_M_Michael_Gove.png"
4072,"P_M_Michael_Gove.png","P_M_Sajid_Javid.png","TRUE","pictures/stimuli/P","pictures/stimuli/P","M","M","3","5fb7f2531f7e24425ac7c8c3","06/30/2022, 09:26:04",-0.220654536262898,"25","Male","right",1,0,0,0,TRUE,"P_M_Michael_Gove.png P_M_Sajid_Javid.png"
3734,"E_F_Dawn_Roma_French.png","E_M_Ewan_McGregor.png","TRUE","pictures/stimuli/E","pictures/stimuli/E","F","M","2","5fb7f2531f7e24425ac7c8c3","06/30/2022, 09:26:04",-0.875722690793377,"25","Male","right",1,1,0,0,FALSE,"E_F_Dawn_Roma_French.png E_M_Ewan_McGregor.png"
6001,"P_F_nicola_sturge.png","P_M_nigel_farage.png","TRUE","pictures/stimuli/P","pictures/stimuli/P","F","M","4","5fb7f2531f7e24425ac7c8c3","06/30/2022, 09:26:04",0.434413618267581,"25","Male","right",1,1,0,0,FALSE,"P_F_nicola_sturge.png P_M_nigel_farage.png"
4232,"E_M_Jimmy_Carr.png","P_M_Sajid_Javid.png","FALSE","pictures/stimuli/E","pictures/stimuli/P","M","M","4","5fb7f2531f7e24425ac7c8c3","06/30/2022, 09:26:04",0.434413618267581,"25","Male","right",1,0,0,0,TRUE,"E_M_Jimmy_Carr.png P_M_Sajid_Javid.png"
4332,"E_M_Ewan_McGregor.png","P_M_jeremy_corbyn.png","FALSE","pictures/stimuli/E","pictures/stimuli/P","M","M","3","5fb7f2531f7e24425ac7c8c3","06/30/2022, 09:26:04",-0.220654536262898,"25","Male","right",1,1,0,0,FALSE,"E_M_Ewan_McGregor.png P_M_jeremy_corbyn.png"
5626,"E_F_Sarah_Millican.png","P_M_Gordon_Brown.png","FALSE","pictures/stimuli/E","pictures/stimuli/P","F","M","3","5fb7f2531f7e24425ac7c8c3","06/30/2022, 09:26:04",-0.220654536262898,"25","Male","right",1,1,0,0,FALSE,"E_F_Sarah_Millican.png P_M_Gordon_Brown.png"
3227,"E_F_Dawn_Roma_French.png","P_M_Sajid_Javid.png","FALSE","pictures/stimuli/E","pictures/stimuli/P","F","M","4","5fb7f2531f7e24425ac7c8c3","06/30/2022, 09:26:04",0.434413618267581,"25","Male","right",1,0,0,0,TRUE,"E_F_Dawn_Roma_French.png P_M_Sajid_Javid.png"
2482,"E_M_Simon_Pegg.png","P_M_Gordon_Brown.png","FALSE","pictures/stimuli/E","pictures/stimuli/P","M","M","3","5fb7f2531f7e24425ac7c8c3","06/30/2022, 09:26:04",-0.220654536262898,"25","Male","right",1,1,0,0,FALSE,"E_M_Simon_Pegg.png P_M_Gordon_Brown.png"
2645,"E_F_Julie_Walters.png","E_M_Russell_Howard.png","TRUE","pictures/stimuli/E","pictures/stimuli/E","F","M","3","5fb7f2531f7e24425ac7c8c3","06/30/2022, 09:26:04",-0.220654536262898,"25","Male","right",0,1,0,0,TRUE,"E_F_Julie_Walters.png E_M_Russell_Howard.png"
3321,"E_M_Simon_Pegg.png","P_F_nicola_sturge.png","FALSE","pictures/stimuli/E","pictures/stimuli/P","M","F","5","5fb7f2531f7e24425ac7c8c3","06/30/2022, 09:26:04",1.08948177279806,"25","Male","right",1,1,0,0,FALSE,"E_M_Simon_Pegg.png P_F_nicola_sturge.png"
3791,"P_M_nigel_farage.png","P_M_Tony_Blair.png","TRUE","pictures/stimuli/P","pictures/stimuli/P","M","M","3","5fb7f2531f7e24425ac7c8c3","06/30/2022, 09:26:04",-0.220654536262898,"25","Male","right",1,1,0,0,FALSE,"P_M_nigel_farage.png P_M_Tony_Blair.png"
3583,"E_F_Julie_Walters.png","P_M_Tony_Blair.png","FALSE","pictures/stimuli/E","pictures/stimuli/P","F","M","3","5fb7f2531f7e24425ac7c8c3","06/30/2022, 09:26:04",-0.220654536262898,"25","Male","right",0,1,0,0,TRUE,"E_F_Julie_Walters.png P_M_Tony_Blair.png"
2847,"E_F_Sarah_Millican.png","P_M_keir_starmer.png","FALSE","pictures/stimuli/E","pictures/stimuli/P","F","M","3","5fb7f2531f7e24425ac7c8c3","06/30/2022, 09:26:04",-0.220654536262898,"25","Male","right",1,1,0,0,FALSE,"E_F_Sarah_Millican.png P_M_keir_starmer.png"
2899,"P_M_david_camer.png","P_M_nigel_farage.png","TRUE","pictures/stimuli/P","pictures/stimuli/P","M","M","2","5fb7f2531f7e24425ac7c8c3","06/30/2022, 09:26:04",-0.875722690793377,"25","Male","right",1,1,0,0,FALSE,"P_M_david_camer.png P_M_nigel_farage.png"
2626,"E_M_Peter_Kay.png","P_M_keir_starmer.png","FALSE","pictures/stimuli/E","pictures/stimuli/P","M","M","3","5fb7f2531f7e24425ac7c8c3","06/30/2022, 09:26:04",-0.220654536262898,"25","Male","right",1,1,0,0,FALSE,"E_M_Peter_Kay.png P_M_keir_starmer.png"
4076,"E_F_Julie_Walters.png","P_M_david_camer.png","FALSE","pictures/stimuli/E","pictures/stimuli/P","F","M","3","600b3f24668a930a525a0b47","06/30/2022, 12:26:35",-0.956672374873266,"29","Male","right",0,1,0,0,TRUE,"E_F_Julie_Walters.png P_M_david_camer.png"
3386,"E_M_Peter_Kay.png","P_F_Theresa_May.png","FALSE","pictures/stimuli/E","pictures/stimuli/P","M","F","4","600b3f24668a930a525a0b47","06/30/2022, 12:26:35",-0.095213838257529,"29","Male","right",0,1,0,0,TRUE,"E_M_Peter_Kay.png P_F_Theresa_May.png"
4576,"P_M_jeremy_corbyn.png","P_M_Michael_Gove.png","TRUE","pictures/stimuli/P","pictures/stimuli/P","M","M","4","600b3f24668a930a525a0b47","06/30/2022, 12:26:35",-0.095213838257529,"29","Male","right",1,1,0,0,FALSE,"P_M_jeremy_corbyn.png P_M_Michael_Gove.png"
1982,"E_M_Jimmy_Carr.png","P_M_david_camer.png","FALSE","pictures/stimuli/E","pictures/stimuli/P","M","M","5","600b3f24668a930a525a0b47","06/30/2022, 12:26:35",0.766244698358208,"29","Male","right",1,1,0,0,FALSE,"E_M_Jimmy_Carr.png P_M_david_camer.png"
1731,"E_M_Simon_Pegg.png","P_M_david_camer.png","FALSE","pictures/stimuli/E","pictures/stimuli/P","M","M","4","600b3f24668a930a525a0b47","06/30/2022, 12:26:35",-0.095213838257529,"29","Male","right",1,1,0,0,FALSE,"E_M_Simon_Pegg.png P_M_david_camer.png"
2063,"E_F_Jennifer_Saunders.png","E_M_Ewan_McGregor.png","TRUE","pictures/stimuli/E","pictures/stimuli/E","F","M","4","600b3f24668a930a525a0b47","06/30/2022, 12:26:35",-0.095213838257529,"29","Male","right",0,0,0,0,TRUE,"E_F_Jennifer_Saunders.png E_M_Ewan_McGregor.png"
2895,"E_F_Jennifer_Saunders.png","P_M_keir_starmer.png","FALSE","pictures/stimuli/E","pictures/stimuli/P","F","M","5","600b3f24668a930a525a0b47","06/30/2022, 12:26:35",0.766244698358208,"29","Male","right",0,1,0,0,TRUE,"E_F_Jennifer_Saunders.png P_M_keir_starmer.png"
1271,"E_F_Jennifer_Saunders.png","E_M_Peter_Kay.png","TRUE","pictures/stimuli/E","pictures/stimuli/E","F","M","4","600b3f24668a930a525a0b47","06/30/2022, 12:26:35",-0.095213838257529,"29","Male","right",0,0,0,0,TRUE,"E_F_Jennifer_Saunders.png E_M_Peter_Kay.png"
1276,"E_M_Russell_Howard.png","P_M_jeremy_corbyn.png","FALSE","pictures/stimuli/E","pictures/stimuli/P","M","M","4","600b3f24668a930a525a0b47","06/30/2022, 12:26:35",-0.095213838257529,"29","Male","right",1,1,0,0,FALSE,"E_M_Russell_Howard.png P_M_jeremy_corbyn.png"
590844,"P_F_Theresa_May.png","P_M_nigel_farage.png","TRUE","pictures/stimuli/P","pictures/stimuli/P","F","M","5","600b3f24668a930a525a0b47","06/30/2022, 12:26:35",0.766244698358208,"29","Male","right",1,1,0,0,TRUE,"P_F_Theresa_May.png P_M_nigel_farage.png"
6717,"E_M_Peter_Kay.png","P_M_Tony_Blair.png","FALSE","pictures/stimuli/E","pictures/stimuli/P","M","M","4","600b3f24668a930a525a0b47","06/30/2022, 12:26:35",-0.095213838257529,"29","Male","right",0,1,0,0,TRUE,"E_M_Peter_Kay.png P_M_Tony_Blair.png"
6470,"E_F_Dawn_Roma_French.png","E_F_Jennifer_Saunders.png","TRUE","pictures/stimuli/E","pictures/stimuli/E","F","F","3","600b3f24668a930a525a0b47","06/30/2022, 12:26:35",-0.956672374873266,"29","Male","right",1,0,0,0,TRUE,"E_F_Dawn_Roma_French.png E_F_Jennifer_Saunders.png"
1205,"E_M_Jimmy_Carr.png","P_M_Tony_Blair.png","FALSE","pictures/stimuli/E","pictures/stimuli/P","M","M","4","600b3f24668a930a525a0b47","06/30/2022, 12:26:35",-0.095213838257529,"29","Male","right",1,1,0,0,FALSE,"E_M_Jimmy_Carr.png P_M_Tony_Blair.png"
2663,"P_M_david_camer.png","P_M_nigel_farage.png","TRUE","pictures/stimuli/P","pictures/stimuli/P","M","M","5","600b3f24668a930a525a0b47","06/30/2022, 12:26:35",0.766244698358208,"29","Male","right",1,1,0,0,FALSE,"P_M_david_camer.png P_M_nigel_farage.png"
3991,"E_F_Dawn_Roma_French.png","E_M_Simon_Pegg.png","TRUE","pictures/stimuli/E","pictures/stimuli/E","F","M","3","600b3f24668a930a525a0b47","06/30/2022, 12:26:35",-0.956672374873266,"29","Male","right",1,1,0,0,FALSE,"E_F_Dawn_Roma_French.png E_M_Simon_Pegg.png"
3062,"E_M_Peter_Kay.png","P_M_david_camer.png","FALSE","pictures/stimuli/E","pictures/stimuli/P","M","M","4","600b3f24668a930a525a0b47","06/30/2022, 12:26:35",-0.095213838257529,"29","Male","right",0,1,0,0,TRUE,"E_M_Peter_Kay.png P_M_david_camer.png"
2240,"P_M_keir_starmer.png","P_M_Michael_Gove.png","TRUE","pictures/stimuli/P","pictures/stimuli/P","M","M","5","600b3f24668a930a525a0b47","06/30/2022, 12:26:35",0.766244698358208,"29","Male","right",1,1,0,0,FALSE,"P_M_keir_starmer.png P_M_Michael_Gove.png"
2974,"P_F_nicola_sturge.png","P_M_Michael_Gove.png","TRUE","pictures/stimuli/P","pictures/stimuli/P","F","M","5","600b3f24668a930a525a0b47","06/30/2022, 12:26:35",0.766244698358208,"29","Male","right",1,1,0,0,FALSE,"P_F_nicola_sturge.png P_M_Michael_Gove.png"
2875,"E_M_Peter_Kay.png","P_M_Gordon_Brown.png","FALSE","pictures/stimuli/E","pictures/stimuli/P","M","M","4","600b3f24668a930a525a0b47","06/30/2022, 12:26:35",-0.095213838257529,"29","Male","right",0,1,0,0,TRUE,"E_M_Peter_Kay.png P_M_Gordon_Brown.png"
4143,"E_F_Dawn_Roma_French.png","E_M_Russell_Howard.png","TRUE","pictures/stimuli/E","pictures/stimuli/E","F","M","2","600b3f24668a930a525a0b47","06/30/2022, 12:26:35",-1.818130911489,"29","Male","right",1,1,0,0,FALSE,"E_F_Dawn_Roma_French.png E_M_Russell_Howard.png"
3127,"P_M_jeremy_corbyn.png","P_M_nigel_farage.png","TRUE","pictures/stimuli/P","pictures/stimuli/P","M","M","5","600b3f24668a930a525a0b47","06/30/2022, 12:26:35",0.766244698358208,"29","Male","right",1,1,0,0,FALSE,"P_M_jeremy_corbyn.png P_M_nigel_farage.png"
12880,"E_F_Dawn_Roma_French.png","E_M_Peter_Kay.png","TRUE","pictures/stimuli/E","pictures/stimuli/E","F","M","3","600b3f24668a930a525a0b47","06/30/2022, 12:26:35",-0.956672374873266,"29","Male","right",1,0,0,0,TRUE,"E_F_Dawn_Roma_French.png E_M_Peter_Kay.png"
8562,"P_M_keir_starmer.png","P_M_nigel_farage.png","TRUE","pictures/stimuli/P","pictures/stimuli/P","M","M","5","600b3f24668a930a525a0b47","06/30/2022, 12:26:35",0.766244698358208,"29","Male","right",1,1,0,0,FALSE,"P_M_keir_starmer.png P_M_nigel_farage.png"
18345,"P_M_Michael_Gove.png","P_M_Tony_Blair.png","TRUE","pictures/stimuli/P","pictures/stimuli/P","M","M","4","600b3f24668a930a525a0b47","06/30/2022, 12:26:35",-0.095213838257529,"29","Male","right",1,1,0,0,FALSE,"P_M_Michael_Gove.png P_M_Tony_Blair.png"
2280,"E_M_Ewan_McGregor.png","P_M_jeremy_corbyn.png","FALSE","pictures/stimuli/E","pictures/stimuli/P","M","M","5","600b3f24668a930a525a0b47","06/30/2022, 12:26:35",0.766244698358208,"29","Male","right",0,1,0,0,TRUE,"E_M_Ewan_McGregor.png P_M_jeremy_corbyn.png"
2176,"E_F_Jennifer_Saunders.png","E_M_Russell_Howard.png","TRUE","pictures/stimuli/E","pictures/stimuli/E","F","M","3","600b3f24668a930a525a0b47","06/30/2022, 12:26:35",-0.956672374873266,"29","Male","right",0,1,0,0,TRUE,"E_F_Jennifer_Saunders.png E_M_Russell_Howard.png"
1449,"E_F_Sarah_Millican.png","P_M_Gordon_Brown.png","FALSE","pictures/stimuli/E","pictures/stimuli/P","F","M","4","600b3f24668a930a525a0b47","06/30/2022, 12:26:35",-0.095213838257529,"29","Male","right",1,1,0,0,FALSE,"E_F_Sarah_Millican.png P_M_Gordon_Brown.png"
1285,"E_F_Sarah_Millican.png","P_M_Sajid_Javid.png","FALSE","pictures/stimuli/E","pictures/stimuli/P","F","M","5","600b3f24668a930a525a0b47","06/30/2022, 12:26:35",0.766244698358208,"29","Male","right",1,1,0,0,FALSE,"E_F_Sarah_Millican.png P_M_Sajid_Javid.png"
977,"P_M_keir_starmer.png","P_M_Sajid_Javid.png","TRUE","pictures/stimuli/P","pictures/stimuli/P","M","M","4","600b3f24668a930a525a0b47","06/30/2022, 12:26:35",-0.095213838257529,"29","Male","right",1,1,0,0,FALSE,"P_M_keir_starmer.png P_M_Sajid_Javid.png"
4544,"P_M_Gordon_Brown.png","P_M_Sajid_Javid.png","TRUE","pictures/stimuli/P","pictures/stimuli/P","M","M","4","600b3f24668a930a525a0b47","06/30/2022, 12:26:35",-0.095213838257529,"29","Male","right",1,1,0,0,FALSE,"P_M_Gordon_Brown.png P_M_Sajid_Javid.png"
1623,"E_M_Ewan_McGregor.png","P_M_Gordon_Brown.png","FALSE","pictures/stimuli/E","pictures/stimuli/P","M","M","4","600b3f24668a930a525a0b47","06/30/2022, 12:26:35",-0.095213838257529,"29","Male","right",0,1,0,0,TRUE,"E_M_Ewan_McGregor.png P_M_Gordon_Brown.png"
4815,"E_F_Jennifer_Saunders.png","P_M_nigel_farage.png","FALSE","pictures/stimuli/E","pictures/stimuli/P","F","M","5","600b3f24668a930a525a0b47","06/30/2022, 12:26:35",0.766244698358208,"29","Male","right",0,1,0,0,TRUE,"E_F_Jennifer_Saunders.png P_M_nigel_farage.png"
2454,"E_M_Jimmy_Carr.png","E_M_Simon_Pegg.png","TRUE","pictures/stimuli/E","pictures/stimuli/E","M","M","5","600b3f24668a930a525a0b47","06/30/2022, 12:26:35",0.766244698358208,"29","Male","right",1,1,0,0,FALSE,"E_M_Jimmy_Carr.png E_M_Simon_Pegg.png"
1663,"E_M_Russell_Howard.png","P_F_Theresa_May.png","FALSE","pictures/stimuli/E","pictures/stimuli/P","M","F","4","600b3f24668a930a525a0b47","06/30/2022, 12:26:35",-0.095213838257529,"29","Male","right",1,1,0,0,FALSE,"E_M_Russell_Howard.png P_F_Theresa_May.png"
2866,"E_M_Ewan_McGregor.png","P_F_Theresa_May.png","FALSE","pictures/stimuli/E","pictures/stimuli/P","M","F","4","600b3f24668a930a525a0b47","06/30/2022, 12:26:35",-0.095213838257529,"29","Male","right",0,1,0,0,TRUE,"E_M_Ewan_McGregor.png P_F_Theresa_May.png"
10768,"E_M_Russell_Howard.png","P_M_david_camer.png","FALSE","pictures/stimuli/E","pictures/stimuli/P","M","M","5","600b3f24668a930a525a0b47","06/30/2022, 12:26:35",0.766244698358208,"29","Male","right",1,1,0,0,FALSE,"E_M_Russell_Howard.png P_M_david_camer.png"
24221,"E_M_Jimmy_Carr.png","P_M_Gordon_Brown.png","FALSE","pictures/stimuli/E","pictures/stimuli/P","M","M","4","600b3f24668a930a525a0b47","06/30/2022, 12:26:35",-0.095213838257529,"29","Male","right",1,1,0,0,FALSE,"E_M_Jimmy_Carr.png P_M_Gordon_Brown.png"
2109,"E_F_Julie_Walters.png","P_M_keir_starmer.png","FALSE","pictures/stimuli/E","pictures/stimuli/P","F","M","4","600b3f24668a930a525a0b47","06/30/2022, 12:26:35",-0.095213838257529,"29","Male","right",0,1,0,0,TRUE,"E_F_Julie_Walters.png P_M_keir_starmer.png"
2694,"E_F_Sarah_Millican.png","P_M_Michael_Gove.png","FALSE","pictures/stimuli/E","pictures/stimuli/P","F","M","5","600b3f24668a930a525a0b47","06/30/2022, 12:26:35",0.766244698358208,"29","Male","right",1,1,0,0,FALSE,"E_F_Sarah_Millican.png P_M_Michael_Gove.png"
3960,"P_M_david_camer.png","P_M_Gordon_Brown.png","TRUE","pictures/stimuli/P","pictures/stimuli/P","M","M","5","600b3f24668a930a525a0b47","06/30/2022, 12:26:35",0.766244698358208,"29","Male","right",1,1,0,0,FALSE,"P_M_david_camer.png P_M_Gordon_Brown.png"
4606,"E_M_Michael_McIntyr.png","P_M_Michael_Gove.png","FALSE","pictures/stimuli/E","pictures/stimuli/P","M","M","5","600b3f24668a930a525a0b47","06/30/2022, 12:26:35",0.766244698358208,"29","Male","right",1,1,0,0,FALSE,"E_M_Michael_McIntyr.png P_M_Michael_Gove.png"
3568,"P_F_Theresa_May.png","P_M_Sajid_Javid.png","TRUE","pictures/stimuli/P","pictures/stimuli/P","F","M","5","600b3f24668a930a525a0b47","06/30/2022, 12:26:35",0.766244698358208,"29","Male","right",1,1,0,0,FALSE,"P_F_Theresa_May.png P_M_Sajid_Javid.png"
8725,"E_F_Dawn_Roma_French.png","P_M_Michael_Gove.png","FALSE","pictures/stimuli/E","pictures/stimuli/P","F","M","4","600b3f24668a930a525a0b47","06/30/2022, 12:26:35",-0.095213838257529,"29","Male","right",1,1,0,0,FALSE,"E_F_Dawn_Roma_French.png P_M_Michael_Gove.png"
4065,"E_F_Julie_Walters.png","E_M_Ewan_McGregor.png","TRUE","pictures/stimuli/E","pictures/stimuli/E","F","M","5","600b3f24668a930a525a0b47","06/30/2022, 12:26:35",0.766244698358208,"29","Male","right",0,0,0,0,TRUE,"E_F_Julie_Walters.png E_M_Ewan_McGregor.png"
45715,"P_F_Theresa_May.png","P_M_Gordon_Brown.png","TRUE","pictures/stimuli/P","pictures/stimuli/P","F","M","4","600b3f24668a930a525a0b47","06/30/2022, 12:26:35",-0.095213838257529,"29","Male","right",1,1,0,0,TRUE,"P_F_Theresa_May.png P_M_Gordon_Brown.png"
2034,"E_F_Sarah_Millican.png","P_M_keir_starmer.png","FALSE","pictures/stimuli/E","pictures/stimuli/P","F","M","5","600b3f24668a930a525a0b47","06/30/2022, 12:26:35",0.766244698358208,"29","Male","right",1,1,0,0,FALSE,"E_F_Sarah_Millican.png P_M_keir_starmer.png"
2832,"E_F_Sarah_Millican.png","E_M_Ewan_McGregor.png","TRUE","pictures/stimuli/E","pictures/stimuli/E","F","M","5","600b3f24668a930a525a0b47","06/30/2022, 12:26:35",0.766244698358208,"29","Male","right",1,0,0,0,TRUE,"E_F_Sarah_Millican.png E_M_Ewan_McGregor.png"
2554,"E_M_Jimmy_Carr.png","P_M_jeremy_corbyn.png","FALSE","pictures/stimuli/E","pictures/stimuli/P","M","M","5","600b3f24668a930a525a0b47","06/30/2022, 12:26:35",0.766244698358208,"29","Male","right",1,1,0,0,FALSE,"E_M_Jimmy_Carr.png P_M_jeremy_corbyn.png"
1776,"P_F_Theresa_May.png","P_M_david_camer.png","TRUE","pictures/stimuli/P","pictures/stimuli/P","F","M","5","600b3f24668a930a525a0b47","06/30/2022, 12:26:35",0.766244698358208,"29","Male","right",1,1,0,0,FALSE,"P_F_Theresa_May.png P_M_david_camer.png"
1789,"E_M_Russell_Howard.png","P_F_nicola_sturge.png","FALSE","pictures/stimuli/E","pictures/stimuli/P","M","F","4","600b3f24668a930a525a0b47","06/30/2022, 12:26:35",-0.095213838257529,"29","Male","right",1,1,0,0,FALSE,"E_M_Russell_Howard.png P_F_nicola_sturge.png"
2066,"E_F_Dawn_Roma_French.png","P_M_Sajid_Javid.png","FALSE","pictures/stimuli/E","pictures/stimuli/P","F","M","5","600b3f24668a930a525a0b47","06/30/2022, 12:26:35",0.766244698358208,"29","Male","right",1,1,0,0,FALSE,"E_F_Dawn_Roma_French.png P_M_Sajid_Javid.png"
3224,"P_F_nicola_sturge.png","P_F_Theresa_May.png","TRUE","pictures/stimuli/P","pictures/stimuli/P","F","F","4","600b3f24668a930a525a0b47","06/30/2022, 12:26:35",-0.095213838257529,"29","Male","right",1,1,0,0,FALSE,"P_F_nicola_sturge.png P_F_Theresa_May.png"
21496,"P_F_nicola_sturge.png","P_M_jeremy_corbyn.png","TRUE","pictures/stimuli/P","pictures/stimuli/P","F","M","5","600b3f24668a930a525a0b47","06/30/2022, 12:26:35",0.766244698358208,"29","Male","right",1,1,0,0,FALSE,"P_F_nicola_sturge.png P_M_jeremy_corbyn.png"
4443,"P_M_Sajid_Javid.png","P_M_Tony_Blair.png","TRUE","pictures/stimuli/P","pictures/stimuli/P","M","M","5","600b3f24668a930a525a0b47","06/30/2022, 12:26:35",0.766244698358208,"29","Male","right",1,1,0,0,FALSE,"P_M_Sajid_Javid.png P_M_Tony_Blair.png"
2518,"E_F_Dawn_Roma_French.png","P_M_david_camer.png","FALSE","pictures/stimuli/E","pictures/stimuli/P","F","M","5","600b3f24668a930a525a0b47","06/30/2022, 12:26:35",0.766244698358208,"29","Male","right",1,1,0,0,FALSE,"E_F_Dawn_Roma_French.png P_M_david_camer.png"
1670,"E_F_Jennifer_Saunders.png","E_M_Jimmy_Carr.png","TRUE","pictures/stimuli/E","pictures/stimuli/E","F","M","4","600b3f24668a930a525a0b47","06/30/2022, 12:26:35",-0.095213838257529,"29","Male","right",0,1,0,0,TRUE,"E_F_Jennifer_Saunders.png E_M_Jimmy_Carr.png"
1828,"E_M_Michael_McIntyr.png","P_M_Gordon_Brown.png","FALSE","pictures/stimuli/E","pictures/stimuli/P","M","M","4","600b3f24668a930a525a0b47","06/30/2022, 12:26:35",-0.095213838257529,"29","Male","right",1,1,0,0,FALSE,"E_M_Michael_McIntyr.png P_M_Gordon_Brown.png"
3101,"E_F_Jennifer_Saunders.png","E_F_Julie_Walters.png","TRUE","pictures/stimuli/E","pictures/stimuli/E","F","F","3","600b3f24668a930a525a0b47","06/30/2022, 12:26:35",-0.956672374873266,"29","Male","right",0,0,0,0,TRUE,"E_F_Jennifer_Saunders.png E_F_Julie_Walters.png"
3405,"E_M_Ewan_McGregor.png","E_M_Michael_McIntyr.png","TRUE","pictures/stimuli/E","pictures/stimuli/E","M","M","4","600b3f24668a930a525a0b47","06/30/2022, 12:26:35",-0.095213838257529,"29","Male","right",0,1,0,0,TRUE,"E_M_Ewan_McGregor.png E_M_Michael_McIntyr.png"
9155,"P_F_nicola_sturge.png","P_M_Gordon_Brown.png","TRUE","pictures/stimuli/P","pictures/stimuli/P","F","M","4","600b3f24668a930a525a0b47","06/30/2022, 12:26:35",-0.095213838257529,"29","Male","right",1,1,0,0,FALSE,"P_F_nicola_sturge.png P_M_Gordon_Brown.png"
5314,"E_F_Dawn_Roma_French.png","E_M_Jimmy_Carr.png","TRUE","pictures/stimuli/E","pictures/stimuli/E","F","M","3","600b3f24668a930a525a0b47","06/30/2022, 12:26:35",-0.956672374873266,"29","Male","right",1,1,0,0,FALSE,"E_F_Dawn_Roma_French.png E_M_Jimmy_Carr.png"
2283,"P_M_Gordon_Brown.png","P_M_jeremy_corbyn.png","TRUE","pictures/stimuli/P","pictures/stimuli/P","M","M","3","600b3f24668a930a525a0b47","06/30/2022, 12:26:35",-0.956672374873266,"29","Male","right",1,1,0,0,FALSE,"P_M_Gordon_Brown.png P_M_jeremy_corbyn.png"
3701,"P_M_david_camer.png","P_M_Tony_Blair.png","TRUE","pictures/stimuli/P","pictures/stimuli/P","M","M","4","600b3f24668a930a525a0b47","06/30/2022, 12:26:35",-0.095213838257529,"29","Male","right",1,1,0,0,FALSE,"P_M_david_camer.png P_M_Tony_Blair.png"
5604,"E_M_Simon_Pegg.png","P_M_Sajid_Javid.png","FALSE","pictures/stimuli/E","pictures/stimuli/P","M","M","5","600b3f24668a930a525a0b47","06/30/2022, 12:26:35",0.766244698358208,"29","Male","right",1,1,0,0,FALSE,"E_M_Simon_Pegg.png P_M_Sajid_Javid.png"
3828,"E_F_Sarah_Millican.png","P_M_jeremy_corbyn.png","FALSE","pictures/stimuli/E","pictures/stimuli/P","F","M","5","600b3f24668a930a525a0b47","06/30/2022, 12:26:35",0.766244698358208,"29","Male","right",1,1,0,0,FALSE,"E_F_Sarah_Millican.png P_M_jeremy_corbyn.png"
7151,"E_M_Peter_Kay.png","P_F_nicola_sturge.png","FALSE","pictures/stimuli/E","pictures/stimuli/P","M","F","5","600b3f24668a930a525a0b47","06/30/2022, 12:26:35",0.766244698358208,"29","Male","right",0,1,0,0,TRUE,"E_M_Peter_Kay.png P_F_nicola_sturge.png"
2809,"P_F_nicola_sturge.png","P_M_keir_starmer.png","TRUE","pictures/stimuli/P","pictures/stimuli/P","F","M","3","600b3f24668a930a525a0b47","06/30/2022, 12:26:35",-0.956672374873266,"29","Male","right",1,1,0,0,FALSE,"P_F_nicola_sturge.png P_M_keir_starmer.png"
11272,"E_M_Jimmy_Carr.png","P_M_keir_starmer.png","FALSE","pictures/stimuli/E","pictures/stimuli/P","M","M","5","600b3f24668a930a525a0b47","06/30/2022, 12:26:35",0.766244698358208,"29","Male","right",1,1,0,0,FALSE,"E_M_Jimmy_Carr.png P_M_keir_starmer.png"
93137,"E_M_Russell_Howard.png","P_M_Tony_Blair.png","FALSE","pictures/stimuli/E","pictures/stimuli/P","M","M","5","600b3f24668a930a525a0b47","06/30/2022, 12:26:35",0.766244698358208,"29","Male","right",1,1,0,0,TRUE,"E_M_Russell_Howard.png P_M_Tony_Blair.png"
15778,"E_F_Julie_Walters.png","P_F_Theresa_May.png","FALSE","pictures/stimuli/E","pictures/stimuli/P","F","F","5","600b3f24668a930a525a0b47","06/30/2022, 12:26:35",0.766244698358208,"29","Male","right",0,1,0,0,TRUE,"E_F_Julie_Walters.png P_F_Theresa_May.png"
1441,"P_M_jeremy_corbyn.png","P_M_Sajid_Javid.png","TRUE","pictures/stimuli/P","pictures/stimuli/P","M","M","5","600b3f24668a930a525a0b47","06/30/2022, 12:26:35",0.766244698358208,"29","Male","right",1,1,0,0,FALSE,"P_M_jeremy_corbyn.png P_M_Sajid_Javid.png"
2469,"E_M_Michael_McIntyr.png","E_M_Simon_Pegg.png","TRUE","pictures/stimuli/E","pictures/stimuli/E","M","M","4","600b3f24668a930a525a0b47","06/30/2022, 12:26:35",-0.095213838257529,"29","Male","right",1,1,0,0,FALSE,"E_M_Michael_McIntyr.png E_M_Simon_Pegg.png"
9127,"P_M_david_camer.png","P_M_Sajid_Javid.png","TRUE","pictures/stimuli/P","pictures/stimuli/P","M","M","5","600b3f24668a930a525a0b47","06/30/2022, 12:26:35",0.766244698358208,"29","Male","right",1,1,0,0,FALSE,"P_M_david_camer.png P_M_Sajid_Javid.png"
6184,"E_F_Julie_Walters.png","P_M_nigel_farage.png","FALSE","pictures/stimuli/E","pictures/stimuli/P","F","M","6","600b3f24668a930a525a0b47","06/30/2022, 12:26:35",1.62770323497395,"29","Male","right",0,1,0,0,TRUE,"E_F_Julie_Walters.png P_M_nigel_farage.png"
7996,"E_M_Peter_Kay.png","P_M_keir_starmer.png","FALSE","pictures/stimuli/E","pictures/stimuli/P","M","M","5","600b3f24668a930a525a0b47","06/30/2022, 12:26:35",0.766244698358208,"29","Male","right",0,1,0,0,TRUE,"E_M_Peter_Kay.png P_M_keir_starmer.png"
6658,"E_M_Jimmy_Carr.png","E_M_Michael_McIntyr.png","TRUE","pictures/stimuli/E","pictures/stimuli/E","M","M","2","600b3f24668a930a525a0b47","06/30/2022, 12:26:35",-1.818130911489,"29","Male","right",1,1,0,0,FALSE,"E_M_Jimmy_Carr.png E_M_Michael_McIntyr.png"
2475,"E_M_Jimmy_Carr.png","E_M_Russell_Howard.png","TRUE","pictures/stimuli/E","pictures/stimuli/E","M","M","2","600b3f24668a930a525a0b47","06/30/2022, 12:26:35",-1.818130911489,"29","Male","right",1,1,0,0,FALSE,"E_M_Jimmy_Carr.png E_M_Russell_Howard.png"
2550,"E_F_Dawn_Roma_French.png","P_F_Theresa_May.png","FALSE","pictures/stimuli/E","pictures/stimuli/P","F","F","5","600b3f24668a930a525a0b47","06/30/2022, 12:26:35",0.766244698358208,"29","Male","right",1,1,0,0,FALSE,"E_F_Dawn_Roma_French.png P_F_Theresa_May.png"
4369,"E_M_Ewan_McGregor.png","P_M_Tony_Blair.png","FALSE","pictures/stimuli/E","pictures/stimuli/P","M","M","5","600b3f24668a930a525a0b47","06/30/2022, 12:26:35",0.766244698358208,"29","Male","right",0,1,0,0,TRUE,"E_M_Ewan_McGregor.png P_M_Tony_Blair.png"
2521,"E_M_Ewan_McGregor.png","P_M_Sajid_Javid.png","FALSE","pictures/stimuli/E","pictures/stimuli/P","M","M","5","600b3f24668a930a525a0b47","06/30/2022, 12:26:35",0.766244698358208,"29","Male","right",0,1,0,0,TRUE,"E_M_Ewan_McGregor.png P_M_Sajid_Javid.png"
2331,"E_M_Michael_McIntyr.png","P_M_nigel_farage.png","FALSE","pictures/stimuli/E","pictures/stimuli/P","M","M","5","600b3f24668a930a525a0b47","06/30/2022, 12:26:35",0.766244698358208,"29","Male","right",1,1,0,0,FALSE,"E_M_Michael_McIntyr.png P_M_nigel_farage.png"
3097,"E_M_Michael_McIntyr.png","P_M_Sajid_Javid.png","FALSE","pictures/stimuli/E","pictures/stimuli/P","M","M","5","600b3f24668a930a525a0b47","06/30/2022, 12:26:35",0.766244698358208,"29","Male","right",1,1,0,0,FALSE,"E_M_Michael_McIntyr.png P_M_Sajid_Javid.png"
18985,"E_M_Simon_Pegg.png","P_M_Tony_Blair.png","FALSE","pictures/stimuli/E","pictures/stimuli/P","M","M","5","600b3f24668a930a525a0b47","06/30/2022, 12:26:35",0.766244698358208,"29","Male","right",1,1,0,0,FALSE,"E_M_Simon_Pegg.png P_M_Tony_Blair.png"
61128,"E_M_Jimmy_Carr.png","P_F_Theresa_May.png","FALSE","pictures/stimuli/E","pictures/stimuli/P","M","F","5","600b3f24668a930a525a0b47","06/30/2022, 12:26:35",0.766244698358208,"29","Male","right",1,1,0,0,TRUE,"E_M_Jimmy_Carr.png P_F_Theresa_May.png"
2179,"P_M_david_camer.png","P_M_jeremy_corbyn.png","TRUE","pictures/stimuli/P","pictures/stimuli/P","M","M","5","600b3f24668a930a525a0b47","06/30/2022, 12:26:35",0.766244698358208,"29","Male","right",1,1,0,0,FALSE,"P_M_david_camer.png P_M_jeremy_corbyn.png"
2473,"E_M_Michael_McIntyr.png","P_M_Tony_Blair.png","FALSE","pictures/stimuli/E","pictures/stimuli/P","M","M","5","600b3f24668a930a525a0b47","06/30/2022, 12:26:35",0.766244698358208,"29","Male","right",1,1,0,0,FALSE,"E_M_Michael_McIntyr.png P_M_Tony_Blair.png"
1928,"P_M_Gordon_Brown.png","P_M_nigel_farage.png","TRUE","pictures/stimuli/P","pictures/stimuli/P","M","M","4","600b3f24668a930a525a0b47","06/30/2022, 12:26:35",-0.095213838257529,"29","Male","right",1,1,0,0,FALSE,"P_M_Gordon_Brown.png P_M_nigel_farage.png"
14588,"E_M_Russell_Howard.png","P_M_nigel_farage.png","FALSE","pictures/stimuli/E","pictures/stimuli/P","M","M","5","600b3f24668a930a525a0b47","06/30/2022, 12:26:35",0.766244698358208,"29","Male","right",1,1,0,0,FALSE,"E_M_Russell_Howard.png P_M_nigel_farage.png"
2681,"E_M_Ewan_McGregor.png","E_M_Jimmy_Carr.png","TRUE","pictures/stimuli/E","pictures/stimuli/E","M","M","2","600b3f24668a930a525a0b47","06/30/2022, 12:26:35",-1.818130911489,"29","Male","right",0,1,0,0,TRUE,"E_M_Ewan_McGregor.png E_M_Jimmy_Carr.png"
2163,"P_M_david_camer.png","P_M_keir_starmer.png","TRUE","pictures/stimuli/P","pictures/stimuli/P","M","M","4","600b3f24668a930a525a0b47","06/30/2022, 12:26:35",-0.095213838257529,"29","Male","right",1,1,0,0,FALSE,"P_M_david_camer.png P_M_keir_starmer.png"
8501,"P_F_nicola_sturge.png","P_M_Tony_Blair.png","TRUE","pictures/stimuli/P","pictures/stimuli/P","F","M","3","600b3f24668a930a525a0b47","06/30/2022, 12:26:35",-0.956672374873266,"29","Male","right",1,1,0,0,FALSE,"P_F_nicola_sturge.png P_M_Tony_Blair.png"
7389,"E_F_Jennifer_Saunders.png","P_M_Sajid_Javid.png","FALSE","pictures/stimuli/E","pictures/stimuli/P","F","M","5","600b3f24668a930a525a0b47","06/30/2022, 12:26:35",0.766244698358208,"29","Male","right",0,1,0,0,TRUE,"E_F_Jennifer_Saunders.png P_M_Sajid_Javid.png"
2024,"E_M_Ewan_McGregor.png","E_M_Simon_Pegg.png","TRUE","pictures/stimuli/E","pictures/stimuli/E","M","M","2","600b3f24668a930a525a0b47","06/30/2022, 12:26:35",-1.818130911489,"29","Male","right",0,1,0,0,TRUE,"E_M_Ewan_McGregor.png E_M_Simon_Pegg.png"
2119,"E_M_Jimmy_Carr.png","P_M_nigel_farage.png","FALSE","pictures/stimuli/E","pictures/stimuli/P","M","M","5","600b3f24668a930a525a0b47","06/30/2022, 12:26:35",0.766244698358208,"29","Male","right",1,1,0,0,FALSE,"E_M_Jimmy_Carr.png P_M_nigel_farage.png"
44593,"E_M_Simon_Pegg.png","P_F_Theresa_May.png","FALSE","pictures/stimuli/E","pictures/stimuli/P","M","F","5","600b3f24668a930a525a0b47","06/30/2022, 12:26:35",0.766244698358208,"29","Male","right",1,1,0,0,TRUE,"E_M_Simon_Pegg.png P_F_Theresa_May.png"
2961,"E_F_Sarah_Millican.png","E_M_Michael_McIntyr.png","TRUE","pictures/stimuli/E","pictures/stimuli/E","F","M","2","600b3f24668a930a525a0b47","06/30/2022, 12:26:35",-1.818130911489,"29","Male","right",1,1,0,0,FALSE,"E_F_Sarah_Millican.png E_M_Michael_McIntyr.png"
1689,"P_M_jeremy_corbyn.png","P_M_Tony_Blair.png","TRUE","pictures/stimuli/P","pictures/stimuli/P","M","M","4","600b3f24668a930a525a0b47","06/30/2022, 12:26:35",-0.095213838257529,"29","Male","right",1,1,0,0,FALSE,"P_M_jeremy_corbyn.png P_M_Tony_Blair.png"
2732,"E_M_Simon_Pegg.png","P_M_Michael_Gove.png","FALSE","pictures/stimuli/E","pictures/stimuli/P","M","M","5","600b3f24668a930a525a0b47","06/30/2022, 12:26:35",0.766244698358208,"29","Male","right",1,1,0,0,FALSE,"E_M_Simon_Pegg.png P_M_Michael_Gove.png"
2947,"E_M_Ewan_McGregor.png","E_M_Peter_Kay.png","TRUE","pictures/stimuli/E","pictures/stimuli/E","M","M","2","600b3f24668a930a525a0b47","06/30/2022, 12:26:35",-1.818130911489,"29","Male","right",0,0,0,0,TRUE,"E_M_Ewan_McGregor.png E_M_Peter_Kay.png"
4599,"E_F_Sarah_Millican.png","E_M_Jimmy_Carr.png","TRUE","pictures/stimuli/E","pictures/stimuli/E","F","M","1","600b3f24668a930a525a0b47","06/30/2022, 12:26:35",-2.67958944810474,"29","Male","right",1,1,0,0,FALSE,"E_F_Sarah_Millican.png E_M_Jimmy_Carr.png"
2747,"E_M_Michael_McIntyr.png","E_M_Russell_Howard.png","TRUE","pictures/stimuli/E","pictures/stimuli/E","M","M","2","600b3f24668a930a525a0b47","06/30/2022, 12:26:35",-1.818130911489,"29","Male","right",1,1,0,0,FALSE,"E_M_Michael_McIntyr.png E_M_Russell_Howard.png"
2441,"P_M_Gordon_Brown.png","P_M_Tony_Blair.png","TRUE","pictures/stimuli/P","pictures/stimuli/P","M","M","2","600b3f24668a930a525a0b47","06/30/2022, 12:26:35",-1.818130911489,"29","Male","right",1,1,0,0,FALSE,"P_M_Gordon_Brown.png P_M_Tony_Blair.png"
3274,"E_M_Simon_Pegg.png","P_M_nigel_farage.png","FALSE","pictures/stimuli/E","pictures/stimuli/P","M","M","5","600b3f24668a930a525a0b47","06/30/2022, 12:26:35",0.766244698358208,"29","Male","right",1,1,0,0,FALSE,"E_M_Simon_Pegg.png P_M_nigel_farage.png"
2566,"E_F_Julie_Walters.png","E_M_Simon_Pegg.png","TRUE","pictures/stimuli/E","pictures/stimuli/E","F","M","3","600b3f24668a930a525a0b47","06/30/2022, 12:26:35",-0.956672374873266,"29","Male","right",0,1,0,0,TRUE,"E_F_Julie_Walters.png E_M_Simon_Pegg.png"
5288,"P_M_keir_starmer.png","P_M_Tony_Blair.png","TRUE","pictures/stimuli/P","pictures/stimuli/P","M","M","2","600b3f24668a930a525a0b47","06/30/2022, 12:26:35",-1.818130911489,"29","Male","right",1,1,0,0,FALSE,"P_M_keir_starmer.png P_M_Tony_Blair.png"
11334,"P_M_Gordon_Brown.png","P_M_keir_starmer.png","TRUE","pictures/stimuli/P","pictures/stimuli/P","M","M","2","600b3f24668a930a525a0b47","06/30/2022, 12:26:35",-1.818130911489,"29","Male","right",1,1,0,0,FALSE,"P_M_Gordon_Brown.png P_M_keir_starmer.png"
225667,"E_F_Jennifer_Saunders.png","E_F_Sarah_Millican.png","TRUE","pictures/stimuli/E","pictures/stimuli/E","F","F","5","600b3f24668a930a525a0b47","06/30/2022, 12:26:35",0.766244698358208,"29","Male","right",0,1,0,0,TRUE,"E_F_Jennifer_Saunders.png E_F_Sarah_Millican.png"
1245,"E_M_Russell_Howard.png","P_M_Sajid_Javid.png","FALSE","pictures/stimuli/E","pictures/stimuli/P","M","M","5","600b3f24668a930a525a0b47","06/30/2022, 12:26:35",0.766244698358208,"29","Male","right",1,1,0,0,FALSE,"E_M_Russell_Howard.png P_M_Sajid_Javid.png"
1785,"E_M_Jimmy_Carr.png","P_M_Sajid_Javid.png","FALSE","pictures/stimuli/E","pictures/stimuli/P","M","M","4","600b3f24668a930a525a0b47","06/30/2022, 12:26:35",-0.095213838257529,"29","Male","right",1,1,0,0,FALSE,"E_M_Jimmy_Carr.png P_M_Sajid_Javid.png"
61994,"E_F_Jennifer_Saunders.png","P_M_jeremy_corbyn.png","FALSE","pictures/stimuli/E","pictures/stimuli/P","F","M","5","600b3f24668a930a525a0b47","06/30/2022, 12:26:35",0.766244698358208,"29","Male","right",0,1,0,0,TRUE,"E_F_Jennifer_Saunders.png P_M_jeremy_corbyn.png"
13757,"E_F_Jennifer_Saunders.png","P_M_Gordon_Brown.png","FALSE","pictures/stimuli/E","pictures/stimuli/P","F","M","5","600b3f24668a930a525a0b47","06/30/2022, 12:26:35",0.766244698358208,"29","Male","right",0,1,0,0,TRUE,"E_F_Jennifer_Saunders.png P_M_Gordon_Brown.png"
66447,"E_M_Ewan_McGregor.png","P_M_Michael_Gove.png","FALSE","pictures/stimuli/E","pictures/stimuli/P","M","M","5","600b3f24668a930a525a0b47","06/30/2022, 12:26:35",0.766244698358208,"29","Male","right",0,1,0,0,TRUE,"E_M_Ewan_McGregor.png P_M_Michael_Gove.png"
2463,"E_F_Dawn_Roma_French.png","P_M_jeremy_corbyn.png","FALSE","pictures/stimuli/E","pictures/stimuli/P","F","M","5","600b3f24668a930a525a0b47","06/30/2022, 12:26:35",0.766244698358208,"29","Male","right",1,1,0,0,FALSE,"E_F_Dawn_Roma_French.png P_M_jeremy_corbyn.png"
53673,"E_F_Jennifer_Saunders.png","P_F_nicola_sturge.png","FALSE","pictures/stimuli/E","pictures/stimuli/P","F","F","5","600b3f24668a930a525a0b47","06/30/2022, 12:26:35",0.766244698358208,"29","Male","right",0,1,0,0,TRUE,"E_F_Jennifer_Saunders.png P_F_nicola_sturge.png"
9838,"E_F_Sarah_Millican.png","E_M_Peter_Kay.png","TRUE","pictures/stimuli/E","pictures/stimuli/E","F","M","2","600b3f24668a930a525a0b47","06/30/2022, 12:26:35",-1.818130911489,"29","Male","right",1,0,0,0,TRUE,"E_F_Sarah_Millican.png E_M_Peter_Kay.png"
5831,"E_F_Dawn_Roma_French.png","P_F_nicola_sturge.png","FALSE","pictures/stimuli/E","pictures/stimuli/P","F","F","5","600b3f24668a930a525a0b47","06/30/2022, 12:26:35",0.766244698358208,"29","Male","right",1,1,0,0,FALSE,"E_F_Dawn_Roma_French.png P_F_nicola_sturge.png"
4335,"E_F_Sarah_Millican.png","E_M_Simon_Pegg.png","TRUE","pictures/stimuli/E","pictures/stimuli/E","F","M","2","600b3f24668a930a525a0b47","06/30/2022, 12:26:35",-1.818130911489,"29","Male","right",1,1,0,0,FALSE,"E_F_Sarah_Millican.png E_M_Simon_Pegg.png"
2295,"E_M_Russell_Howard.png","P_M_Gordon_Brown.png","FALSE","pictures/stimuli/E","pictures/stimuli/P","M","M","5","600b3f24668a930a525a0b47","06/30/2022, 12:26:35",0.766244698358208,"29","Male","right",1,1,0,0,FALSE,"E_M_Russell_Howard.png P_M_Gordon_Brown.png"
3523,"E_M_Russell_Howard.png","P_M_Michael_Gove.png","FALSE","pictures/stimuli/E","pictures/stimuli/P","M","M","2","600b3f24668a930a525a0b47","06/30/2022, 12:26:35",-1.818130911489,"29","Male","right",1,1,0,0,FALSE,"E_M_Russell_Howard.png P_M_Michael_Gove.png"
4852,"E_M_Simon_Pegg.png","P_M_jeremy_corbyn.png","FALSE","pictures/stimuli/E","pictures/stimuli/P","M","M","5","600b3f24668a930a525a0b47","06/30/2022, 12:26:35",0.766244698358208,"29","Male","right",1,1,0,0,FALSE,"E_M_Simon_Pegg.png P_M_jeremy_corbyn.png"
72595,"E_M_Ewan_McGregor.png","P_M_david_camer.png","FALSE","pictures/stimuli/E","pictures/stimuli/P","M","M","5","600b3f24668a930a525a0b47","06/30/2022, 12:26:35",0.766244698358208,"29","Male","right",0,1,0,0,TRUE,"E_M_Ewan_McGregor.png P_M_david_camer.png"
4419,"E_F_Sarah_Millican.png","P_M_Tony_Blair.png","FALSE","pictures/stimuli/E","pictures/stimuli/P","F","M","5","600b3f24668a930a525a0b47","06/30/2022, 12:26:35",0.766244698358208,"29","Male","right",1,1,0,0,FALSE,"E_F_Sarah_Millican.png P_M_Tony_Blair.png"
3749,"E_M_Jimmy_Carr.png","P_M_Michael_Gove.png","FALSE","pictures/stimuli/E","pictures/stimuli/P","M","M","5","600b3f24668a930a525a0b47","06/30/2022, 12:26:35",0.766244698358208,"29","Male","right",1,1,0,0,FALSE,"E_M_Jimmy_Carr.png P_M_Michael_Gove.png"
3196,"E_M_Peter_Kay.png","E_M_Russell_Howard.png","TRUE","pictures/stimuli/E","pictures/stimuli/E","M","M","2","600b3f24668a930a525a0b47","06/30/2022, 12:26:35",-1.818130911489,"29","Male","right",0,1,0,0,TRUE,"E_M_Peter_Kay.png E_M_Russell_Howard.png"
1972,"E_M_Peter_Kay.png","P_M_Sajid_Javid.png","FALSE","pictures/stimuli/E","pictures/stimuli/P","M","M","5","600b3f24668a930a525a0b47","06/30/2022, 12:26:35",0.766244698358208,"29","Male","right",0,1,0,0,TRUE,"E_M_Peter_Kay.png P_M_Sajid_Javid.png"
2639,"E_M_Michael_McIntyr.png","P_M_david_camer.png","FALSE","pictures/stimuli/E","pictures/stimuli/P","M","M","5","600b3f24668a930a525a0b47","06/30/2022, 12:26:35",0.766244698358208,"29","Male","right",1,1,0,0,FALSE,"E_M_Michael_McIntyr.png P_M_david_camer.png"
2168,"E_F_Julie_Walters.png","E_F_Sarah_Millican.png","TRUE","pictures/stimuli/E","pictures/stimuli/E","F","F","2","600b3f24668a930a525a0b47","06/30/2022, 12:26:35",-1.818130911489,"29","Male","right",0,1,0,0,TRUE,"E_F_Julie_Walters.png E_F_Sarah_Millican.png"
3042,"E_F_Jennifer_Saunders.png","P_M_Tony_Blair.png","FALSE","pictures/stimuli/E","pictures/stimuli/P","F","M","4","600b3f24668a930a525a0b47","06/30/2022, 12:26:35",-0.095213838257529,"29","Male","right",0,1,0,0,TRUE,"E_F_Jennifer_Saunders.png P_M_Tony_Blair.png"
4143,"E_M_Ewan_McGregor.png","P_F_nicola_sturge.png","FALSE","pictures/stimuli/E","pictures/stimuli/P","M","F","5","600b3f24668a930a525a0b47","06/30/2022, 12:26:35",0.766244698358208,"29","Male","right",0,1,0,0,TRUE,"E_M_Ewan_McGregor.png P_F_nicola_sturge.png"
3375,"E_F_Julie_Walters.png","E_M_Jimmy_Carr.png","TRUE","pictures/stimuli/E","pictures/stimuli/E","F","M","1","600b3f24668a930a525a0b47","06/30/2022, 12:26:35",-2.67958944810474,"29","Male","right",0,1,0,0,TRUE,"E_F_Julie_Walters.png E_M_Jimmy_Carr.png"
2221,"E_F_Dawn_Roma_French.png","E_F_Sarah_Millican.png","TRUE","pictures/stimuli/E","pictures/stimuli/E","F","F","2","600b3f24668a930a525a0b47","06/30/2022, 12:26:35",-1.818130911489,"29","Male","right",1,1,0,0,FALSE,"E_F_Dawn_Roma_French.png E_F_Sarah_Millican.png"
7799,"E_F_Julie_Walters.png","P_M_jeremy_corbyn.png","FALSE","pictures/stimuli/E","pictures/stimuli/P","F","M","4","600b3f24668a930a525a0b47","06/30/2022, 12:26:35",-0.095213838257529,"29","Male","right",0,1,0,0,TRUE,"E_F_Julie_Walters.png P_M_jeremy_corbyn.png"
6373,"E_M_Ewan_McGregor.png","E_M_Russell_Howard.png","TRUE","pictures/stimuli/E","pictures/stimuli/E","M","M","2","600b3f24668a930a525a0b47","06/30/2022, 12:26:35",-1.818130911489,"29","Male","right",0,1,0,0,TRUE,"E_M_Ewan_McGregor.png E_M_Russell_Howard.png"
3597,"E_F_Julie_Walters.png","E_M_Peter_Kay.png","TRUE","pictures/stimuli/E","pictures/stimuli/E","F","M","3","600b3f24668a930a525a0b47","06/30/2022, 12:26:35",-0.956672374873266,"29","Male","right",0,0,0,0,TRUE,"E_F_Julie_Walters.png E_M_Peter_Kay.png"
1423,"E_M_Peter_Kay.png","E_M_Simon_Pegg.png","TRUE","pictures/stimuli/E","pictures/stimuli/E","M","M","3","600b3f24668a930a525a0b47","06/30/2022, 12:26:35",-0.956672374873266,"29","Male","right",0,1,0,0,TRUE,"E_M_Peter_Kay.png E_M_Simon_Pegg.png"
2020,"E_M_Michael_McIntyr.png","P_F_Theresa_May.png","FALSE","pictures/stimuli/E","pictures/stimuli/P","M","F","5","600b3f24668a930a525a0b47","06/30/2022, 12:26:35",0.766244698358208,"29","Male","right",1,1,0,0,FALSE,"E_M_Michael_McIntyr.png P_F_Theresa_May.png"
2316,"E_F_Julie_Walters.png","P_F_nicola_sturge.png","FALSE","pictures/stimuli/E","pictures/stimuli/P","F","F","5","600b3f24668a930a525a0b47","06/30/2022, 12:26:35",0.766244698358208,"29","Male","right",0,1,0,0,TRUE,"E_F_Julie_Walters.png P_F_nicola_sturge.png"
1335,"E_M_Peter_Kay.png","P_M_Michael_Gove.png","FALSE","pictures/stimuli/E","pictures/stimuli/P","M","M","5","600b3f24668a930a525a0b47","06/30/2022, 12:26:35",0.766244698358208,"29","Male","right",0,1,0,0,TRUE,"E_M_Peter_Kay.png P_M_Michael_Gove.png"
1465,"E_M_Michael_McIntyr.png","P_F_nicola_sturge.png","FALSE","pictures/stimuli/E","pictures/stimuli/P","M","F","5","600b3f24668a930a525a0b47","06/30/2022, 12:26:35",0.766244698358208,"29","Male","right",1,1,0,0,FALSE,"E_M_Michael_McIntyr.png P_F_nicola_sturge.png"
1623,"E_F_Dawn_Roma_French.png","E_M_Michael_McIntyr.png","TRUE","pictures/stimuli/E","pictures/stimuli/E","F","M","5","600b3f24668a930a525a0b47","06/30/2022, 12:26:35",0.766244698358208,"29","Male","right",1,1,0,0,FALSE,"E_F_Dawn_Roma_French.png E_M_Michael_McIntyr.png"
2843,"P_F_nicola_sturge.png","P_M_david_camer.png","TRUE","pictures/stimuli/P","pictures/stimuli/P","F","M","2","600b3f24668a930a525a0b47","06/30/2022, 12:26:35",-1.818130911489,"29","Male","right",1,1,0,0,FALSE,"P_F_nicola_sturge.png P_M_david_camer.png"
6376,"E_F_Jennifer_Saunders.png","E_M_Simon_Pegg.png","TRUE","pictures/stimuli/E","pictures/stimuli/E","F","M","2","600b3f24668a930a525a0b47","06/30/2022, 12:26:35",-1.818130911489,"29","Male","right",0,1,0,0,TRUE,"E_F_Jennifer_Saunders.png E_M_Simon_Pegg.png"
2941,"E_M_Ewan_McGregor.png","P_M_nigel_farage.png","FALSE","pictures/stimuli/E","pictures/stimuli/P","M","M","5","600b3f24668a930a525a0b47","06/30/2022, 12:26:35",0.766244698358208,"29","Male","right",0,1,0,0,TRUE,"E_M_Ewan_McGregor.png P_M_nigel_farage.png"
3788,"P_F_nicola_sturge.png","P_M_nigel_farage.png","TRUE","pictures/stimuli/P","pictures/stimuli/P","F","M","4","600b3f24668a930a525a0b47","06/30/2022, 12:26:35",-0.095213838257529,"29","Male","right",1,1,0,0,FALSE,"P_F_nicola_sturge.png P_M_nigel_farage.png"
6464,"E_M_Jimmy_Carr.png","P_F_nicola_sturge.png","FALSE","pictures/stimuli/E","pictures/stimuli/P","M","F","5","600b3f24668a930a525a0b47","06/30/2022, 12:26:35",0.766244698358208,"29","Male","right",1,1,0,0,FALSE,"E_M_Jimmy_Carr.png P_F_nicola_sturge.png"
3167,"E_M_Simon_Pegg.png","P_M_Gordon_Brown.png","FALSE","pictures/stimuli/E","pictures/stimuli/P","M","M","5","600b3f24668a930a525a0b47","06/30/2022, 12:26:35",0.766244698358208,"29","Male","right",1,1,0,0,FALSE,"E_M_Simon_Pegg.png P_M_Gordon_Brown.png"
3627,"E_M_Ewan_McGregor.png","P_M_keir_starmer.png","FALSE","pictures/stimuli/E","pictures/stimuli/P","M","M","5","600b3f24668a930a525a0b47","06/30/2022, 12:26:35",0.766244698358208,"29","Male","right",0,1,0,0,TRUE,"E_M_Ewan_McGregor.png P_M_keir_starmer.png"
5801,"E_F_Dawn_Roma_French.png","E_M_Ewan_McGregor.png","TRUE","pictures/stimuli/E","pictures/stimuli/E","F","M","2","600b3f24668a930a525a0b47","06/30/2022, 12:26:35",-1.818130911489,"29","Male","right",1,0,0,0,TRUE,"E_F_Dawn_Roma_French.png E_M_Ewan_McGregor.png"
3167,"P_M_Gordon_Brown.png","P_M_Michael_Gove.png","TRUE","pictures/stimuli/P","pictures/stimuli/P","M","M","4","600b3f24668a930a525a0b47","06/30/2022, 12:26:35",-0.095213838257529,"29","Male","right",1,1,0,0,FALSE,"P_M_Gordon_Brown.png P_M_Michael_Gove.png"
2201,"P_M_Michael_Gove.png","P_M_nigel_farage.png","TRUE","pictures/stimuli/P","pictures/stimuli/P","M","M","4","600b3f24668a930a525a0b47","06/30/2022, 12:26:35",-0.095213838257529,"29","Male","right",1,1,0,0,FALSE,"P_M_Michael_Gove.png P_M_nigel_farage.png"
3285,"E_F_Dawn_Roma_French.png","P_M_keir_starmer.png","FALSE","pictures/stimuli/E","pictures/stimuli/P","F","M","5","600b3f24668a930a525a0b47","06/30/2022, 12:26:35",0.766244698358208,"29","Male","right",1,1,0,0,FALSE,"E_F_Dawn_Roma_French.png P_M_keir_starmer.png"
86962,"E_F_Dawn_Roma_French.png","P_M_nigel_farage.png","FALSE","pictures/stimuli/E","pictures/stimuli/P","F","M","5","600b3f24668a930a525a0b47","06/30/2022, 12:26:35",0.766244698358208,"29","Male","right",1,1,0,0,TRUE,"E_F_Dawn_Roma_French.png P_M_nigel_farage.png"
3336,"P_F_Theresa_May.png","P_M_Michael_Gove.png","TRUE","pictures/stimuli/P","pictures/stimuli/P","F","M","4","600b3f24668a930a525a0b47","06/30/2022, 12:26:35",-0.095213838257529,"29","Male","right",1,1,0,0,FALSE,"P_F_Theresa_May.png P_M_Michael_Gove.png"
3354,"E_F_Jennifer_Saunders.png","E_M_Michael_McIntyr.png","TRUE","pictures/stimuli/E","pictures/stimuli/E","F","M","2","600b3f24668a930a525a0b47","06/30/2022, 12:26:35",-1.818130911489,"29","Male","right",0,1,0,0,TRUE,"E_F_Jennifer_Saunders.png E_M_Michael_McIntyr.png"
2149,"P_M_nigel_farage.png","P_M_Sajid_Javid.png","TRUE","pictures/stimuli/P","pictures/stimuli/P","M","M","4","600b3f24668a930a525a0b47","06/30/2022, 12:26:35",-0.095213838257529,"29","Male","right",1,1,0,0,FALSE,"P_M_nigel_farage.png P_M_Sajid_Javid.png"
2685,"E_M_Michael_McIntyr.png","P_M_jeremy_corbyn.png","FALSE","pictures/stimuli/E","pictures/stimuli/P","M","M","5","600b3f24668a930a525a0b47","06/30/2022, 12:26:35",0.766244698358208,"29","Male","right",1,1,0,0,FALSE,"E_M_Michael_McIntyr.png P_M_jeremy_corbyn.png"
1943,"E_F_Jennifer_Saunders.png","P_M_david_camer.png","FALSE","pictures/stimuli/E","pictures/stimuli/P","F","M","5","600b3f24668a930a525a0b47","06/30/2022, 12:26:35",0.766244698358208,"29","Male","right",0,1,0,0,TRUE,"E_F_Jennifer_Saunders.png P_M_david_camer.png"
2156,"P_F_Theresa_May.png","P_M_Tony_Blair.png","TRUE","pictures/stimuli/P","pictures/stimuli/P","F","M","3","600b3f24668a930a525a0b47","06/30/2022, 12:26:35",-0.956672374873266,"29","Male","right",1,1,0,0,FALSE,"P_F_Theresa_May.png P_M_Tony_Blair.png"
5381,"P_M_Michael_Gove.png","P_M_Sajid_Javid.png","TRUE","pictures/stimuli/P","pictures/stimuli/P","M","M","2","600b3f24668a930a525a0b47","06/30/2022, 12:26:35",-1.818130911489,"29","Male","right",1,1,0,0,FALSE,"P_M_Michael_Gove.png P_M_Sajid_Javid.png"
2456,"P_F_nicola_sturge.png","P_M_Sajid_Javid.png","TRUE","pictures/stimuli/P","pictures/stimuli/P","F","M","4","600b3f24668a930a525a0b47","06/30/2022, 12:26:35",-0.095213838257529,"29","Male","right",1,1,0,0,FALSE,"P_F_nicola_sturge.png P_M_Sajid_Javid.png"
11933,"E_M_Simon_Pegg.png","P_M_keir_starmer.png","FALSE","pictures/stimuli/E","pictures/stimuli/P","M","M","5","600b3f24668a930a525a0b47","06/30/2022, 12:26:35",0.766244698358208,"29","Male","right",1,1,0,0,FALSE,"E_M_Simon_Pegg.png P_M_keir_starmer.png"
3267,"E_M_Russell_Howard.png","E_M_Simon_Pegg.png","TRUE","pictures/stimuli/E","pictures/stimuli/E","M","M","5","600b3f24668a930a525a0b47","06/30/2022, 12:26:35",0.766244698358208,"29","Male","right",1,1,0,0,FALSE,"E_M_Russell_Howard.png E_M_Simon_Pegg.png"
1599,"E_M_Russell_Howard.png","P_M_keir_starmer.png","FALSE","pictures/stimuli/E","pictures/stimuli/P","M","M","5","600b3f24668a930a525a0b47","06/30/2022, 12:26:35",0.766244698358208,"29","Male","right",1,1,0,0,FALSE,"E_M_Russell_Howard.png P_M_keir_starmer.png"
2874,"P_M_jeremy_corbyn.png","P_M_keir_starmer.png","TRUE","pictures/stimuli/P","pictures/stimuli/P","M","M","3","600b3f24668a930a525a0b47","06/30/2022, 12:26:35",-0.956672374873266,"29","Male","right",1,1,0,0,FALSE,"P_M_jeremy_corbyn.png P_M_keir_starmer.png"
3640,"E_M_Jimmy_Carr.png","E_M_Peter_Kay.png","TRUE","pictures/stimuli/E","pictures/stimuli/E","M","M","2","600b3f24668a930a525a0b47","06/30/2022, 12:26:35",-1.818130911489,"29","Male","right",1,0,0,0,TRUE,"E_M_Jimmy_Carr.png E_M_Peter_Kay.png"
4600,"E_F_Jennifer_Saunders.png","P_F_Theresa_May.png","FALSE","pictures/stimuli/E","pictures/stimuli/P","F","F","5","600b3f24668a930a525a0b47","06/30/2022, 12:26:35",0.766244698358208,"29","Male","right",0,1,0,0,TRUE,"E_F_Jennifer_Saunders.png P_F_Theresa_May.png"
2369,"E_F_Julie_Walters.png","E_M_Russell_Howard.png","TRUE","pictures/stimuli/E","pictures/stimuli/E","F","M","2","600b3f24668a930a525a0b47","06/30/2022, 12:26:35",-1.818130911489,"29","Male","right",0,1,0,0,TRUE,"E_F_Julie_Walters.png E_M_Russell_Howard.png"
3007,"P_F_Theresa_May.png","P_M_jeremy_corbyn.png","TRUE","pictures/stimuli/P","pictures/stimuli/P","F","M","4","600b3f24668a930a525a0b47","06/30/2022, 12:26:35",-0.095213838257529,"29","Male","right",1,1,0,0,FALSE,"P_F_Theresa_May.png P_M_jeremy_corbyn.png"
41367,"E_F_Julie_Walters.png","E_M_Michael_McIntyr.png","TRUE","pictures/stimuli/E","pictures/stimuli/E","F","M","3","600b3f24668a930a525a0b47","06/30/2022, 12:26:35",-0.956672374873266,"29","Male","right",0,1,0,0,TRUE,"E_F_Julie_Walters.png E_M_Michael_McIntyr.png"
1955,"P_F_Theresa_May.png","P_M_keir_starmer.png","TRUE","pictures/stimuli/P","pictures/stimuli/P","F","M","3","600b3f24668a930a525a0b47","06/30/2022, 12:26:35",-0.956672374873266,"29","Male","right",1,1,0,0,FALSE,"P_F_Theresa_May.png P_M_keir_starmer.png"
3475,"E_F_Dawn_Roma_French.png","P_M_Gordon_Brown.png","FALSE","pictures/stimuli/E","pictures/stimuli/P","F","M","5","600b3f24668a930a525a0b47","06/30/2022, 12:26:35",0.766244698358208,"29","Male","right",1,1,0,0,FALSE,"E_F_Dawn_Roma_French.png P_M_Gordon_Brown.png"
2385,"P_M_nigel_farage.png","P_M_Tony_Blair.png","TRUE","pictures/stimuli/P","pictures/stimuli/P","M","M","4","600b3f24668a930a525a0b47","06/30/2022, 12:26:35",-0.095213838257529,"29","Male","right",1,1,0,0,FALSE,"P_M_nigel_farage.png P_M_Tony_Blair.png"
2725,"E_M_Peter_Kay.png","P_M_jeremy_corbyn.png","FALSE","pictures/stimuli/E","pictures/stimuli/P","M","M","6","600b3f24668a930a525a0b47","06/30/2022, 12:26:35",1.62770323497395,"29","Male","right",0,1,0,0,TRUE,"E_M_Peter_Kay.png P_M_jeremy_corbyn.png"
2394,"E_F_Sarah_Millican.png","P_M_nigel_farage.png","FALSE","pictures/stimuli/E","pictures/stimuli/P","F","M","6","600b3f24668a930a525a0b47","06/30/2022, 12:26:35",1.62770323497395,"29","Male","right",1,1,0,0,FALSE,"E_F_Sarah_Millican.png P_M_nigel_farage.png"
1488,"E_F_Julie_Walters.png","P_M_Gordon_Brown.png","FALSE","pictures/stimuli/E","pictures/stimuli/P","F","M","5","600b3f24668a930a525a0b47","06/30/2022, 12:26:35",0.766244698358208,"29","Male","right",0,1,0,0,TRUE,"E_F_Julie_Walters.png P_M_Gordon_Brown.png"
4519,"E_F_Sarah_Millican.png","E_M_Russell_Howard.png","TRUE","pictures/stimuli/E","pictures/stimuli/E","F","M","1","600b3f24668a930a525a0b47","06/30/2022, 12:26:35",-2.67958944810474,"29","Male","right",1,1,0,0,FALSE,"E_F_Sarah_Millican.png E_M_Russell_Howard.png"
1986,"E_F_Dawn_Roma_French.png","P_M_Tony_Blair.png","FALSE","pictures/stimuli/E","pictures/stimuli/P","F","M","4","600b3f24668a930a525a0b47","06/30/2022, 12:26:35",-0.095213838257529,"29","Male","right",1,1,0,0,FALSE,"E_F_Dawn_Roma_French.png P_M_Tony_Blair.png"
2925,"E_M_Michael_McIntyr.png","E_M_Peter_Kay.png","TRUE","pictures/stimuli/E","pictures/stimuli/E","M","M","3","600b3f24668a930a525a0b47","06/30/2022, 12:26:35",-0.956672374873266,"29","Male","right",1,0,0,0,TRUE,"E_M_Michael_McIntyr.png E_M_Peter_Kay.png"
1776,"E_F_Julie_Walters.png","P_M_Sajid_Javid.png","FALSE","pictures/stimuli/E","pictures/stimuli/P","F","M","5","600b3f24668a930a525a0b47","06/30/2022, 12:26:35",0.766244698358208,"29","Male","right",0,1,0,0,TRUE,"E_F_Julie_Walters.png P_M_Sajid_Javid.png"
2495,"P_M_david_camer.png","P_M_Michael_Gove.png","TRUE","pictures/stimuli/P","pictures/stimuli/P","M","M","2","600b3f24668a930a525a0b47","06/30/2022, 12:26:35",-1.818130911489,"29","Male","right",1,1,0,0,FALSE,"P_M_david_camer.png P_M_Michael_Gove.png"
3147,"E_M_Michael_McIntyr.png","P_M_keir_starmer.png","FALSE","pictures/stimuli/E","pictures/stimuli/P","M","M","5","600b3f24668a930a525a0b47","06/30/2022, 12:26:35",0.766244698358208,"29","Male","right",1,1,0,0,FALSE,"E_M_Michael_McIntyr.png P_M_keir_starmer.png"
2333,"E_F_Julie_Walters.png","P_M_Tony_Blair.png","FALSE","pictures/stimuli/E","pictures/stimuli/P","F","M","5","600b3f24668a930a525a0b47","06/30/2022, 12:26:35",0.766244698358208,"29","Male","right",0,1,0,0,TRUE,"E_F_Julie_Walters.png P_M_Tony_Blair.png"
1331,"E_F_Sarah_Millican.png","P_F_nicola_sturge.png","FALSE","pictures/stimuli/E","pictures/stimuli/P","F","F","5","600b3f24668a930a525a0b47","06/30/2022, 12:26:35",0.766244698358208,"29","Male","right",1,1,0,0,FALSE,"E_F_Sarah_Millican.png P_F_nicola_sturge.png"
4788,"E_F_Julie_Walters.png","P_M_Michael_Gove.png","FALSE","pictures/stimuli/E","pictures/stimuli/P","F","M","5","600b3f24668a930a525a0b47","06/30/2022, 12:26:35",0.766244698358208,"29","Male","right",0,1,0,0,TRUE,"E_F_Julie_Walters.png P_M_Michael_Gove.png"
3057,"E_M_Peter_Kay.png","P_M_nigel_farage.png","FALSE","pictures/stimuli/E","pictures/stimuli/P","M","M","3","600b3f24668a930a525a0b47","06/30/2022, 12:26:35",-0.956672374873266,"29","Male","right",0,1,0,0,TRUE,"E_M_Peter_Kay.png P_M_nigel_farage.png"
7278,"E_F_Jennifer_Saunders.png","P_M_Michael_Gove.png","FALSE","pictures/stimuli/E","pictures/stimuli/P","F","M","5","600b3f24668a930a525a0b47","06/30/2022, 12:26:35",0.766244698358208,"29","Male","right",0,1,0,0,TRUE,"E_F_Jennifer_Saunders.png P_M_Michael_Gove.png"
1857,"E_F_Sarah_Millican.png","P_M_david_camer.png","FALSE","pictures/stimuli/E","pictures/stimuli/P","F","M","5","600b3f24668a930a525a0b47","06/30/2022, 12:26:35",0.766244698358208,"29","Male","right",1,1,0,0,FALSE,"E_F_Sarah_Millican.png P_M_david_camer.png"
1883,"E_F_Sarah_Millican.png","P_F_Theresa_May.png","FALSE","pictures/stimuli/E","pictures/stimuli/P","F","F","5","600b3f24668a930a525a0b47","06/30/2022, 12:26:35",0.766244698358208,"29","Male","right",1,1,0,0,FALSE,"E_F_Sarah_Millican.png P_F_Theresa_May.png"
1442,"E_F_Dawn_Roma_French.png","E_F_Julie_Walters.png","TRUE","pictures/stimuli/E","pictures/stimuli/E","F","F","5","600b3f24668a930a525a0b47","06/30/2022, 12:26:35",0.766244698358208,"29","Male","right",1,0,0,0,TRUE,"E_F_Dawn_Roma_French.png E_F_Julie_Walters.png"
1274,"E_M_Simon_Pegg.png","P_F_nicola_sturge.png","FALSE","pictures/stimuli/E","pictures/stimuli/P","M","F","5","600b3f24668a930a525a0b47","06/30/2022, 12:26:35",0.766244698358208,"29","Male","right",1,1,0,0,FALSE,"E_M_Simon_Pegg.png P_F_nicola_sturge.png"
3782,"E_M_Ewan_McGregor.png","P_F_nicola_sturge.png","FALSE","pictures/stimuli/E","pictures/stimuli/P","M","F","6","604fa685e33606f9a0ee8189","06/30/2022, 13:21:52",1.26087290626443,"25","Female","right",0,1,0,0,TRUE,"E_M_Ewan_McGregor.png P_F_nicola_sturge.png"
3001,"E_M_Ewan_McGregor.png","E_M_Jimmy_Carr.png","TRUE","pictures/stimuli/E","pictures/stimuli/E","M","M","4","604fa685e33606f9a0ee8189","06/30/2022, 13:21:52",-0.260180123514882,"25","Female","right",0,1,0,0,TRUE,"E_M_Ewan_McGregor.png E_M_Jimmy_Carr.png"
2203,"E_M_Ewan_McGregor.png","P_F_Theresa_May.png","FALSE","pictures/stimuli/E","pictures/stimuli/P","M","F","6","604fa685e33606f9a0ee8189","06/30/2022, 13:21:52",1.26087290626443,"25","Female","right",0,1,0,0,TRUE,"E_M_Ewan_McGregor.png P_F_Theresa_May.png"
3624,"E_F_Sarah_Millican.png","P_M_jeremy_corbyn.png","FALSE","pictures/stimuli/E","pictures/stimuli/P","F","M","3","604fa685e33606f9a0ee8189","06/30/2022, 13:21:52",-1.02070663840454,"25","Female","right",0,1,0,0,TRUE,"E_F_Sarah_Millican.png P_M_jeremy_corbyn.png"
4155,"E_F_Sarah_Millican.png","E_M_Michael_McIntyr.png","TRUE","pictures/stimuli/E","pictures/stimuli/E","F","M","3","604fa685e33606f9a0ee8189","06/30/2022, 13:21:52",-1.02070663840454,"25","Female","right",0,1,0,0,TRUE,"E_F_Sarah_Millican.png E_M_Michael_McIntyr.png"
3502,"E_F_Dawn_Roma_French.png","E_M_Jimmy_Carr.png","TRUE","pictures/stimuli/E","pictures/stimuli/E","F","M","5","604fa685e33606f9a0ee8189","06/30/2022, 13:21:52",0.500346391374773,"25","Female","right",1,1,0,0,FALSE,"E_F_Dawn_Roma_French.png E_M_Jimmy_Carr.png"
3213,"E_F_Jennifer_Saunders.png","P_M_Sajid_Javid.png","FALSE","pictures/stimuli/E","pictures/stimuli/P","F","M","6","604fa685e33606f9a0ee8189","06/30/2022, 13:21:52",1.26087290626443,"25","Female","right",0,1,0,0,TRUE,"E_F_Jennifer_Saunders.png P_M_Sajid_Javid.png"
2201,"E_M_Jimmy_Carr.png","E_M_Simon_Pegg.png","TRUE","pictures/stimuli/E","pictures/stimuli/E","M","M","2","604fa685e33606f9a0ee8189","06/30/2022, 13:21:52",-1.78123315329419,"25","Female","right",1,0,0,0,TRUE,"E_M_Jimmy_Carr.png E_M_Simon_Pegg.png"
3515,"E_F_Julie_Walters.png","P_F_nicola_sturge.png","FALSE","pictures/stimuli/E","pictures/stimuli/P","F","F","5","604fa685e33606f9a0ee8189","06/30/2022, 13:21:52",0.500346391374773,"25","Female","right",0,1,0,0,TRUE,"E_F_Julie_Walters.png P_F_nicola_sturge.png"
3436,"E_M_Simon_Pegg.png","P_M_nigel_farage.png","FALSE","pictures/stimuli/E","pictures/stimuli/P","M","M","5","604fa685e33606f9a0ee8189","06/30/2022, 13:21:52",0.500346391374773,"25","Female","right",0,1,0,0,TRUE,"E_M_Simon_Pegg.png P_M_nigel_farage.png"
2260,"E_F_Julie_Walters.png","E_M_Ewan_McGregor.png","TRUE","pictures/stimuli/E","pictures/stimuli/E","F","M","6","604fa685e33606f9a0ee8189","06/30/2022, 13:21:52",1.26087290626443,"25","Female","right",0,0,0,0,TRUE,"E_F_Julie_Walters.png E_M_Ewan_McGregor.png"
3358,"E_M_Peter_Kay.png","P_M_nigel_farage.png","FALSE","pictures/stimuli/E","pictures/stimuli/P","M","M","6","604fa685e33606f9a0ee8189","06/30/2022, 13:21:52",1.26087290626443,"25","Female","right",1,1,0,0,FALSE,"E_M_Peter_Kay.png P_M_nigel_farage.png"
14067,"E_M_Michael_McIntyr.png","E_M_Simon_Pegg.png","TRUE","pictures/stimuli/E","pictures/stimuli/E","M","M","3","604fa685e33606f9a0ee8189","06/30/2022, 13:21:52",-1.02070663840454,"25","Female","right",1,0,0,0,TRUE,"E_M_Michael_McIntyr.png E_M_Simon_Pegg.png"
3619,"E_F_Dawn_Roma_French.png","P_F_Theresa_May.png","FALSE","pictures/stimuli/E","pictures/stimuli/P","F","F","6","604fa685e33606f9a0ee8189","06/30/2022, 13:21:52",1.26087290626443,"25","Female","right",1,1,0,0,FALSE,"E_F_Dawn_Roma_French.png P_F_Theresa_May.png"
6307,"E_M_Russell_Howard.png","P_M_Sajid_Javid.png","FALSE","pictures/stimuli/E","pictures/stimuli/P","M","M","6","604fa685e33606f9a0ee8189","06/30/2022, 13:21:52",1.26087290626443,"25","Female","right",1,1,0,0,FALSE,"E_M_Russell_Howard.png P_M_Sajid_Javid.png"
5877,"P_M_Michael_Gove.png","P_M_Tony_Blair.png","TRUE","pictures/stimuli/P","pictures/stimuli/P","M","M","2","604fa685e33606f9a0ee8189","06/30/2022, 13:21:52",-1.78123315329419,"25","Female","right",1,1,0,0,FALSE,"P_M_Michael_Gove.png P_M_Tony_Blair.png"
6419,"P_M_Gordon_Brown.png","P_M_Sajid_Javid.png","TRUE","pictures/stimuli/P","pictures/stimuli/P","M","M","4","604fa685e33606f9a0ee8189","06/30/2022, 13:21:52",-0.260180123514882,"25","Female","right",1,1,0,0,FALSE,"P_M_Gordon_Brown.png P_M_Sajid_Javid.png"
8485,"E_M_Simon_Pegg.png","P_M_Michael_Gove.png","FALSE","pictures/stimuli/E","pictures/stimuli/P","M","M","5","604fa685e33606f9a0ee8189","06/30/2022, 13:21:52",0.500346391374773,"25","Female","right",0,1,0,0,TRUE,"E_M_Simon_Pegg.png P_M_Michael_Gove.png"
1860,"E_F_Sarah_Millican.png","P_F_Theresa_May.png","FALSE","pictures/stimuli/E","pictures/stimuli/P","F","F","5","604fa685e33606f9a0ee8189","06/30/2022, 13:21:52",0.500346391374773,"25","Female","right",0,1,0,0,TRUE,"E_F_Sarah_Millican.png P_F_Theresa_May.png"
2432,"E_M_Ewan_McGregor.png","P_M_keir_starmer.png","FALSE","pictures/stimuli/E","pictures/stimuli/P","M","M","6","604fa685e33606f9a0ee8189","06/30/2022, 13:21:52",1.26087290626443,"25","Female","right",0,1,0,0,TRUE,"E_M_Ewan_McGregor.png P_M_keir_starmer.png"
3523,"P_M_keir_starmer.png","P_M_nigel_farage.png","TRUE","pictures/stimuli/P","pictures/stimuli/P","M","M","3","604fa685e33606f9a0ee8189","06/30/2022, 13:21:52",-1.02070663840454,"25","Female","right",1,1,0,0,FALSE,"P_M_keir_starmer.png P_M_nigel_farage.png"
1508,"E_F_Jennifer_Saunders.png","E_F_Sarah_Millican.png","TRUE","pictures/stimuli/E","pictures/stimuli/E","F","F","4","604fa685e33606f9a0ee8189","06/30/2022, 13:21:52",-0.260180123514882,"25","Female","right",0,0,0,0,TRUE,"E_F_Jennifer_Saunders.png E_F_Sarah_Millican.png"
3872,"P_M_jeremy_corbyn.png","P_M_Michael_Gove.png","TRUE","pictures/stimuli/P","pictures/stimuli/P","M","M","2","604fa685e33606f9a0ee8189","06/30/2022, 13:21:52",-1.78123315329419,"25","Female","right",1,1,0,0,FALSE,"P_M_jeremy_corbyn.png P_M_Michael_Gove.png"
5378,"E_M_Michael_McIntyr.png","E_M_Russell_Howard.png","TRUE","pictures/stimuli/E","pictures/stimuli/E","M","M","1","604fa685e33606f9a0ee8189","06/30/2022, 13:21:52",-2.54175966818385,"25","Female","right",1,1,0,0,FALSE,"E_M_Michael_McIntyr.png E_M_Russell_Howard.png"
2416,"E_M_Ewan_McGregor.png","E_M_Russell_Howard.png","TRUE","pictures/stimuli/E","pictures/stimuli/E","M","M","5","604fa685e33606f9a0ee8189","06/30/2022, 13:21:52",0.500346391374773,"25","Female","right",0,1,0,0,TRUE,"E_M_Ewan_McGregor.png E_M_Russell_Howard.png"
1781,"E_F_Julie_Walters.png","E_M_Peter_Kay.png","TRUE","pictures/stimuli/E","pictures/stimuli/E","F","M","4","604fa685e33606f9a0ee8189","06/30/2022, 13:21:52",-0.260180123514882,"25","Female","right",0,1,0,0,TRUE,"E_F_Julie_Walters.png E_M_Peter_Kay.png"
25830,"E_F_Sarah_Millican.png","P_M_Gordon_Brown.png","FALSE","pictures/stimuli/E","pictures/stimuli/P","F","M","5","604fa685e33606f9a0ee8189","06/30/2022, 13:21:52",0.500346391374773,"25","Female","right",0,1,0,0,TRUE,"E_F_Sarah_Millican.png P_M_Gordon_Brown.png"
2394,"P_F_Theresa_May.png","P_M_Tony_Blair.png","TRUE","pictures/stimuli/P","pictures/stimuli/P","F","M","2","604fa685e33606f9a0ee8189","06/30/2022, 13:21:52",-1.78123315329419,"25","Female","right",1,1,0,0,FALSE,"P_F_Theresa_May.png P_M_Tony_Blair.png"
1727,"E_F_Dawn_Roma_French.png","P_M_Gordon_Brown.png","FALSE","pictures/stimuli/E","pictures/stimuli/P","F","M","3","604fa685e33606f9a0ee8189","06/30/2022, 13:21:52",-1.02070663840454,"25","Female","right",1,1,0,0,FALSE,"E_F_Dawn_Roma_French.png P_M_Gordon_Brown.png"
2215,"E_M_Jimmy_Carr.png","E_M_Peter_Kay.png","TRUE","pictures/stimuli/E","pictures/stimuli/E","M","M","1","604fa685e33606f9a0ee8189","06/30/2022, 13:21:52",-2.54175966818385,"25","Female","right",1,1,0,0,FALSE,"E_M_Jimmy_Carr.png E_M_Peter_Kay.png"
1718,"E_M_Simon_Pegg.png","P_M_Gordon_Brown.png","FALSE","pictures/stimuli/E","pictures/stimuli/P","M","M","3","604fa685e33606f9a0ee8189","06/30/2022, 13:21:52",-1.02070663840454,"25","Female","right",0,1,0,0,TRUE,"E_M_Simon_Pegg.png P_M_Gordon_Brown.png"
2760,"E_M_Russell_Howard.png","P_M_keir_starmer.png","FALSE","pictures/stimuli/E","pictures/stimuli/P","M","M","6","604fa685e33606f9a0ee8189","06/30/2022, 13:21:52",1.26087290626443,"25","Female","right",1,1,0,0,FALSE,"E_M_Russell_Howard.png P_M_keir_starmer.png"
2445,"P_M_jeremy_corbyn.png","P_M_Tony_Blair.png","TRUE","pictures/stimuli/P","pictures/stimuli/P","M","M","2","604fa685e33606f9a0ee8189","06/30/2022, 13:21:52",-1.78123315329419,"25","Female","right",1,1,0,0,FALSE,"P_M_jeremy_corbyn.png P_M_Tony_Blair.png"
1681,"E_F_Dawn_Roma_French.png","E_F_Sarah_Millican.png","TRUE","pictures/stimuli/E","pictures/stimuli/E","F","F","4","604fa685e33606f9a0ee8189","06/30/2022, 13:21:52",-0.260180123514882,"25","Female","right",1,0,0,0,TRUE,"E_F_Dawn_Roma_French.png E_F_Sarah_Millican.png"
4385,"P_M_jeremy_corbyn.png","P_M_keir_starmer.png","TRUE","pictures/stimuli/P","pictures/stimuli/P","M","M","1","604fa685e33606f9a0ee8189","06/30/2022, 13:21:52",-2.54175966818385,"25","Female","right",1,1,0,0,FALSE,"P_M_jeremy_corbyn.png P_M_keir_starmer.png"
4134,"P_F_Theresa_May.png","P_M_Sajid_Javid.png","TRUE","pictures/stimuli/P","pictures/stimuli/P","F","M","4","604fa685e33606f9a0ee8189","06/30/2022, 13:21:52",-0.260180123514882,"25","Female","right",1,1,0,0,FALSE,"P_F_Theresa_May.png P_M_Sajid_Javid.png"
1649,"E_F_Julie_Walters.png","P_M_Gordon_Brown.png","FALSE","pictures/stimuli/E","pictures/stimuli/P","F","M","3","604fa685e33606f9a0ee8189","06/30/2022, 13:21:52",-1.02070663840454,"25","Female","right",0,1,0,0,TRUE,"E_F_Julie_Walters.png P_M_Gordon_Brown.png"
15979,"E_F_Jennifer_Saunders.png","P_M_nigel_farage.png","FALSE","pictures/stimuli/E","pictures/stimuli/P","F","M","5","604fa685e33606f9a0ee8189","06/30/2022, 13:21:52",0.500346391374773,"25","Female","right",0,1,0,0,TRUE,"E_F_Jennifer_Saunders.png P_M_nigel_farage.png"
2841,"E_F_Dawn_Roma_French.png","E_F_Julie_Walters.png","TRUE","pictures/stimuli/E","pictures/stimuli/E","F","F","3","604fa685e33606f9a0ee8189","06/30/2022, 13:21:52",-1.02070663840454,"25","Female","right",1,0,0,0,TRUE,"E_F_Dawn_Roma_French.png E_F_Julie_Walters.png"
16244,"E_F_Julie_Walters.png","E_M_Russell_Howard.png","TRUE","pictures/stimuli/E","pictures/stimuli/E","F","M","5","604fa685e33606f9a0ee8189","06/30/2022, 13:21:52",0.500346391374773,"25","Female","right",0,1,0,0,TRUE,"E_F_Julie_Walters.png E_M_Russell_Howard.png"
2094,"E_F_Jennifer_Saunders.png","P_M_Gordon_Brown.png","FALSE","pictures/stimuli/E","pictures/stimuli/P","F","M","3","604fa685e33606f9a0ee8189","06/30/2022, 13:21:52",-1.02070663840454,"25","Female","right",0,1,0,0,TRUE,"E_F_Jennifer_Saunders.png P_M_Gordon_Brown.png"
915,"E_F_Dawn_Roma_French.png","E_M_Ewan_McGregor.png","TRUE","pictures/stimuli/E","pictures/stimuli/E","F","M","4","604fa685e33606f9a0ee8189","06/30/2022, 13:21:52",-0.260180123514882,"25","Female","right",1,0,0,0,TRUE,"E_F_Dawn_Roma_French.png E_M_Ewan_McGregor.png"
2489,"E_F_Sarah_Millican.png","P_F_nicola_sturge.png","FALSE","pictures/stimuli/E","pictures/stimuli/P","F","F","2","604fa685e33606f9a0ee8189","06/30/2022, 13:21:52",-1.78123315329419,"25","Female","right",0,1,0,0,TRUE,"E_F_Sarah_Millican.png P_F_nicola_sturge.png"
2585,"E_M_Peter_Kay.png","P_M_keir_starmer.png","FALSE","pictures/stimuli/E","pictures/stimuli/P","M","M","6","604fa685e33606f9a0ee8189","06/30/2022, 13:21:52",1.26087290626443,"25","Female","right",1,1,0,0,FALSE,"E_M_Peter_Kay.png P_M_keir_starmer.png"
25112,"E_F_Dawn_Roma_French.png","P_F_nicola_sturge.png","FALSE","pictures/stimuli/E","pictures/stimuli/P","F","F","3","604fa685e33606f9a0ee8189","06/30/2022, 13:21:52",-1.02070663840454,"25","Female","right",1,1,0,0,FALSE,"E_F_Dawn_Roma_French.png P_F_nicola_sturge.png"
29763,"E_M_Peter_Kay.png","P_M_Michael_Gove.png","FALSE","pictures/stimuli/E","pictures/stimuli/P","M","M","5","604fa685e33606f9a0ee8189","06/30/2022, 13:21:52",0.500346391374773,"25","Female","right",1,1,0,0,FALSE,"E_M_Peter_Kay.png P_M_Michael_Gove.png"
2117,"P_M_david_camer.png","P_M_keir_starmer.png","TRUE","pictures/stimuli/P","pictures/stimuli/P","M","M","3","604fa685e33606f9a0ee8189","06/30/2022, 13:21:52",-1.02070663840454,"25","Female","right",1,1,0,0,FALSE,"P_M_david_camer.png P_M_keir_starmer.png"
3433,"E_M_Jimmy_Carr.png","P_M_Tony_Blair.png","FALSE","pictures/stimuli/E","pictures/stimuli/P","M","M","5","604fa685e33606f9a0ee8189","06/30/2022, 13:21:52",0.500346391374773,"25","Female","right",1,1,0,0,FALSE,"E_M_Jimmy_Carr.png P_M_Tony_Blair.png"
1584,"E_M_Michael_McIntyr.png","P_M_Gordon_Brown.png","FALSE","pictures/stimuli/E","pictures/stimuli/P","M","M","5","604fa685e33606f9a0ee8189","06/30/2022, 13:21:52",0.500346391374773,"25","Female","right",1,1,0,0,FALSE,"E_M_Michael_McIntyr.png P_M_Gordon_Brown.png"
1872,"E_F_Sarah_Millican.png","P_M_nigel_farage.png","FALSE","pictures/stimuli/E","pictures/stimuli/P","F","M","4","604fa685e33606f9a0ee8189","06/30/2022, 13:21:52",-0.260180123514882,"25","Female","right",0,1,0,0,TRUE,"E_F_Sarah_Millican.png P_M_nigel_farage.png"
2842,"E_F_Jennifer_Saunders.png","E_M_Jimmy_Carr.png","TRUE","pictures/stimuli/E","pictures/stimuli/E","F","M","5","604fa685e33606f9a0ee8189","06/30/2022, 13:21:52",0.500346391374773,"25","Female","right",0,1,0,0,TRUE,"E_F_Jennifer_Saunders.png E_M_Jimmy_Carr.png"
2254,"E_M_Simon_Pegg.png","P_F_nicola_sturge.png","FALSE","pictures/stimuli/E","pictures/stimuli/P","M","F","5","604fa685e33606f9a0ee8189","06/30/2022, 13:21:52",0.500346391374773,"25","Female","right",0,1,0,0,TRUE,"E_M_Simon_Pegg.png P_F_nicola_sturge.png"
2858,"E_F_Dawn_Roma_French.png","P_M_keir_starmer.png","FALSE","pictures/stimuli/E","pictures/stimuli/P","F","M","6","604fa685e33606f9a0ee8189","06/30/2022, 13:21:52",1.26087290626443,"25","Female","right",1,1,0,0,FALSE,"E_F_Dawn_Roma_French.png P_M_keir_starmer.png"
3126,"E_M_Ewan_McGregor.png","P_M_nigel_farage.png","FALSE","pictures/stimuli/E","pictures/stimuli/P","M","M","5","604fa685e33606f9a0ee8189","06/30/2022, 13:21:52",0.500346391374773,"25","Female","right",0,1,0,0,TRUE,"E_M_Ewan_McGregor.png P_M_nigel_farage.png"
15787,"E_F_Sarah_Millican.png","E_M_Peter_Kay.png","TRUE","pictures/stimuli/E","pictures/stimuli/E","F","M","5","604fa685e33606f9a0ee8189","06/30/2022, 13:21:52",0.500346391374773,"25","Female","right",0,1,0,0,TRUE,"E_F_Sarah_Millican.png E_M_Peter_Kay.png"
23406,"E_M_Michael_McIntyr.png","P_M_Sajid_Javid.png","FALSE","pictures/stimuli/E","pictures/stimuli/P","M","M","6","604fa685e33606f9a0ee8189","06/30/2022, 13:21:52",1.26087290626443,"25","Female","right",1,1,0,0,FALSE,"E_M_Michael_McIntyr.png P_M_Sajid_Javid.png"
1906,"E_F_Dawn_Roma_French.png","P_M_jeremy_corbyn.png","FALSE","pictures/stimuli/E","pictures/stimuli/P","F","M","5","604fa685e33606f9a0ee8189","06/30/2022, 13:21:52",0.500346391374773,"25","Female","right",1,1,0,0,FALSE,"E_F_Dawn_Roma_French.png P_M_jeremy_corbyn.png"
1650,"E_F_Julie_Walters.png","P_M_Tony_Blair.png","FALSE","pictures/stimuli/E","pictures/stimuli/P","F","M","3","604fa685e33606f9a0ee8189","06/30/2022, 13:21:52",-1.02070663840454,"25","Female","right",0,1,0,0,TRUE,"E_F_Julie_Walters.png P_M_Tony_Blair.png"
1407,"E_F_Jennifer_Saunders.png","E_F_Julie_Walters.png","TRUE","pictures/stimuli/E","pictures/stimuli/E","F","F","4","604fa685e33606f9a0ee8189","06/30/2022, 13:21:52",-0.260180123514882,"25","Female","right",0,0,0,0,TRUE,"E_F_Jennifer_Saunders.png E_F_Julie_Walters.png"
1900,"E_F_Sarah_Millican.png","P_M_Tony_Blair.png","FALSE","pictures/stimuli/E","pictures/stimuli/P","F","M","5","604fa685e33606f9a0ee8189","06/30/2022, 13:21:52",0.500346391374773,"25","Female","right",0,1,0,0,TRUE,"E_F_Sarah_Millican.png P_M_Tony_Blair.png"
2150,"E_M_Ewan_McGregor.png","P_M_jeremy_corbyn.png","FALSE","pictures/stimuli/E","pictures/stimuli/P","M","M","5","604fa685e33606f9a0ee8189","06/30/2022, 13:21:52",0.500346391374773,"25","Female","right",0,1,0,0,TRUE,"E_M_Ewan_McGregor.png P_M_jeremy_corbyn.png"
2247,"E_F_Dawn_Roma_French.png","E_M_Simon_Pegg.png","TRUE","pictures/stimuli/E","pictures/stimuli/E","F","M","4","604fa685e33606f9a0ee8189","06/30/2022, 13:21:52",-0.260180123514882,"25","Female","right",1,0,0,0,TRUE,"E_F_Dawn_Roma_French.png E_M_Simon_Pegg.png"
2722,"E_F_Sarah_Millican.png","P_M_keir_starmer.png","FALSE","pictures/stimuli/E","pictures/stimuli/P","F","M","4","604fa685e33606f9a0ee8189","06/30/2022, 13:21:52",-0.260180123514882,"25","Female","right",0,1,0,0,TRUE,"E_F_Sarah_Millican.png P_M_keir_starmer.png"
2407,"E_M_Michael_McIntyr.png","P_M_david_camer.png","FALSE","pictures/stimuli/E","pictures/stimuli/P","M","M","6","604fa685e33606f9a0ee8189","06/30/2022, 13:21:52",1.26087290626443,"25","Female","right",1,1,0,0,FALSE,"E_M_Michael_McIntyr.png P_M_david_camer.png"
2299,"E_M_Jimmy_Carr.png","P_F_nicola_sturge.png","FALSE","pictures/stimuli/E","pictures/stimuli/P","M","F","6","604fa685e33606f9a0ee8189","06/30/2022, 13:21:52",1.26087290626443,"25","Female","right",1,1,0,0,FALSE,"E_M_Jimmy_Carr.png P_F_nicola_sturge.png"
1437,"P_M_Gordon_Brown.png","P_M_Michael_Gove.png","TRUE","pictures/stimuli/P","pictures/stimuli/P","M","M","4","604fa685e33606f9a0ee8189","06/30/2022, 13:21:52",-0.260180123514882,"25","Female","right",1,1,0,0,FALSE,"P_M_Gordon_Brown.png P_M_Michael_Gove.png"
6126,"E_M_Peter_Kay.png","P_M_Tony_Blair.png","FALSE","pictures/stimuli/E","pictures/stimuli/P","M","M","5","604fa685e33606f9a0ee8189","06/30/2022, 13:21:52",0.500346391374773,"25","Female","right",1,1,0,0,FALSE,"E_M_Peter_Kay.png P_M_Tony_Blair.png"
65422,"E_M_Ewan_McGregor.png","E_M_Simon_Pegg.png","TRUE","pictures/stimuli/E","pictures/stimuli/E","M","M","5","604fa685e33606f9a0ee8189","06/30/2022, 13:21:52",0.500346391374773,"25","Female","right",0,0,0,0,TRUE,"E_M_Ewan_McGregor.png E_M_Simon_Pegg.png"
1798,"P_F_nicola_sturge.png","P_F_Theresa_May.png","TRUE","pictures/stimuli/P","pictures/stimuli/P","F","F","3","604fa685e33606f9a0ee8189","06/30/2022, 13:21:52",-1.02070663840454,"25","Female","right",1,1,0,0,FALSE,"P_F_nicola_sturge.png P_F_Theresa_May.png"
3435,"E_M_Michael_McIntyr.png","P_M_jeremy_corbyn.png","FALSE","pictures/stimuli/E","pictures/stimuli/P","M","M","6","604fa685e33606f9a0ee8189","06/30/2022, 13:21:52",1.26087290626443,"25","Female","right",1,1,0,0,FALSE,"E_M_Michael_McIntyr.png P_M_jeremy_corbyn.png"
1906,"P_F_nicola_sturge.png","P_M_Sajid_Javid.png","TRUE","pictures/stimuli/P","pictures/stimuli/P","F","M","5","604fa685e33606f9a0ee8189","06/30/2022, 13:21:52",0.500346391374773,"25","Female","right",1,1,0,0,FALSE,"P_F_nicola_sturge.png P_M_Sajid_Javid.png"
1579,"P_M_Michael_Gove.png","P_M_Sajid_Javid.png","TRUE","pictures/stimuli/P","pictures/stimuli/P","M","M","4","604fa685e33606f9a0ee8189","06/30/2022, 13:21:52",-0.260180123514882,"25","Female","right",1,1,0,0,FALSE,"P_M_Michael_Gove.png P_M_Sajid_Javid.png"
2577,"E_M_Simon_Pegg.png","P_M_david_camer.png","FALSE","pictures/stimuli/E","pictures/stimuli/P","M","M","4","604fa685e33606f9a0ee8189","06/30/2022, 13:21:52",-0.260180123514882,"25","Female","right",0,1,0,0,TRUE,"E_M_Simon_Pegg.png P_M_david_camer.png"
10372,"P_M_keir_starmer.png","P_M_Tony_Blair.png","TRUE","pictures/stimuli/P","pictures/stimuli/P","M","M","4","604fa685e33606f9a0ee8189","06/30/2022, 13:21:52",-0.260180123514882,"25","Female","right",1,1,0,0,FALSE,"P_M_keir_starmer.png P_M_Tony_Blair.png"
19828,"E_F_Julie_Walters.png","P_M_Michael_Gove.png","FALSE","pictures/stimuli/E","pictures/stimuli/P","F","M","4","604fa685e33606f9a0ee8189","06/30/2022, 13:21:52",-0.260180123514882,"25","Female","right",0,1,0,0,TRUE,"E_F_Julie_Walters.png P_M_Michael_Gove.png"
7515,"E_M_Russell_Howard.png","P_M_Tony_Blair.png","FALSE","pictures/stimuli/E","pictures/stimuli/P","M","M","5","604fa685e33606f9a0ee8189","06/30/2022, 13:21:52",0.500346391374773,"25","Female","right",1,1,0,0,FALSE,"E_M_Russell_Howard.png P_M_Tony_Blair.png"
1815,"E_F_Jennifer_Saunders.png","E_M_Michael_McIntyr.png","TRUE","pictures/stimuli/E","pictures/stimuli/E","F","M","4","604fa685e33606f9a0ee8189","06/30/2022, 13:21:52",-0.260180123514882,"25","Female","right",0,1,0,0,TRUE,"E_F_Jennifer_Saunders.png E_M_Michael_McIntyr.png"
8230,"P_M_Michael_Gove.png","P_M_nigel_farage.png","TRUE","pictures/stimuli/P","pictures/stimuli/P","M","M","5","604fa685e33606f9a0ee8189","06/30/2022, 13:21:52",0.500346391374773,"25","Female","right",1,1,0,0,FALSE,"P_M_Michael_Gove.png P_M_nigel_farage.png"
2335,"E_M_Russell_Howard.png","P_M_david_camer.png","FALSE","pictures/stimuli/E","pictures/stimuli/P","M","M","6","604fa685e33606f9a0ee8189","06/30/2022, 13:21:52",1.26087290626443,"25","Female","right",1,1,0,0,FALSE,"E_M_Russell_Howard.png P_M_david_camer.png"
954,"E_M_Michael_McIntyr.png","P_M_nigel_farage.png","FALSE","pictures/stimuli/E","pictures/stimuli/P","M","M","4","604fa685e33606f9a0ee8189","06/30/2022, 13:21:52",-0.260180123514882,"25","Female","right",1,1,0,0,FALSE,"E_M_Michael_McIntyr.png P_M_nigel_farage.png"
2987,"E_F_Julie_Walters.png","P_M_nigel_farage.png","FALSE","pictures/stimuli/E","pictures/stimuli/P","F","M","4","604fa685e33606f9a0ee8189","06/30/2022, 13:21:52",-0.260180123514882,"25","Female","right",0,1,0,0,TRUE,"E_F_Julie_Walters.png P_M_nigel_farage.png"
1228,"E_F_Sarah_Millican.png","E_M_Simon_Pegg.png","TRUE","pictures/stimuli/E","pictures/stimuli/E","F","M","5","604fa685e33606f9a0ee8189","06/30/2022, 13:21:52",0.500346391374773,"25","Female","right",0,0,0,0,TRUE,"E_F_Sarah_Millican.png E_M_Simon_Pegg.png"
1750,"E_M_Jimmy_Carr.png","P_M_Gordon_Brown.png","FALSE","pictures/stimuli/E","pictures/stimuli/P","M","M","6","604fa685e33606f9a0ee8189","06/30/2022, 13:21:52",1.26087290626443,"25","Female","right",1,1,0,0,FALSE,"E_M_Jimmy_Carr.png P_M_Gordon_Brown.png"
1993,"E_M_Peter_Kay.png","P_F_Theresa_May.png","FALSE","pictures/stimuli/E","pictures/stimuli/P","M","F","6","604fa685e33606f9a0ee8189","06/30/2022, 13:21:52",1.26087290626443,"25","Female","right",1,1,0,0,FALSE,"E_M_Peter_Kay.png P_F_Theresa_May.png"
7718,"E_F_Julie_Walters.png","P_F_Theresa_May.png","FALSE","pictures/stimuli/E","pictures/stimuli/P","F","F","4","604fa685e33606f9a0ee8189","06/30/2022, 13:21:52",-0.260180123514882,"25","Female","right",0,1,0,0,TRUE,"E_F_Julie_Walters.png P_F_Theresa_May.png"
1803,"E_M_Jimmy_Carr.png","P_M_Sajid_Javid.png","FALSE","pictures/stimuli/E","pictures/stimuli/P","M","M","6","604fa685e33606f9a0ee8189","06/30/2022, 13:21:52",1.26087290626443,"25","Female","right",1,1,0,0,FALSE,"E_M_Jimmy_Carr.png P_M_Sajid_Javid.png"
3709,"P_F_nicola_sturge.png","P_M_david_camer.png","TRUE","pictures/stimuli/P","pictures/stimuli/P","F","M","6","604fa685e33606f9a0ee8189","06/30/2022, 13:21:52",1.26087290626443,"25","Female","right",1,1,0,0,FALSE,"P_F_nicola_sturge.png P_M_david_camer.png"
5520,"P_M_Sajid_Javid.png","P_M_Tony_Blair.png","TRUE","pictures/stimuli/P","pictures/stimuli/P","M","M","5","604fa685e33606f9a0ee8189","06/30/2022, 13:21:52",0.500346391374773,"25","Female","right",1,1,0,0,FALSE,"P_M_Sajid_Javid.png P_M_Tony_Blair.png"
8592,"E_M_Jimmy_Carr.png","E_M_Russell_Howard.png","TRUE","pictures/stimuli/E","pictures/stimuli/E","M","M","5","604fa685e33606f9a0ee8189","06/30/2022, 13:21:52",0.500346391374773,"25","Female","right",1,1,0,0,FALSE,"E_M_Jimmy_Carr.png E_M_Russell_Howard.png"
9310,"E_M_Michael_McIntyr.png","P_F_Theresa_May.png","FALSE","pictures/stimuli/E","pictures/stimuli/P","M","F","6","604fa685e33606f9a0ee8189","06/30/2022, 13:21:52",1.26087290626443,"25","Female","right",1,1,0,0,FALSE,"E_M_Michael_McIntyr.png P_F_Theresa_May.png"
2086,"E_F_Julie_Walters.png","E_M_Simon_Pegg.png","TRUE","pictures/stimuli/E","pictures/stimuli/E","F","M","4","604fa685e33606f9a0ee8189","06/30/2022, 13:21:52",-0.260180123514882,"25","Female","right",0,0,0,0,TRUE,"E_F_Julie_Walters.png E_M_Simon_Pegg.png"
1702,"P_F_Theresa_May.png","P_M_keir_starmer.png","TRUE","pictures/stimuli/P","pictures/stimuli/P","F","M","6","604fa685e33606f9a0ee8189","06/30/2022, 13:21:52",1.26087290626443,"25","Female","right",1,1,0,0,FALSE,"P_F_Theresa_May.png P_M_keir_starmer.png"
1934,"E_F_Jennifer_Saunders.png","P_M_jeremy_corbyn.png","FALSE","pictures/stimuli/E","pictures/stimuli/P","F","M","4","604fa685e33606f9a0ee8189","06/30/2022, 13:21:52",-0.260180123514882,"25","Female","right",0,1,0,0,TRUE,"E_F_Jennifer_Saunders.png P_M_jeremy_corbyn.png"
3270,"E_M_Russell_Howard.png","P_M_Michael_Gove.png","FALSE","pictures/stimuli/E","pictures/stimuli/P","M","M","6","604fa685e33606f9a0ee8189","06/30/2022, 13:21:52",1.26087290626443,"25","Female","right",1,1,0,0,FALSE,"E_M_Russell_Howard.png P_M_Michael_Gove.png"
21148,"P_F_nicola_sturge.png","P_M_keir_starmer.png","TRUE","pictures/stimuli/P","pictures/stimuli/P","F","M","5","604fa685e33606f9a0ee8189","06/30/2022, 13:21:52",0.500346391374773,"25","Female","right",1,1,0,0,FALSE,"P_F_nicola_sturge.png P_M_keir_starmer.png"
6807,"E_M_Ewan_McGregor.png","P_M_Gordon_Brown.png","FALSE","pictures/stimuli/E","pictures/stimuli/P","M","M","5","604fa685e33606f9a0ee8189","06/30/2022, 13:21:52",0.500346391374773,"25","Female","right",0,1,0,0,TRUE,"E_M_Ewan_McGregor.png P_M_Gordon_Brown.png"
32374,"E_M_Simon_Pegg.png","P_M_Tony_Blair.png","FALSE","pictures/stimuli/E","pictures/stimuli/P","M","M","5","604fa685e33606f9a0ee8189","06/30/2022, 13:21:52",0.500346391374773,"25","Female","right",0,1,0,0,TRUE,"E_M_Simon_Pegg.png P_M_Tony_Blair.png"
22124,"E_M_Ewan_McGregor.png","E_M_Michael_McIntyr.png","TRUE","pictures/stimuli/E","pictures/stimuli/E","M","M","5","604fa685e33606f9a0ee8189","06/30/2022, 13:21:52",0.500346391374773,"25","Female","right",0,1,0,0,TRUE,"E_M_Ewan_McGregor.png E_M_Michael_McIntyr.png"
1480,"E_M_Simon_Pegg.png","P_M_jeremy_corbyn.png","FALSE","pictures/stimuli/E","pictures/stimuli/P","M","M","6","604fa685e33606f9a0ee8189","06/30/2022, 13:21:52",1.26087290626443,"25","Female","right",0,1,0,0,TRUE,"E_M_Simon_Pegg.png P_M_jeremy_corbyn.png"
2794,"P_M_nigel_farage.png","P_M_Tony_Blair.png","TRUE","pictures/stimuli/P","pictures/stimuli/P","M","M","4","604fa685e33606f9a0ee8189","06/30/2022, 13:21:52",-0.260180123514882,"25","Female","right",1,1,0,0,FALSE,"P_M_nigel_farage.png P_M_Tony_Blair.png"
2263,"P_F_nicola_sturge.png","P_M_jeremy_corbyn.png","TRUE","pictures/stimuli/P","pictures/stimuli/P","F","M","5","604fa685e33606f9a0ee8189","06/30/2022, 13:21:52",0.500346391374773,"25","Female","right",1,1,0,0,FALSE,"P_F_nicola_sturge.png P_M_jeremy_corbyn.png"
2279,"E_F_Dawn_Roma_French.png","P_M_Tony_Blair.png","FALSE","pictures/stimuli/E","pictures/stimuli/P","F","M","6","604fa685e33606f9a0ee8189","06/30/2022, 13:21:52",1.26087290626443,"25","Female","right",1,1,0,0,FALSE,"E_F_Dawn_Roma_French.png P_M_Tony_Blair.png"
2139,"E_M_Michael_McIntyr.png","P_M_Michael_Gove.png","FALSE","pictures/stimuli/E","pictures/stimuli/P","M","M","5","604fa685e33606f9a0ee8189","06/30/2022, 13:21:52",0.500346391374773,"25","Female","right",1,1,0,0,FALSE,"E_M_Michael_McIntyr.png P_M_Michael_Gove.png"
2235,"E_M_Jimmy_Carr.png","P_M_keir_starmer.png","FALSE","pictures/stimuli/E","pictures/stimuli/P","M","M","6","604fa685e33606f9a0ee8189","06/30/2022, 13:21:52",1.26087290626443,"25","Female","right",1,1,0,0,FALSE,"E_M_Jimmy_Carr.png P_M_keir_starmer.png"
6276,"P_F_nicola_sturge.png","P_M_Tony_Blair.png","TRUE","pictures/stimuli/P","pictures/stimuli/P","F","M","5","604fa685e33606f9a0ee8189","06/30/2022, 13:21:52",0.500346391374773,"25","Female","right",1,1,0,0,FALSE,"P_F_nicola_sturge.png P_M_Tony_Blair.png"
1976,"P_M_david_camer.png","P_M_nigel_farage.png","TRUE","pictures/stimuli/P","pictures/stimuli/P","M","M","4","604fa685e33606f9a0ee8189","06/30/2022, 13:21:52",-0.260180123514882,"25","Female","right",1,1,0,0,FALSE,"P_M_david_camer.png P_M_nigel_farage.png"
29006,"E_F_Jennifer_Saunders.png","P_M_Tony_Blair.png","FALSE","pictures/stimuli/E","pictures/stimuli/P","F","M","5","604fa685e33606f9a0ee8189","06/30/2022, 13:21:52",0.500346391374773,"25","Female","right",0,1,0,0,TRUE,"E_F_Jennifer_Saunders.png P_M_Tony_Blair.png"
5586,"E_M_Jimmy_Carr.png","P_M_david_camer.png","FALSE","pictures/stimuli/E","pictures/stimuli/P","M","M","6","604fa685e33606f9a0ee8189","06/30/2022, 13:21:52",1.26087290626443,"25","Female","right",1,1,0,0,FALSE,"E_M_Jimmy_Carr.png P_M_david_camer.png"
1821,"E_F_Julie_Walters.png","P_M_jeremy_corbyn.png","FALSE","pictures/stimuli/E","pictures/stimuli/P","F","M","4","604fa685e33606f9a0ee8189","06/30/2022, 13:21:52",-0.260180123514882,"25","Female","right",0,1,0,0,TRUE,"E_F_Julie_Walters.png P_M_jeremy_corbyn.png"
2297,"E_F_Dawn_Roma_French.png","P_M_david_camer.png","FALSE","pictures/stimuli/E","pictures/stimuli/P","F","M","5","604fa685e33606f9a0ee8189","06/30/2022, 13:21:52",0.500346391374773,"25","Female","right",1,1,0,0,FALSE,"E_F_Dawn_Roma_French.png P_M_david_camer.png"
3263,"E_M_Peter_Kay.png","P_M_jeremy_corbyn.png","FALSE","pictures/stimuli/E","pictures/stimuli/P","M","M","5","604fa685e33606f9a0ee8189","06/30/2022, 13:21:52",0.500346391374773,"25","Female","right",1,1,0,0,FALSE,"E_M_Peter_Kay.png P_M_jeremy_corbyn.png"
2711,"P_M_keir_starmer.png","P_M_Michael_Gove.png","TRUE","pictures/stimuli/P","pictures/stimuli/P","M","M","5","604fa685e33606f9a0ee8189","06/30/2022, 13:21:52",0.500346391374773,"25","Female","right",1,1,0,0,FALSE,"P_M_keir_starmer.png P_M_Michael_Gove.png"
2490,"E_M_Ewan_McGregor.png","P_M_Tony_Blair.png","FALSE","pictures/stimuli/E","pictures/stimuli/P","M","M","5","604fa685e33606f9a0ee8189","06/30/2022, 13:21:52",0.500346391374773,"25","Female","right",0,1,0,0,TRUE,"E_M_Ewan_McGregor.png P_M_Tony_Blair.png"
3271,"P_M_david_camer.png","P_M_Sajid_Javid.png","TRUE","pictures/stimuli/P","pictures/stimuli/P","M","M","4","604fa685e33606f9a0ee8189","06/30/2022, 13:21:52",-0.260180123514882,"25","Female","right",1,1,0,0,FALSE,"P_M_david_camer.png P_M_Sajid_Javid.png"
1878,"E_M_Russell_Howard.png","P_M_Gordon_Brown.png","FALSE","pictures/stimuli/E","pictures/stimuli/P","M","M","5","604fa685e33606f9a0ee8189","06/30/2022, 13:21:52",0.500346391374773,"25","Female","right",1,1,0,0,FALSE,"E_M_Russell_Howard.png P_M_Gordon_Brown.png"
2508,"P_M_keir_starmer.png","P_M_Sajid_Javid.png","TRUE","pictures/stimuli/P","pictures/stimuli/P","M","M","5","604fa685e33606f9a0ee8189","06/30/2022, 13:21:52",0.500346391374773,"25","Female","right",1,1,0,0,FALSE,"P_M_keir_starmer.png P_M_Sajid_Javid.png"
1405,"P_M_nigel_farage.png","P_M_Sajid_Javid.png","TRUE","pictures/stimuli/P","pictures/stimuli/P","M","M","6","604fa685e33606f9a0ee8189","06/30/2022, 13:21:52",1.26087290626443,"25","Female","right",1,1,0,0,FALSE,"P_M_nigel_farage.png P_M_Sajid_Javid.png"
1892,"E_F_Dawn_Roma_French.png","E_F_Jennifer_Saunders.png","TRUE","pictures/stimuli/E","pictures/stimuli/E","F","F","4","604fa685e33606f9a0ee8189","06/30/2022, 13:21:52",-0.260180123514882,"25","Female","right",1,0,0,0,TRUE,"E_F_Dawn_Roma_French.png E_F_Jennifer_Saunders.png"
7020,"E_F_Sarah_Millican.png","E_M_Jimmy_Carr.png","TRUE","pictures/stimuli/E","pictures/stimuli/E","F","M","4","604fa685e33606f9a0ee8189","06/30/2022, 13:21:52",-0.260180123514882,"25","Female","right",0,1,0,0,TRUE,"E_F_Sarah_Millican.png E_M_Jimmy_Carr.png"
3105,"E_M_Russell_Howard.png","P_M_nigel_farage.png","FALSE","pictures/stimuli/E","pictures/stimuli/P","M","M","5","604fa685e33606f9a0ee8189","06/30/2022, 13:21:52",0.500346391374773,"25","Female","right",1,1,0,0,FALSE,"E_M_Russell_Howard.png P_M_nigel_farage.png"
2583,"P_F_nicola_sturge.png","P_M_Gordon_Brown.png","TRUE","pictures/stimuli/P","pictures/stimuli/P","F","M","3","604fa685e33606f9a0ee8189","06/30/2022, 13:21:52",-1.02070663840454,"25","Female","right",1,1,0,0,FALSE,"P_F_nicola_sturge.png P_M_Gordon_Brown.png"
3044,"E_M_Jimmy_Carr.png","P_M_nigel_farage.png","FALSE","pictures/stimuli/E","pictures/stimuli/P","M","M","5","604fa685e33606f9a0ee8189","06/30/2022, 13:21:52",0.500346391374773,"25","Female","right",1,1,0,0,FALSE,"E_M_Jimmy_Carr.png P_M_nigel_farage.png"
2392,"P_M_Gordon_Brown.png","P_M_Tony_Blair.png","TRUE","pictures/stimuli/P","pictures/stimuli/P","M","M","2","604fa685e33606f9a0ee8189","06/30/2022, 13:21:52",-1.78123315329419,"25","Female","right",1,1,0,0,FALSE,"P_M_Gordon_Brown.png P_M_Tony_Blair.png"
1382,"E_M_Peter_Kay.png","P_M_Sajid_Javid.png","FALSE","pictures/stimuli/E","pictures/stimuli/P","M","M","5","604fa685e33606f9a0ee8189","06/30/2022, 13:21:52",0.500346391374773,"25","Female","right",1,1,0,0,FALSE,"E_M_Peter_Kay.png P_M_Sajid_Javid.png"
1565,"E_F_Sarah_Millican.png","P_M_Michael_Gove.png","FALSE","pictures/stimuli/E","pictures/stimuli/P","F","M","4","604fa685e33606f9a0ee8189","06/30/2022, 13:21:52",-0.260180123514882,"25","Female","right",0,1,0,0,TRUE,"E_F_Sarah_Millican.png P_M_Michael_Gove.png"
1356,"E_F_Jennifer_Saunders.png","E_M_Ewan_McGregor.png","TRUE","pictures/stimuli/E","pictures/stimuli/E","F","M","5","604fa685e33606f9a0ee8189","06/30/2022, 13:21:52",0.500346391374773,"25","Female","right",0,0,0,0,TRUE,"E_F_Jennifer_Saunders.png E_M_Ewan_McGregor.png"
1903,"P_F_Theresa_May.png","P_M_Michael_Gove.png","TRUE","pictures/stimuli/P","pictures/stimuli/P","F","M","4","604fa685e33606f9a0ee8189","06/30/2022, 13:21:52",-0.260180123514882,"25","Female","right",1,1,0,0,FALSE,"P_F_Theresa_May.png P_M_Michael_Gove.png"
13621,"E_M_Jimmy_Carr.png","P_F_Theresa_May.png","FALSE","pictures/stimuli/E","pictures/stimuli/P","M","F","5","604fa685e33606f9a0ee8189","06/30/2022, 13:21:52",0.500346391374773,"25","Female","right",1,1,0,0,FALSE,"E_M_Jimmy_Carr.png P_F_Theresa_May.png"
1751,"E_M_Ewan_McGregor.png","P_M_Michael_Gove.png","FALSE","pictures/stimuli/E","pictures/stimuli/P","M","M","4","604fa685e33606f9a0ee8189","06/30/2022, 13:21:52",-0.260180123514882,"25","Female","right",0,1,0,0,TRUE,"E_M_Ewan_McGregor.png P_M_Michael_Gove.png"
2567,"E_M_Ewan_McGregor.png","E_M_Peter_Kay.png","TRUE","pictures/stimuli/E","pictures/stimuli/E","M","M","3","604fa685e33606f9a0ee8189","06/30/2022, 13:21:52",-1.02070663840454,"25","Female","right",0,1,0,0,TRUE,"E_M_Ewan_McGregor.png E_M_Peter_Kay.png"
2947,"E_F_Dawn_Roma_French.png","E_M_Michael_McIntyr.png","TRUE","pictures/stimuli/E","pictures/stimuli/E","F","M","2","604fa685e33606f9a0ee8189","06/30/2022, 13:21:52",-1.78123315329419,"25","Female","right",1,1,0,0,FALSE,"E_F_Dawn_Roma_French.png E_M_Michael_McIntyr.png"
2050,"E_F_Sarah_Millican.png","E_M_Russell_Howard.png","TRUE","pictures/stimuli/E","pictures/stimuli/E","F","M","4","604fa685e33606f9a0ee8189","06/30/2022, 13:21:52",-0.260180123514882,"25","Female","right",0,1,0,0,TRUE,"E_F_Sarah_Millican.png E_M_Russell_Howard.png"
2221,"E_F_Dawn_Roma_French.png","P_M_nigel_farage.png","FALSE","pictures/stimuli/E","pictures/stimuli/P","F","M","6","604fa685e33606f9a0ee8189","06/30/2022, 13:21:52",1.26087290626443,"25","Female","right",1,1,0,0,FALSE,"E_F_Dawn_Roma_French.png P_M_nigel_farage.png"
2198,"E_F_Jennifer_Saunders.png","E_M_Peter_Kay.png","TRUE","pictures/stimuli/E","pictures/stimuli/E","F","M","4","604fa685e33606f9a0ee8189","06/30/2022, 13:21:52",-0.260180123514882,"25","Female","right",0,1,0,0,TRUE,"E_F_Jennifer_Saunders.png E_M_Peter_Kay.png"
3567,"P_M_david_camer.png","P_M_Michael_Gove.png","TRUE","pictures/stimuli/P","pictures/stimuli/P","M","M","2","604fa685e33606f9a0ee8189","06/30/2022, 13:21:52",-1.78123315329419,"25","Female","right",1,1,0,0,FALSE,"P_M_david_camer.png P_M_Michael_Gove.png"
1393,"E_M_Jimmy_Carr.png","P_M_Michael_Gove.png","FALSE","pictures/stimuli/E","pictures/stimuli/P","M","M","4","604fa685e33606f9a0ee8189","06/30/2022, 13:21:52",-0.260180123514882,"25","Female","right",1,1,0,0,FALSE,"E_M_Jimmy_Carr.png P_M_Michael_Gove.png"
4558,"E_M_Simon_Pegg.png","P_F_Theresa_May.png","FALSE","pictures/stimuli/E","pictures/stimuli/P","M","F","3","604fa685e33606f9a0ee8189","06/30/2022, 13:21:52",-1.02070663840454,"25","Female","right",0,1,0,0,TRUE,"E_M_Simon_Pegg.png P_F_Theresa_May.png"
3027,"P_F_Theresa_May.png","P_M_jeremy_corbyn.png","TRUE","pictures/stimuli/P","pictures/stimuli/P","F","M","3","604fa685e33606f9a0ee8189","06/30/2022, 13:21:52",-1.02070663840454,"25","Female","right",1,1,0,0,FALSE,"P_F_Theresa_May.png P_M_jeremy_corbyn.png"
1588,"E_F_Sarah_Millican.png","E_M_Ewan_McGregor.png","TRUE","pictures/stimuli/E","pictures/stimuli/E","F","M","4","604fa685e33606f9a0ee8189","06/30/2022, 13:21:52",-0.260180123514882,"25","Female","right",0,0,0,0,TRUE,"E_F_Sarah_Millican.png E_M_Ewan_McGregor.png"
2411,"E_M_Michael_McIntyr.png","P_F_nicola_sturge.png","FALSE","pictures/stimuli/E","pictures/stimuli/P","M","F","6","604fa685e33606f9a0ee8189","06/30/2022, 13:21:52",1.26087290626443,"25","Female","right",1,1,0,0,FALSE,"E_M_Michael_McIntyr.png P_F_nicola_sturge.png"
4808,"E_M_Peter_Kay.png","P_M_Gordon_Brown.png","FALSE","pictures/stimuli/E","pictures/stimuli/P","M","M","5","604fa685e33606f9a0ee8189","06/30/2022, 13:21:52",0.500346391374773,"25","Female","right",1,1,0,0,FALSE,"E_M_Peter_Kay.png P_M_Gordon_Brown.png"
2494,"E_M_Michael_McIntyr.png","E_M_Peter_Kay.png","TRUE","pictures/stimuli/E","pictures/stimuli/E","M","M","1","604fa685e33606f9a0ee8189","06/30/2022, 13:21:52",-2.54175966818385,"25","Female","right",1,1,0,0,FALSE,"E_M_Michael_McIntyr.png E_M_Peter_Kay.png"
1543,"E_F_Jennifer_Saunders.png","E_M_Russell_Howard.png","TRUE","pictures/stimuli/E","pictures/stimuli/E","F","M","4","604fa685e33606f9a0ee8189","06/30/2022, 13:21:52",-0.260180123514882,"25","Female","right",0,1,0,0,TRUE,"E_F_Jennifer_Saunders.png E_M_Russell_Howard.png"
1634,"E_F_Julie_Walters.png","E_F_Sarah_Millican.png","TRUE","pictures/stimuli/E","pictures/stimuli/E","F","F","3","604fa685e33606f9a0ee8189","06/30/2022, 13:21:52",-1.02070663840454,"25","Female","right",0,0,0,0,TRUE,"E_F_Julie_Walters.png E_F_Sarah_Millican.png"
1762,"E_F_Julie_Walters.png","E_M_Jimmy_Carr.png","TRUE","pictures/stimuli/E","pictures/stimuli/E","F","M","4","604fa685e33606f9a0ee8189","06/30/2022, 13:21:52",-0.260180123514882,"25","Female","right",0,1,0,0,TRUE,"E_F_Julie_Walters.png E_M_Jimmy_Carr.png"
4045,"E_M_Russell_Howard.png","P_F_nicola_sturge.png","FALSE","pictures/stimuli/E","pictures/stimuli/P","M","F","3","604fa685e33606f9a0ee8189","06/30/2022, 13:21:52",-1.02070663840454,"25","Female","right",1,1,0,0,FALSE,"E_M_Russell_Howard.png P_F_nicola_sturge.png"
10126,"E_F_Sarah_Millican.png","P_M_david_camer.png","FALSE","pictures/stimuli/E","pictures/stimuli/P","F","M","5","604fa685e33606f9a0ee8189","06/30/2022, 13:21:52",0.500346391374773,"25","Female","right",0,1,0,0,TRUE,"E_F_Sarah_Millican.png P_M_david_camer.png"
6549,"E_M_Michael_McIntyr.png","P_M_keir_starmer.png","FALSE","pictures/stimuli/E","pictures/stimuli/P","M","M","6","604fa685e33606f9a0ee8189","06/30/2022, 13:21:52",1.26087290626443,"25","Female","right",1,1,0,0,FALSE,"E_M_Michael_McIntyr.png P_M_keir_starmer.png"
7086,"P_M_Gordon_Brown.png","P_M_keir_starmer.png","TRUE","pictures/stimuli/P","pictures/stimuli/P","M","M","2","604fa685e33606f9a0ee8189","06/30/2022, 13:21:52",-1.78123315329419,"25","Female","right",1,1,0,0,FALSE,"P_M_Gordon_Brown.png P_M_keir_starmer.png"
2103,"E_M_Peter_Kay.png","E_M_Simon_Pegg.png","TRUE","pictures/stimuli/E","pictures/stimuli/E","M","M","5","604fa685e33606f9a0ee8189","06/30/2022, 13:21:52",0.500346391374773,"25","Female","right",1,0,0,0,TRUE,"E_M_Peter_Kay.png E_M_Simon_Pegg.png"
1097,"P_M_Gordon_Brown.png","P_M_nigel_farage.png","TRUE","pictures/stimuli/P","pictures/stimuli/P","M","M","4","604fa685e33606f9a0ee8189","06/30/2022, 13:21:52",-0.260180123514882,"25","Female","right",1,1,0,0,FALSE,"P_M_Gordon_Brown.png P_M_nigel_farage.png"
1473,"P_M_Gordon_Brown.png","P_M_jeremy_corbyn.png","TRUE","pictures/stimuli/P","pictures/stimuli/P","M","M","3","604fa685e33606f9a0ee8189","06/30/2022, 13:21:52",-1.02070663840454,"25","Female","right",1,1,0,0,FALSE,"P_M_Gordon_Brown.png P_M_jeremy_corbyn.png"
2871,"E_M_Peter_Kay.png","E_M_Russell_Howard.png","TRUE","pictures/stimuli/E","pictures/stimuli/E","M","M","1","604fa685e33606f9a0ee8189","06/30/2022, 13:21:52",-2.54175966818385,"25","Female","right",1,1,0,0,FALSE,"E_M_Peter_Kay.png E_M_Russell_Howard.png"
3131,"E_M_Ewan_McGregor.png","P_M_david_camer.png","FALSE","pictures/stimuli/E","pictures/stimuli/P","M","M","5","604fa685e33606f9a0ee8189","06/30/2022, 13:21:52",0.500346391374773,"25","Female","right",0,1,0,0,TRUE,"E_M_Ewan_McGregor.png P_M_david_camer.png"
6903,"P_F_Theresa_May.png","P_M_nigel_farage.png","TRUE","pictures/stimuli/P","pictures/stimuli/P","F","M","4","604fa685e33606f9a0ee8189","06/30/2022, 13:21:52",-0.260180123514882,"25","Female","right",1,1,0,0,FALSE,"P_F_Theresa_May.png P_M_nigel_farage.png"
940,"E_F_Jennifer_Saunders.png","P_F_nicola_sturge.png","FALSE","pictures/stimuli/E","pictures/stimuli/P","F","F","5","604fa685e33606f9a0ee8189","06/30/2022, 13:21:52",0.500346391374773,"25","Female","right",0,1,0,0,TRUE,"E_F_Jennifer_Saunders.png P_F_nicola_sturge.png"
2683,"E_M_Peter_Kay.png","P_F_nicola_sturge.png","FALSE","pictures/stimuli/E","pictures/stimuli/P","M","F","6","604fa685e33606f9a0ee8189","06/30/2022, 13:21:52",1.26087290626443,"25","Female","right",1,1,0,0,FALSE,"E_M_Peter_Kay.png P_F_nicola_sturge.png"
1738,"E_F_Jennifer_Saunders.png","P_M_david_camer.png","FALSE","pictures/stimuli/E","pictures/stimuli/P","F","M","4","604fa685e33606f9a0ee8189","06/30/2022, 13:21:52",-0.260180123514882,"25","Female","right",0,1,0,0,TRUE,"E_F_Jennifer_Saunders.png P_M_david_camer.png"
3015,"P_M_david_camer.png","P_M_jeremy_corbyn.png","TRUE","pictures/stimuli/P","pictures/stimuli/P","M","M","2","604fa685e33606f9a0ee8189","06/30/2022, 13:21:52",-1.78123315329419,"25","Female","right",1,1,0,0,FALSE,"P_M_david_camer.png P_M_jeremy_corbyn.png"
1280,"P_M_david_camer.png","P_M_Tony_Blair.png","TRUE","pictures/stimuli/P","pictures/stimuli/P","M","M","3","604fa685e33606f9a0ee8189","06/30/2022, 13:21:52",-1.02070663840454,"25","Female","right",1,1,0,0,FALSE,"P_M_david_camer.png P_M_Tony_Blair.png"
2954,"E_F_Julie_Walters.png","E_M_Michael_McIntyr.png","TRUE","pictures/stimuli/E","pictures/stimuli/E","F","M","5","604fa685e33606f9a0ee8189","06/30/2022, 13:21:52",0.500346391374773,"25","Female","right",0,1,0,0,TRUE,"E_F_Julie_Walters.png E_M_Michael_McIntyr.png"
3246,"E_M_Simon_Pegg.png","P_M_Sajid_Javid.png","FALSE","pictures/stimuli/E","pictures/stimuli/P","M","M","4","604fa685e33606f9a0ee8189","06/30/2022, 13:21:52",-0.260180123514882,"25","Female","right",0,1,0,0,TRUE,"E_M_Simon_Pegg.png P_M_Sajid_Javid.png"
1593,"E_F_Dawn_Roma_French.png","P_M_Michael_Gove.png","FALSE","pictures/stimuli/E","pictures/stimuli/P","F","M","5","604fa685e33606f9a0ee8189","06/30/2022, 13:21:52",0.500346391374773,"25","Female","right",1,1,0,0,FALSE,"E_F_Dawn_Roma_French.png P_M_Michael_Gove.png"
1856,"E_M_Ewan_McGregor.png","P_M_Sajid_Javid.png","FALSE","pictures/stimuli/E","pictures/stimuli/P","M","M","5","604fa685e33606f9a0ee8189","06/30/2022, 13:21:52",0.500346391374773,"25","Female","right",0,1,0,0,TRUE,"E_M_Ewan_McGregor.png P_M_Sajid_Javid.png"
2529,"E_F_Jennifer_Saunders.png","P_M_keir_starmer.png","FALSE","pictures/stimuli/E","pictures/stimuli/P","F","M","6","604fa685e33606f9a0ee8189","06/30/2022, 13:21:52",1.26087290626443,"25","Female","right",0,1,0,0,TRUE,"E_F_Jennifer_Saunders.png P_M_keir_starmer.png"
1796,"P_F_Theresa_May.png","P_M_Gordon_Brown.png","TRUE","pictures/stimuli/P","pictures/stimuli/P","F","M","4","604fa685e33606f9a0ee8189","06/30/2022, 13:21:52",-0.260180123514882,"25","Female","right",1,1,0,0,FALSE,"P_F_Theresa_May.png P_M_Gordon_Brown.png"
14997,"E_M_Peter_Kay.png","P_M_david_camer.png","FALSE","pictures/stimuli/E","pictures/stimuli/P","M","M","6","604fa685e33606f9a0ee8189","06/30/2022, 13:21:52",1.26087290626443,"25","Female","right",1,1,0,0,FALSE,"E_M_Peter_Kay.png P_M_david_camer.png"
3736,"P_F_Theresa_May.png","P_M_david_camer.png","TRUE","pictures/stimuli/P","pictures/stimuli/P","F","M","2","604fa685e33606f9a0ee8189","06/30/2022, 13:21:52",-1.78123315329419,"25","Female","right",1,1,0,0,FALSE,"P_F_Theresa_May.png P_M_david_camer.png"
1673,"E_F_Julie_Walters.png","P_M_keir_starmer.png","FALSE","pictures/stimuli/E","pictures/stimuli/P","F","M","4","604fa685e33606f9a0ee8189","06/30/2022, 13:21:52",-0.260180123514882,"25","Female","right",0,1,0,0,TRUE,"E_F_Julie_Walters.png P_M_keir_starmer.png"
3218,"P_M_jeremy_corbyn.png","P_M_nigel_farage.png","TRUE","pictures/stimuli/P","pictures/stimuli/P","M","M","3","604fa685e33606f9a0ee8189","06/30/2022, 13:21:52",-1.02070663840454,"25","Female","right",1,1,0,0,FALSE,"P_M_jeremy_corbyn.png P_M_nigel_farage.png"
1591,"E_F_Sarah_Millican.png","P_M_Sajid_Javid.png","FALSE","pictures/stimuli/E","pictures/stimuli/P","F","M","5","604fa685e33606f9a0ee8189","06/30/2022, 13:21:52",0.500346391374773,"25","Female","right",0,1,0,0,TRUE,"E_F_Sarah_Millican.png P_M_Sajid_Javid.png"
2703,"E_F_Julie_Walters.png","P_M_david_camer.png","FALSE","pictures/stimuli/E","pictures/stimuli/P","F","M","5","604fa685e33606f9a0ee8189","06/30/2022, 13:21:52",0.500346391374773,"25","Female","right",0,1,0,0,TRUE,"E_F_Julie_Walters.png P_M_david_camer.png"
1743,"E_F_Julie_Walters.png","P_M_Sajid_Javid.png","FALSE","pictures/stimuli/E","pictures/stimuli/P","F","M","4","604fa685e33606f9a0ee8189","06/30/2022, 13:21:52",-0.260180123514882,"25","Female","right",0,1,0,0,TRUE,"E_F_Julie_Walters.png P_M_Sajid_Javid.png"
5512,"E_M_Jimmy_Carr.png","P_M_jeremy_corbyn.png","FALSE","pictures/stimuli/E","pictures/stimuli/P","M","M","6","604fa685e33606f9a0ee8189","06/30/2022, 13:21:52",1.26087290626443,"25","Female","right",1,1,0,0,FALSE,"E_M_Jimmy_Carr.png P_M_jeremy_corbyn.png"
2931,"E_F_Dawn_Roma_French.png","E_M_Peter_Kay.png","TRUE","pictures/stimuli/E","pictures/stimuli/E","F","M","2","604fa685e33606f9a0ee8189","06/30/2022, 13:21:52",-1.78123315329419,"25","Female","right",1,1,0,0,FALSE,"E_F_Dawn_Roma_French.png E_M_Peter_Kay.png"
2758,"E_F_Dawn_Roma_French.png","E_M_Russell_Howard.png","TRUE","pictures/stimuli/E","pictures/stimuli/E","F","M","1","604fa685e33606f9a0ee8189","06/30/2022, 13:21:52",-2.54175966818385,"25","Female","right",1,1,0,0,FALSE,"E_F_Dawn_Roma_French.png E_M_Russell_Howard.png"
1889,"E_M_Russell_Howard.png","P_M_jeremy_corbyn.png","FALSE","pictures/stimuli/E","pictures/stimuli/P","M","M","5","604fa685e33606f9a0ee8189","06/30/2022, 13:21:52",0.500346391374773,"25","Female","right",1,1,0,0,FALSE,"E_M_Russell_Howard.png P_M_jeremy_corbyn.png"
1746,"E_M_Russell_Howard.png","E_M_Simon_Pegg.png","TRUE","pictures/stimuli/E","pictures/stimuli/E","M","M","5","604fa685e33606f9a0ee8189","06/30/2022, 13:21:52",0.500346391374773,"25","Female","right",1,0,0,0,TRUE,"E_M_Russell_Howard.png E_M_Simon_Pegg.png"
1521,"P_F_nicola_sturge.png","P_M_Michael_Gove.png","TRUE","pictures/stimuli/P","pictures/stimuli/P","F","M","4","604fa685e33606f9a0ee8189","06/30/2022, 13:21:52",-0.260180123514882,"25","Female","right",1,1,0,0,FALSE,"P_F_nicola_sturge.png P_M_Michael_Gove.png"
1433,"E_F_Jennifer_Saunders.png","E_M_Simon_Pegg.png","TRUE","pictures/stimuli/E","pictures/stimuli/E","F","M","5","604fa685e33606f9a0ee8189","06/30/2022, 13:21:52",0.500346391374773,"25","Female","right",0,0,0,0,TRUE,"E_F_Jennifer_Saunders.png E_M_Simon_Pegg.png"
2906,"P_M_david_camer.png","P_M_Gordon_Brown.png","TRUE","pictures/stimuli/P","pictures/stimuli/P","M","M","3","604fa685e33606f9a0ee8189","06/30/2022, 13:21:52",-1.02070663840454,"25","Female","right",1,1,0,0,FALSE,"P_M_david_camer.png P_M_Gordon_Brown.png"
5374,"E_M_Michael_McIntyr.png","P_M_Tony_Blair.png","FALSE","pictures/stimuli/E","pictures/stimuli/P","M","M","6","604fa685e33606f9a0ee8189","06/30/2022, 13:21:52",1.26087290626443,"25","Female","right",1,1,0,0,FALSE,"E_M_Michael_McIntyr.png P_M_Tony_Blair.png"
5497,"E_F_Dawn_Roma_French.png","P_M_Sajid_Javid.png","FALSE","pictures/stimuli/E","pictures/stimuli/P","F","M","6","604fa685e33606f9a0ee8189","06/30/2022, 13:21:52",1.26087290626443,"25","Female","right",1,1,0,0,FALSE,"E_F_Dawn_Roma_French.png P_M_Sajid_Javid.png"
2359,"E_F_Jennifer_Saunders.png","P_M_Michael_Gove.png","FALSE","pictures/stimuli/E","pictures/stimuli/P","F","M","4","604fa685e33606f9a0ee8189","06/30/2022, 13:21:52",-0.260180123514882,"25","Female","right",0,1,0,0,TRUE,"E_F_Jennifer_Saunders.png P_M_Michael_Gove.png"
4019,"E_M_Jimmy_Carr.png","E_M_Michael_McIntyr.png","TRUE","pictures/stimuli/E","pictures/stimuli/E","M","M","2","604fa685e33606f9a0ee8189","06/30/2022, 13:21:52",-1.78123315329419,"25","Female","right",1,1,0,0,FALSE,"E_M_Jimmy_Carr.png E_M_Michael_McIntyr.png"
1437,"E_F_Jennifer_Saunders.png","P_F_Theresa_May.png","FALSE","pictures/stimuli/E","pictures/stimuli/P","F","F","4","604fa685e33606f9a0ee8189","06/30/2022, 13:21:52",-0.260180123514882,"25","Female","right",0,1,0,0,TRUE,"E_F_Jennifer_Saunders.png P_F_Theresa_May.png"
1696,"P_M_jeremy_corbyn.png","P_M_Sajid_Javid.png","TRUE","pictures/stimuli/P","pictures/stimuli/P","M","M","5","604fa685e33606f9a0ee8189","06/30/2022, 13:21:52",0.500346391374773,"25","Female","right",1,1,0,0,FALSE,"P_M_jeremy_corbyn.png P_M_Sajid_Javid.png"
3566,"E_M_Russell_Howard.png","P_F_Theresa_May.png","FALSE","pictures/stimuli/E","pictures/stimuli/P","M","F","6","604fa685e33606f9a0ee8189","06/30/2022, 13:21:52",1.26087290626443,"25","Female","right",1,1,0,0,FALSE,"E_M_Russell_Howard.png P_F_Theresa_May.png"
8592,"P_F_nicola_sturge.png","P_M_nigel_farage.png","TRUE","pictures/stimuli/P","pictures/stimuli/P","F","M","2","604fa685e33606f9a0ee8189","06/30/2022, 13:21:52",-1.78123315329419,"25","Female","right",1,1,0,0,FALSE,"P_F_nicola_sturge.png P_M_nigel_farage.png"
1683,"E_M_Simon_Pegg.png","P_M_keir_starmer.png","FALSE","pictures/stimuli/E","pictures/stimuli/P","M","M","4","604fa685e33606f9a0ee8189","06/30/2022, 13:21:52",-0.260180123514882,"25","Female","right",0,1,0,0,TRUE,"E_M_Simon_Pegg.png P_M_keir_starmer.png"
13299,"E_M_Jimmy_Carr.png","P_M_Sajid_Javid.png","FALSE","pictures/stimuli/E","pictures/stimuli/P","M","M","3","60d0a967955501a6a76b2bb7","06/30/2022, 09:25:48",-1.30605786622868,"27","Male","left",1,1,0,0,FALSE,"E_M_Jimmy_Carr.png P_M_Sajid_Javid.png"
6557,"E_M_Michael_McIntyr.png","P_M_Michael_Gove.png","FALSE","pictures/stimuli/E","pictures/stimuli/P","M","M","3","60d0a967955501a6a76b2bb7","06/30/2022, 09:25:48",-1.30605786622868,"27","Male","left",1,1,0,0,FALSE,"E_M_Michael_McIntyr.png P_M_Michael_Gove.png"
7678,"E_F_Dawn_Roma_French.png","E_F_Sarah_Millican.png","TRUE","pictures/stimuli/E","pictures/stimuli/E","F","F","3","60d0a967955501a6a76b2bb7","06/30/2022, 09:25:48",-1.30605786622868,"27","Male","left",1,1,0,0,FALSE,"E_F_Dawn_Roma_French.png E_F_Sarah_Millican.png"
3253,"P_M_nigel_farage.png","P_M_Tony_Blair.png","TRUE","pictures/stimuli/P","pictures/stimuli/P","M","M","5","60d0a967955501a6a76b2bb7","06/30/2022, 09:25:48",0.0138942326194541,"27","Male","left",1,1,0,0,FALSE,"P_M_nigel_farage.png P_M_Tony_Blair.png"
5317,"E_F_Sarah_Millican.png","P_M_Michael_Gove.png","FALSE","pictures/stimuli/E","pictures/stimuli/P","F","M","6","60d0a967955501a6a76b2bb7","06/30/2022, 09:25:48",0.673870282043523,"27","Male","left",1,1,0,0,FALSE,"E_F_Sarah_Millican.png P_M_Michael_Gove.png"
9766,"E_F_Dawn_Roma_French.png","P_M_david_camer.png","FALSE","pictures/stimuli/E","pictures/stimuli/P","F","M","6","60d0a967955501a6a76b2bb7","06/30/2022, 09:25:48",0.673870282043523,"27","Male","left",1,1,0,0,FALSE,"E_F_Dawn_Roma_French.png P_M_david_camer.png"
2569,"P_M_jeremy_corbyn.png","P_M_keir_starmer.png","TRUE","pictures/stimuli/P","pictures/stimuli/P","M","M","6","60d0a967955501a6a76b2bb7","06/30/2022, 09:25:48",0.673870282043523,"27","Male","left",1,1,0,0,FALSE,"P_M_jeremy_corbyn.png P_M_keir_starmer.png"
6929,"E_F_Julie_Walters.png","E_M_Michael_McIntyr.png","TRUE","pictures/stimuli/E","pictures/stimuli/E","F","M","5","60d0a967955501a6a76b2bb7","06/30/2022, 09:25:48",0.0138942326194541,"27","Male","left",1,1,0,0,FALSE,"E_F_Julie_Walters.png E_M_Michael_McIntyr.png"
2459,"P_M_Gordon_Brown.png","P_M_Michael_Gove.png","TRUE","pictures/stimuli/P","pictures/stimuli/P","M","M","6","60d0a967955501a6a76b2bb7","06/30/2022, 09:25:48",0.673870282043523,"27","Male","left",1,1,0,0,FALSE,"P_M_Gordon_Brown.png P_M_Michael_Gove.png"
6399,"P_F_nicola_sturge.png","P_M_Gordon_Brown.png","TRUE","pictures/stimuli/P","pictures/stimuli/P","F","M","2","60d0a967955501a6a76b2bb7","06/30/2022, 09:25:48",-1.96603391565275,"27","Male","left",1,1,0,0,FALSE,"P_F_nicola_sturge.png P_M_Gordon_Brown.png"
14267,"E_M_Russell_Howard.png","P_M_keir_starmer.png","FALSE","pictures/stimuli/E","pictures/stimuli/P","M","M","4","60d0a967955501a6a76b2bb7","06/30/2022, 09:25:48",-0.646081816804615,"27","Male","left",1,1,0,0,FALSE,"E_M_Russell_Howard.png P_M_keir_starmer.png"
4972,"E_M_Michael_McIntyr.png","P_M_keir_starmer.png","FALSE","pictures/stimuli/E","pictures/stimuli/P","M","M","5","60d0a967955501a6a76b2bb7","06/30/2022, 09:25:48",0.0138942326194541,"27","Male","left",1,1,0,0,FALSE,"E_M_Michael_McIntyr.png P_M_keir_starmer.png"
3901,"E_M_Ewan_McGregor.png","P_F_Theresa_May.png","FALSE","pictures/stimuli/E","pictures/stimuli/P","M","F","6","60d0a967955501a6a76b2bb7","06/30/2022, 09:25:48",0.673870282043523,"27","Male","left",1,1,0,0,FALSE,"E_M_Ewan_McGregor.png P_F_Theresa_May.png"
3987,"P_M_Michael_Gove.png","P_M_Sajid_Javid.png","TRUE","pictures/stimuli/P","pictures/stimuli/P","M","M","1","60d0a967955501a6a76b2bb7","06/30/2022, 09:25:48",-2.62600996507682,"27","Male","left",1,1,0,0,FALSE,"P_M_Michael_Gove.png P_M_Sajid_Javid.png"
3230,"P_F_Theresa_May.png","P_M_Sajid_Javid.png","TRUE","pictures/stimuli/P","pictures/stimuli/P","F","M","2","60d0a967955501a6a76b2bb7","06/30/2022, 09:25:48",-1.96603391565275,"27","Male","left",1,1,0,0,FALSE,"P_F_Theresa_May.png P_M_Sajid_Javid.png"
3064,"E_M_Simon_Pegg.png","P_M_Gordon_Brown.png","FALSE","pictures/stimuli/E","pictures/stimuli/P","M","M","6","60d0a967955501a6a76b2bb7","06/30/2022, 09:25:48",0.673870282043523,"27","Male","left",1,1,0,0,FALSE,"E_M_Simon_Pegg.png P_M_Gordon_Brown.png"
6232,"E_F_Jennifer_Saunders.png","E_M_Simon_Pegg.png","TRUE","pictures/stimuli/E","pictures/stimuli/E","F","M","2","60d0a967955501a6a76b2bb7","06/30/2022, 09:25:48",-1.96603391565275,"27","Male","left",1,1,0,0,FALSE,"E_F_Jennifer_Saunders.png E_M_Simon_Pegg.png"
6257,"E_M_Michael_McIntyr.png","E_M_Peter_Kay.png","TRUE","pictures/stimuli/E","pictures/stimuli/E","M","M","3","60d0a967955501a6a76b2bb7","06/30/2022, 09:25:48",-1.30605786622868,"27","Male","left",1,1,0,0,FALSE,"E_M_Michael_McIntyr.png E_M_Peter_Kay.png"
4246,"E_M_Peter_Kay.png","P_M_jeremy_corbyn.png","FALSE","pictures/stimuli/E","pictures/stimuli/P","M","M","6","60d0a967955501a6a76b2bb7","06/30/2022, 09:25:48",0.673870282043523,"27","Male","left",1,1,0,0,FALSE,"E_M_Peter_Kay.png P_M_jeremy_corbyn.png"
7871,"E_F_Jennifer_Saunders.png","P_F_Theresa_May.png","FALSE","pictures/stimuli/E","pictures/stimuli/P","F","F","4","60d0a967955501a6a76b2bb7","06/30/2022, 09:25:48",-0.646081816804615,"27","Male","left",1,1,0,0,FALSE,"E_F_Jennifer_Saunders.png P_F_Theresa_May.png"
4453,"P_M_keir_starmer.png","P_M_Tony_Blair.png","TRUE","pictures/stimuli/P","pictures/stimuli/P","M","M","2","60d0a967955501a6a76b2bb7","06/30/2022, 09:25:48",-1.96603391565275,"27","Male","left",1,1,0,0,FALSE,"P_M_keir_starmer.png P_M_Tony_Blair.png"
3761,"E_M_Simon_Pegg.png","P_F_nicola_sturge.png","FALSE","pictures/stimuli/E","pictures/stimuli/P","M","F","6","60d0a967955501a6a76b2bb7","06/30/2022, 09:25:48",0.673870282043523,"27","Male","left",1,1,0,0,FALSE,"E_M_Simon_Pegg.png P_F_nicola_sturge.png"
2535,"P_F_nicola_sturge.png","P_M_Sajid_Javid.png","TRUE","pictures/stimuli/P","pictures/stimuli/P","F","M","6","60d0a967955501a6a76b2bb7","06/30/2022, 09:25:48",0.673870282043523,"27","Male","left",1,1,0,0,FALSE,"P_F_nicola_sturge.png P_M_Sajid_Javid.png"
3443,"E_F_Dawn_Roma_French.png","P_M_Sajid_Javid.png","FALSE","pictures/stimuli/E","pictures/stimuli/P","F","M","6","60d0a967955501a6a76b2bb7","06/30/2022, 09:25:48",0.673870282043523,"27","Male","left",1,1,0,0,FALSE,"E_F_Dawn_Roma_French.png P_M_Sajid_Javid.png"
5632,"E_M_Peter_Kay.png","E_M_Russell_Howard.png","TRUE","pictures/stimuli/E","pictures/stimuli/E","M","M","3","60d0a967955501a6a76b2bb7","06/30/2022, 09:25:48",-1.30605786622868,"27","Male","left",1,1,0,0,FALSE,"E_M_Peter_Kay.png E_M_Russell_Howard.png"
5585,"E_M_Jimmy_Carr.png","P_M_david_camer.png","FALSE","pictures/stimuli/E","pictures/stimuli/P","M","M","3","60d0a967955501a6a76b2bb7","06/30/2022, 09:25:48",-1.30605786622868,"27","Male","left",1,1,0,0,FALSE,"E_M_Jimmy_Carr.png P_M_david_camer.png"
2669,"E_M_Ewan_McGregor.png","P_M_Sajid_Javid.png","FALSE","pictures/stimuli/E","pictures/stimuli/P","M","M","6","60d0a967955501a6a76b2bb7","06/30/2022, 09:25:48",0.673870282043523,"27","Male","left",1,1,0,0,FALSE,"E_M_Ewan_McGregor.png P_M_Sajid_Javid.png"
2308,"E_M_Peter_Kay.png","P_M_david_camer.png","FALSE","pictures/stimuli/E","pictures/stimuli/P","M","M","6","60d0a967955501a6a76b2bb7","06/30/2022, 09:25:48",0.673870282043523,"27","Male","left",1,1,0,0,FALSE,"E_M_Peter_Kay.png P_M_david_camer.png"
2478,"P_M_Gordon_Brown.png","P_M_nigel_farage.png","TRUE","pictures/stimuli/P","pictures/stimuli/P","M","M","6","60d0a967955501a6a76b2bb7","06/30/2022, 09:25:48",0.673870282043523,"27","Male","left",1,1,0,0,FALSE,"P_M_Gordon_Brown.png P_M_nigel_farage.png"
2273,"E_F_Dawn_Roma_French.png","P_M_nigel_farage.png","FALSE","pictures/stimuli/E","pictures/stimuli/P","F","M","6","60d0a967955501a6a76b2bb7","06/30/2022, 09:25:48",0.673870282043523,"27","Male","left",1,1,0,0,FALSE,"E_F_Dawn_Roma_French.png P_M_nigel_farage.png"
2606,"E_M_Michael_McIntyr.png","P_M_jeremy_corbyn.png","FALSE","pictures/stimuli/E","pictures/stimuli/P","M","M","6","60d0a967955501a6a76b2bb7","06/30/2022, 09:25:48",0.673870282043523,"27","Male","left",1,1,0,0,FALSE,"E_M_Michael_McIntyr.png P_M_jeremy_corbyn.png"
2997,"E_M_Ewan_McGregor.png","P_M_Michael_Gove.png","FALSE","pictures/stimuli/E","pictures/stimuli/P","M","M","6","60d0a967955501a6a76b2bb7","06/30/2022, 09:25:48",0.673870282043523,"27","Male","left",1,1,0,0,FALSE,"E_M_Ewan_McGregor.png P_M_Michael_Gove.png"
6257,"E_F_Julie_Walters.png","P_F_Theresa_May.png","FALSE","pictures/stimuli/E","pictures/stimuli/P","F","F","5","60d0a967955501a6a76b2bb7","06/30/2022, 09:25:48",0.0138942326194541,"27","Male","left",1,1,0,0,FALSE,"E_F_Julie_Walters.png P_F_Theresa_May.png"
3100,"P_F_Theresa_May.png","P_M_Tony_Blair.png","TRUE","pictures/stimuli/P","pictures/stimuli/P","F","M","5","60d0a967955501a6a76b2bb7","06/30/2022, 09:25:48",0.0138942326194541,"27","Male","left",1,1,0,0,FALSE,"P_F_Theresa_May.png P_M_Tony_Blair.png"
2143,"E_F_Jennifer_Saunders.png","P_F_nicola_sturge.png","FALSE","pictures/stimuli/E","pictures/stimuli/P","F","F","6","60d0a967955501a6a76b2bb7","06/30/2022, 09:25:48",0.673870282043523,"27","Male","left",1,1,0,0,FALSE,"E_F_Jennifer_Saunders.png P_F_nicola_sturge.png"
2220,"E_M_Peter_Kay.png","P_M_Tony_Blair.png","FALSE","pictures/stimuli/E","pictures/stimuli/P","M","M","6","60d0a967955501a6a76b2bb7","06/30/2022, 09:25:48",0.673870282043523,"27","Male","left",1,1,0,0,FALSE,"E_M_Peter_Kay.png P_M_Tony_Blair.png"
5177,"E_F_Julie_Walters.png","P_M_keir_starmer.png","FALSE","pictures/stimuli/E","pictures/stimuli/P","F","M","5","60d0a967955501a6a76b2bb7","06/30/2022, 09:25:48",0.0138942326194541,"27","Male","left",1,1,0,0,FALSE,"E_F_Julie_Walters.png P_M_keir_starmer.png"
4319,"P_F_Theresa_May.png","P_M_Michael_Gove.png","TRUE","pictures/stimuli/P","pictures/stimuli/P","F","M","2","60d0a967955501a6a76b2bb7","06/30/2022, 09:25:48",-1.96603391565275,"27","Male","left",1,1,0,0,FALSE,"P_F_Theresa_May.png P_M_Michael_Gove.png"
4311,"E_M_Jimmy_Carr.png","E_M_Russell_Howard.png","TRUE","pictures/stimuli/E","pictures/stimuli/E","M","M","3","60d0a967955501a6a76b2bb7","06/30/2022, 09:25:48",-1.30605786622868,"27","Male","left",1,1,0,0,FALSE,"E_M_Jimmy_Carr.png E_M_Russell_Howard.png"
2647,"E_M_Jimmy_Carr.png","P_M_Tony_Blair.png","FALSE","pictures/stimuli/E","pictures/stimuli/P","M","M","6","60d0a967955501a6a76b2bb7","06/30/2022, 09:25:48",0.673870282043523,"27","Male","left",1,1,0,0,FALSE,"E_M_Jimmy_Carr.png P_M_Tony_Blair.png"
3055,"E_M_Michael_McIntyr.png","E_M_Russell_Howard.png","TRUE","pictures/stimuli/E","pictures/stimuli/E","M","M","1","60d0a967955501a6a76b2bb7","06/30/2022, 09:25:48",-2.62600996507682,"27","Male","left",1,1,0,0,FALSE,"E_M_Michael_McIntyr.png E_M_Russell_Howard.png"
2221,"E_F_Jennifer_Saunders.png","P_M_Gordon_Brown.png","FALSE","pictures/stimuli/E","pictures/stimuli/P","F","M","6","60d0a967955501a6a76b2bb7","06/30/2022, 09:25:48",0.673870282043523,"27","Male","left",1,1,0,0,FALSE,"E_F_Jennifer_Saunders.png P_M_Gordon_Brown.png"
3515,"E_F_Dawn_Roma_French.png","P_M_keir_starmer.png","FALSE","pictures/stimuli/E","pictures/stimuli/P","F","M","6","60d0a967955501a6a76b2bb7","06/30/2022, 09:25:48",0.673870282043523,"27","Male","left",1,1,0,0,FALSE,"E_F_Dawn_Roma_French.png P_M_keir_starmer.png"
1948,"E_M_Russell_Howard.png","P_M_Tony_Blair.png","FALSE","pictures/stimuli/E","pictures/stimuli/P","M","M","6","60d0a967955501a6a76b2bb7","06/30/2022, 09:25:48",0.673870282043523,"27","Male","left",1,1,0,0,FALSE,"E_M_Russell_Howard.png P_M_Tony_Blair.png"
10979,"E_F_Dawn_Roma_French.png","E_M_Michael_McIntyr.png","TRUE","pictures/stimuli/E","pictures/stimuli/E","F","M","4","60d0a967955501a6a76b2bb7","06/30/2022, 09:25:48",-0.646081816804615,"27","Male","left",1,1,0,0,FALSE,"E_F_Dawn_Roma_French.png E_M_Michael_McIntyr.png"
5674,"E_F_Sarah_Millican.png","E_M_Jimmy_Carr.png","TRUE","pictures/stimuli/E","pictures/stimuli/E","F","M","4","60d0a967955501a6a76b2bb7","06/30/2022, 09:25:48",-0.646081816804615,"27","Male","left",1,1,0,0,FALSE,"E_F_Sarah_Millican.png E_M_Jimmy_Carr.png"
3457,"E_F_Jennifer_Saunders.png","E_M_Ewan_McGregor.png","TRUE","pictures/stimuli/E","pictures/stimuli/E","F","M","5","60d0a967955501a6a76b2bb7","06/30/2022, 09:25:48",0.0138942326194541,"27","Male","left",1,1,0,0,FALSE,"E_F_Jennifer_Saunders.png E_M_Ewan_McGregor.png"
7817,"E_F_Julie_Walters.png","E_F_Sarah_Millican.png","TRUE","pictures/stimuli/E","pictures/stimuli/E","F","F","3","60d0a967955501a6a76b2bb7","06/30/2022, 09:25:48",-1.30605786622868,"27","Male","left",1,1,0,0,FALSE,"E_F_Julie_Walters.png E_F_Sarah_Millican.png"
2737,"E_F_Sarah_Millican.png","E_M_Ewan_McGregor.png","TRUE","pictures/stimuli/E","pictures/stimuli/E","F","M","6","60d0a967955501a6a76b2bb7","06/30/2022, 09:25:48",0.673870282043523,"27","Male","left",1,1,0,0,FALSE,"E_F_Sarah_Millican.png E_M_Ewan_McGregor.png"
2372,"E_F_Dawn_Roma_French.png","E_M_Jimmy_Carr.png","TRUE","pictures/stimuli/E","pictures/stimuli/E","F","M","6","60d0a967955501a6a76b2bb7","06/30/2022, 09:25:48",0.673870282043523,"27","Male","left",1,1,0,0,FALSE,"E_F_Dawn_Roma_French.png E_M_Jimmy_Carr.png"
6924,"E_F_Jennifer_Saunders.png","E_M_Jimmy_Carr.png","TRUE","pictures/stimuli/E","pictures/stimuli/E","F","M","5","60d0a967955501a6a76b2bb7","06/30/2022, 09:25:48",0.0138942326194541,"27","Male","left",1,1,0,0,FALSE,"E_F_Jennifer_Saunders.png E_M_Jimmy_Carr.png"
5213,"P_M_Gordon_Brown.png","P_M_Tony_Blair.png","TRUE","pictures/stimuli/P","pictures/stimuli/P","M","M","2","60d0a967955501a6a76b2bb7","06/30/2022, 09:25:48",-1.96603391565275,"27","Male","left",1,1,0,0,FALSE,"P_M_Gordon_Brown.png P_M_Tony_Blair.png"
3413,"E_F_Sarah_Millican.png","E_M_Peter_Kay.png","TRUE","pictures/stimuli/E","pictures/stimuli/E","F","M","4","60d0a967955501a6a76b2bb7","06/30/2022, 09:25:48",-0.646081816804615,"27","Male","left",1,1,0,0,FALSE,"E_F_Sarah_Millican.png E_M_Peter_Kay.png"
3481,"E_F_Dawn_Roma_French.png","P_M_jeremy_corbyn.png","FALSE","pictures/stimuli/E","pictures/stimuli/P","F","M","5","60d0a967955501a6a76b2bb7","06/30/2022, 09:25:48",0.0138942326194541,"27","Male","left",1,1,0,0,FALSE,"E_F_Dawn_Roma_French.png P_M_jeremy_corbyn.png"
6000,"E_M_Ewan_McGregor.png","P_M_Tony_Blair.png","FALSE","pictures/stimuli/E","pictures/stimuli/P","M","M","6","60d0a967955501a6a76b2bb7","06/30/2022, 09:25:48",0.673870282043523,"27","Male","left",1,1,0,0,FALSE,"E_M_Ewan_McGregor.png P_M_Tony_Blair.png"
2844,"P_M_david_camer.png","P_M_Michael_Gove.png","TRUE","pictures/stimuli/P","pictures/stimuli/P","M","M","1","60d0a967955501a6a76b2bb7","06/30/2022, 09:25:48",-2.62600996507682,"27","Male","left",1,1,0,0,FALSE,"P_M_david_camer.png P_M_Michael_Gove.png"
8411,"E_F_Jennifer_Saunders.png","E_M_Peter_Kay.png","TRUE","pictures/stimuli/E","pictures/stimuli/E","F","M","3","60d0a967955501a6a76b2bb7","06/30/2022, 09:25:48",-1.30605786622868,"27","Male","left",1,1,0,0,FALSE,"E_F_Jennifer_Saunders.png E_M_Peter_Kay.png"
2212,"E_F_Sarah_Millican.png","P_F_Theresa_May.png","FALSE","pictures/stimuli/E","pictures/stimuli/P","F","F","6","60d0a967955501a6a76b2bb7","06/30/2022, 09:25:48",0.673870282043523,"27","Male","left",1,1,0,0,FALSE,"E_F_Sarah_Millican.png P_F_Theresa_May.png"
2130,"E_M_Simon_Pegg.png","P_M_jeremy_corbyn.png","FALSE","pictures/stimuli/E","pictures/stimuli/P","M","M","6","60d0a967955501a6a76b2bb7","06/30/2022, 09:25:48",0.673870282043523,"27","Male","left",1,1,0,0,FALSE,"E_M_Simon_Pegg.png P_M_jeremy_corbyn.png"
12071,"E_M_Ewan_McGregor.png","P_M_keir_starmer.png","FALSE","pictures/stimuli/E","pictures/stimuli/P","M","M","5","60d0a967955501a6a76b2bb7","06/30/2022, 09:25:48",0.0138942326194541,"27","Male","left",1,1,0,0,FALSE,"E_M_Ewan_McGregor.png P_M_keir_starmer.png"
4078,"P_M_david_camer.png","P_M_nigel_farage.png","TRUE","pictures/stimuli/P","pictures/stimuli/P","M","M","3","60d0a967955501a6a76b2bb7","06/30/2022, 09:25:48",-1.30605786622868,"27","Male","left",1,1,0,0,FALSE,"P_M_david_camer.png P_M_nigel_farage.png"
2319,"E_M_Michael_McIntyr.png","P_F_nicola_sturge.png","FALSE","pictures/stimuli/E","pictures/stimuli/P","M","F","6","60d0a967955501a6a76b2bb7","06/30/2022, 09:25:48",0.673870282043523,"27","Male","left",1,1,0,0,FALSE,"E_M_Michael_McIntyr.png P_F_nicola_sturge.png"
3241,"E_F_Julie_Walters.png","P_M_david_camer.png","FALSE","pictures/stimuli/E","pictures/stimuli/P","F","M","5","60d0a967955501a6a76b2bb7","06/30/2022, 09:25:48",0.0138942326194541,"27","Male","left",1,1,0,0,FALSE,"E_F_Julie_Walters.png P_M_david_camer.png"
3381,"P_M_david_camer.png","P_M_jeremy_corbyn.png","TRUE","pictures/stimuli/P","pictures/stimuli/P","M","M","6","60d0a967955501a6a76b2bb7","06/30/2022, 09:25:48",0.673870282043523,"27","Male","left",1,1,0,0,FALSE,"P_M_david_camer.png P_M_jeremy_corbyn.png"
3780,"E_F_Dawn_Roma_French.png","E_M_Ewan_McGregor.png","TRUE","pictures/stimuli/E","pictures/stimuli/E","F","M","3","60d0a967955501a6a76b2bb7","06/30/2022, 09:25:48",-1.30605786622868,"27","Male","left",1,1,0,0,FALSE,"E_F_Dawn_Roma_French.png E_M_Ewan_McGregor.png"
7103,"P_M_nigel_farage.png","P_M_Sajid_Javid.png","TRUE","pictures/stimuli/P","pictures/stimuli/P","M","M","2","60d0a967955501a6a76b2bb7","06/30/2022, 09:25:48",-1.96603391565275,"27","Male","left",1,1,0,0,FALSE,"P_M_nigel_farage.png P_M_Sajid_Javid.png"
2530,"E_M_Peter_Kay.png","P_M_nigel_farage.png","FALSE","pictures/stimuli/E","pictures/stimuli/P","M","M","6","60d0a967955501a6a76b2bb7","06/30/2022, 09:25:48",0.673870282043523,"27","Male","left",1,1,0,0,FALSE,"E_M_Peter_Kay.png P_M_nigel_farage.png"
2668,"E_M_Peter_Kay.png","P_F_Theresa_May.png","FALSE","pictures/stimuli/E","pictures/stimuli/P","M","F","6","60d0a967955501a6a76b2bb7","06/30/2022, 09:25:48",0.673870282043523,"27","Male","left",1,1,0,0,FALSE,"E_M_Peter_Kay.png P_F_Theresa_May.png"
5556,"E_M_Jimmy_Carr.png","E_M_Peter_Kay.png","TRUE","pictures/stimuli/E","pictures/stimuli/E","M","M","2","60d0a967955501a6a76b2bb7","06/30/2022, 09:25:48",-1.96603391565275,"27","Male","left",1,1,0,0,FALSE,"E_M_Jimmy_Carr.png E_M_Peter_Kay.png"
2374,"E_F_Jennifer_Saunders.png","P_M_Michael_Gove.png","FALSE","pictures/stimuli/E","pictures/stimuli/P","F","M","6","60d0a967955501a6a76b2bb7","06/30/2022, 09:25:48",0.673870282043523,"27","Male","left",1,1,0,0,FALSE,"E_F_Jennifer_Saunders.png P_M_Michael_Gove.png"
8451,"E_M_Russell_Howard.png","P_F_Theresa_May.png","FALSE","pictures/stimuli/E","pictures/stimuli/P","M","F","6","60d0a967955501a6a76b2bb7","06/30/2022, 09:25:48",0.673870282043523,"27","Male","left",1,1,0,0,FALSE,"E_M_Russell_Howard.png P_F_Theresa_May.png"
2802,"E_M_Simon_Pegg.png","P_M_nigel_farage.png","FALSE","pictures/stimuli/E","pictures/stimuli/P","M","M","6","60d0a967955501a6a76b2bb7","06/30/2022, 09:25:48",0.673870282043523,"27","Male","left",1,1,0,0,FALSE,"E_M_Simon_Pegg.png P_M_nigel_farage.png"
10321,"E_M_Jimmy_Carr.png","P_M_nigel_farage.png","FALSE","pictures/stimuli/E","pictures/stimuli/P","M","M","5","60d0a967955501a6a76b2bb7","06/30/2022, 09:25:48",0.0138942326194541,"27","Male","left",1,1,0,0,FALSE,"E_M_Jimmy_Carr.png P_M_nigel_farage.png"
5145,"P_F_nicola_sturge.png","P_M_Tony_Blair.png","TRUE","pictures/stimuli/P","pictures/stimuli/P","F","M","5","60d0a967955501a6a76b2bb7","06/30/2022, 09:25:48",0.0138942326194541,"27","Male","left",1,1,0,0,FALSE,"P_F_nicola_sturge.png P_M_Tony_Blair.png"
2907,"E_M_Peter_Kay.png","P_M_keir_starmer.png","FALSE","pictures/stimuli/E","pictures/stimuli/P","M","M","6","60d0a967955501a6a76b2bb7","06/30/2022, 09:25:48",0.673870282043523,"27","Male","left",1,1,0,0,FALSE,"E_M_Peter_Kay.png P_M_keir_starmer.png"
6195,"E_F_Julie_Walters.png","E_M_Jimmy_Carr.png","TRUE","pictures/stimuli/E","pictures/stimuli/E","F","M","4","60d0a967955501a6a76b2bb7","06/30/2022, 09:25:48",-0.646081816804615,"27","Male","left",1,1,0,0,FALSE,"E_F_Julie_Walters.png E_M_Jimmy_Carr.png"
5557,"P_M_Gordon_Brown.png","P_M_jeremy_corbyn.png","TRUE","pictures/stimuli/P","pictures/stimuli/P","M","M","2","60d0a967955501a6a76b2bb7","06/30/2022, 09:25:48",-1.96603391565275,"27","Male","left",1,1,0,0,FALSE,"P_M_Gordon_Brown.png P_M_jeremy_corbyn.png"
3084,"E_F_Julie_Walters.png","P_M_jeremy_corbyn.png","FALSE","pictures/stimuli/E","pictures/stimuli/P","F","M","6","60d0a967955501a6a76b2bb7","06/30/2022, 09:25:48",0.673870282043523,"27","Male","left",1,1,0,0,FALSE,"E_F_Julie_Walters.png P_M_jeremy_corbyn.png"
7234,"P_M_Michael_Gove.png","P_M_Tony_Blair.png","TRUE","pictures/stimuli/P","pictures/stimuli/P","M","M","5","60d0a967955501a6a76b2bb7","06/30/2022, 09:25:48",0.0138942326194541,"27","Male","left",1,1,0,0,FALSE,"P_M_Michael_Gove.png P_M_Tony_Blair.png"
2130,"P_M_jeremy_corbyn.png","P_M_nigel_farage.png","TRUE","pictures/stimuli/P","pictures/stimuli/P","M","M","6","60d0a967955501a6a76b2bb7","06/30/2022, 09:25:48",0.673870282043523,"27","Male","left",1,1,0,0,FALSE,"P_M_jeremy_corbyn.png P_M_nigel_farage.png"
3990,"E_F_Dawn_Roma_French.png","E_M_Peter_Kay.png","TRUE","pictures/stimuli/E","pictures/stimuli/E","F","M","2","60d0a967955501a6a76b2bb7","06/30/2022, 09:25:48",-1.96603391565275,"27","Male","left",1,1,0,0,FALSE,"E_F_Dawn_Roma_French.png E_M_Peter_Kay.png"
2756,"E_M_Ewan_McGregor.png","P_M_jeremy_corbyn.png","FALSE","pictures/stimuli/E","pictures/stimuli/P","M","M","6","60d0a967955501a6a76b2bb7","06/30/2022, 09:25:48",0.673870282043523,"27","Male","left",1,1,0,0,FALSE,"E_M_Ewan_McGregor.png P_M_jeremy_corbyn.png"
2432,"E_F_Julie_Walters.png","P_F_nicola_sturge.png","FALSE","pictures/stimuli/E","pictures/stimuli/P","F","F","6","60d0a967955501a6a76b2bb7","06/30/2022, 09:25:48",0.673870282043523,"27","Male","left",1,1,0,0,FALSE,"E_F_Julie_Walters.png P_F_nicola_sturge.png"
2251,"E_M_Ewan_McGregor.png","E_M_Peter_Kay.png","TRUE","pictures/stimuli/E","pictures/stimuli/E","M","M","6","60d0a967955501a6a76b2bb7","06/30/2022, 09:25:48",0.673870282043523,"27","Male","left",1,1,0,0,FALSE,"E_M_Ewan_McGregor.png E_M_Peter_Kay.png"
2158,"E_M_Michael_McIntyr.png","P_M_nigel_farage.png","FALSE","pictures/stimuli/E","pictures/stimuli/P","M","M","6","60d0a967955501a6a76b2bb7","06/30/2022, 09:25:48",0.673870282043523,"27","Male","left",1,1,0,0,FALSE,"E_M_Michael_McIntyr.png P_M_nigel_farage.png"
5461,"E_M_Michael_McIntyr.png","P_M_Sajid_Javid.png","FALSE","pictures/stimuli/E","pictures/stimuli/P","M","M","6","60d0a967955501a6a76b2bb7","06/30/2022, 09:25:48",0.673870282043523,"27","Male","left",1,1,0,0,FALSE,"E_M_Michael_McIntyr.png P_M_Sajid_Javid.png"
2300,"E_M_Jimmy_Carr.png","P_M_Gordon_Brown.png","FALSE","pictures/stimuli/E","pictures/stimuli/P","M","M","6","60d0a967955501a6a76b2bb7","06/30/2022, 09:25:48",0.673870282043523,"27","Male","left",1,1,0,0,FALSE,"E_M_Jimmy_Carr.png P_M_Gordon_Brown.png"
2218,"E_M_Ewan_McGregor.png","P_M_nigel_farage.png","FALSE","pictures/stimuli/E","pictures/stimuli/P","M","M","6","60d0a967955501a6a76b2bb7","06/30/2022, 09:25:48",0.673870282043523,"27","Male","left",1,1,0,0,FALSE,"E_M_Ewan_McGregor.png P_M_nigel_farage.png"
3586,"E_F_Dawn_Roma_French.png","E_F_Jennifer_Saunders.png","TRUE","pictures/stimuli/E","pictures/stimuli/E","F","F","1","60d0a967955501a6a76b2bb7","06/30/2022, 09:25:48",-2.62600996507682,"27","Male","left",1,1,0,0,FALSE,"E_F_Dawn_Roma_French.png E_F_Jennifer_Saunders.png"
2563,"E_M_Peter_Kay.png","P_M_Sajid_Javid.png","FALSE","pictures/stimuli/E","pictures/stimuli/P","M","M","6","60d0a967955501a6a76b2bb7","06/30/2022, 09:25:48",0.673870282043523,"27","Male","left",1,1,0,0,FALSE,"E_M_Peter_Kay.png P_M_Sajid_Javid.png"
2133,"P_M_david_camer.png","P_M_Sajid_Javid.png","TRUE","pictures/stimuli/P","pictures/stimuli/P","M","M","1","60d0a967955501a6a76b2bb7","06/30/2022, 09:25:48",-2.62600996507682,"27","Male","left",1,1,0,0,FALSE,"P_M_david_camer.png P_M_Sajid_Javid.png"
1792,"E_M_Simon_Pegg.png","P_M_david_camer.png","FALSE","pictures/stimuli/E","pictures/stimuli/P","M","M","6","60d0a967955501a6a76b2bb7","06/30/2022, 09:25:48",0.673870282043523,"27","Male","left",1,1,0,0,FALSE,"E_M_Simon_Pegg.png P_M_david_camer.png"
2362,"E_M_Simon_Pegg.png","P_F_Theresa_May.png","FALSE","pictures/stimuli/E","pictures/stimuli/P","M","F","6","60d0a967955501a6a76b2bb7","06/30/2022, 09:25:48",0.673870282043523,"27","Male","left",1,1,0,0,FALSE,"E_M_Simon_Pegg.png P_F_Theresa_May.png"
7984,"E_M_Jimmy_Carr.png","E_M_Simon_Pegg.png","TRUE","pictures/stimuli/E","pictures/stimuli/E","M","M","3","60d0a967955501a6a76b2bb7","06/30/2022, 09:25:48",-1.30605786622868,"27","Male","left",1,1,0,0,FALSE,"E_M_Jimmy_Carr.png E_M_Simon_Pegg.png"
1906,"E_F_Julie_Walters.png","P_M_Gordon_Brown.png","FALSE","pictures/stimuli/E","pictures/stimuli/P","F","M","6","60d0a967955501a6a76b2bb7","06/30/2022, 09:25:48",0.673870282043523,"27","Male","left",1,1,0,0,FALSE,"E_F_Julie_Walters.png P_M_Gordon_Brown.png"
2084,"E_M_Russell_Howard.png","P_M_Gordon_Brown.png","FALSE","pictures/stimuli/E","pictures/stimuli/P","M","M","6","60d0a967955501a6a76b2bb7","06/30/2022, 09:25:48",0.673870282043523,"27","Male","left",1,1,0,0,FALSE,"E_M_Russell_Howard.png P_M_Gordon_Brown.png"
1876,"E_M_Russell_Howard.png","P_F_nicola_sturge.png","FALSE","pictures/stimuli/E","pictures/stimuli/P","M","F","6","60d0a967955501a6a76b2bb7","06/30/2022, 09:25:48",0.673870282043523,"27","Male","left",1,1,0,0,FALSE,"E_M_Russell_Howard.png P_F_nicola_sturge.png"
4727,"P_M_keir_starmer.png","P_M_Michael_Gove.png","TRUE","pictures/stimuli/P","pictures/stimuli/P","M","M","5","60d0a967955501a6a76b2bb7","06/30/2022, 09:25:48",0.0138942326194541,"27","Male","left",1,1,0,0,FALSE,"P_M_keir_starmer.png P_M_Michael_Gove.png"
1835,"E_F_Sarah_Millican.png","P_M_Sajid_Javid.png","FALSE","pictures/stimuli/E","pictures/stimuli/P","F","M","6","60d0a967955501a6a76b2bb7","06/30/2022, 09:25:48",0.673870282043523,"27","Male","left",1,1,0,0,FALSE,"E_F_Sarah_Millican.png P_M_Sajid_Javid.png"
1772,"E_M_Peter_Kay.png","P_M_Michael_Gove.png","FALSE","pictures/stimuli/E","pictures/stimuli/P","M","M","6","60d0a967955501a6a76b2bb7","06/30/2022, 09:25:48",0.673870282043523,"27","Male","left",1,1,0,0,FALSE,"E_M_Peter_Kay.png P_M_Michael_Gove.png"
3047,"E_F_Julie_Walters.png","P_M_nigel_farage.png","FALSE","pictures/stimuli/E","pictures/stimuli/P","F","M","6","60d0a967955501a6a76b2bb7","06/30/2022, 09:25:48",0.673870282043523,"27","Male","left",1,1,0,0,FALSE,"E_F_Julie_Walters.png P_M_nigel_farage.png"
3734,"E_F_Julie_Walters.png","E_M_Simon_Pegg.png","TRUE","pictures/stimuli/E","pictures/stimuli/E","F","M","5","60d0a967955501a6a76b2bb7","06/30/2022, 09:25:48",0.0138942326194541,"27","Male","left",1,1,0,0,FALSE,"E_F_Julie_Walters.png E_M_Simon_Pegg.png"
3127,"P_M_jeremy_corbyn.png","P_M_Tony_Blair.png","TRUE","pictures/stimuli/P","pictures/stimuli/P","M","M","6","60d0a967955501a6a76b2bb7","06/30/2022, 09:25:48",0.673870282043523,"27","Male","left",1,1,0,0,FALSE,"P_M_jeremy_corbyn.png P_M_Tony_Blair.png"
4215,"E_F_Sarah_Millican.png","E_M_Russell_Howard.png","TRUE","pictures/stimuli/E","pictures/stimuli/E","F","M","1","60d0a967955501a6a76b2bb7","06/30/2022, 09:25:48",-2.62600996507682,"27","Male","left",1,1,0,0,FALSE,"E_F_Sarah_Millican.png E_M_Russell_Howard.png"
2705,"E_M_Michael_McIntyr.png","E_M_Simon_Pegg.png","TRUE","pictures/stimuli/E","pictures/stimuli/E","M","M","5","60d0a967955501a6a76b2bb7","06/30/2022, 09:25:48",0.0138942326194541,"27","Male","left",1,1,0,0,FALSE,"E_M_Michael_McIntyr.png E_M_Simon_Pegg.png"
3550,"E_F_Julie_Walters.png","E_M_Russell_Howard.png","TRUE","pictures/stimuli/E","pictures/stimuli/E","F","M","6","60d0a967955501a6a76b2bb7","06/30/2022, 09:25:48",0.673870282043523,"27","Male","left",1,1,0,0,FALSE,"E_F_Julie_Walters.png E_M_Russell_Howard.png"
1862,"E_M_Russell_Howard.png","P_M_Sajid_Javid.png","FALSE","pictures/stimuli/E","pictures/stimuli/P","M","M","6","60d0a967955501a6a76b2bb7","06/30/2022, 09:25:48",0.673870282043523,"27","Male","left",1,1,0,0,FALSE,"E_M_Russell_Howard.png P_M_Sajid_Javid.png"
3602,"P_F_Theresa_May.png","P_M_keir_starmer.png","TRUE","pictures/stimuli/P","pictures/stimuli/P","F","M","5","60d0a967955501a6a76b2bb7","06/30/2022, 09:25:48",0.0138942326194541,"27","Male","left",1,1,0,0,FALSE,"P_F_Theresa_May.png P_M_keir_starmer.png"
3246,"E_F_Jennifer_Saunders.png","P_M_Tony_Blair.png","FALSE","pictures/stimuli/E","pictures/stimuli/P","F","M","6","60d0a967955501a6a76b2bb7","06/30/2022, 09:25:48",0.673870282043523,"27","Male","left",1,1,0,0,FALSE,"E_F_Jennifer_Saunders.png P_M_Tony_Blair.png"
2966,"E_F_Sarah_Millican.png","P_M_Gordon_Brown.png","FALSE","pictures/stimuli/E","pictures/stimuli/P","F","M","6","60d0a967955501a6a76b2bb7","06/30/2022, 09:25:48",0.673870282043523,"27","Male","left",1,1,0,0,FALSE,"E_F_Sarah_Millican.png P_M_Gordon_Brown.png"
3636,"E_F_Sarah_Millican.png","P_M_jeremy_corbyn.png","FALSE","pictures/stimuli/E","pictures/stimuli/P","F","M","6","60d0a967955501a6a76b2bb7","06/30/2022, 09:25:48",0.673870282043523,"27","Male","left",1,1,0,0,FALSE,"E_F_Sarah_Millican.png P_M_jeremy_corbyn.png"
2151,"P_M_jeremy_corbyn.png","P_M_Sajid_Javid.png","TRUE","pictures/stimuli/P","pictures/stimuli/P","M","M","6","60d0a967955501a6a76b2bb7","06/30/2022, 09:25:48",0.673870282043523,"27","Male","left",1,1,0,0,FALSE,"P_M_jeremy_corbyn.png P_M_Sajid_Javid.png"
2042,"E_F_Sarah_Millican.png","P_F_nicola_sturge.png","FALSE","pictures/stimuli/E","pictures/stimuli/P","F","F","6","60d0a967955501a6a76b2bb7","06/30/2022, 09:25:48",0.673870282043523,"27","Male","left",1,1,0,0,FALSE,"E_F_Sarah_Millican.png P_F_nicola_sturge.png"
1876,"P_M_jeremy_corbyn.png","P_M_Michael_Gove.png","TRUE","pictures/stimuli/P","pictures/stimuli/P","M","M","6","60d0a967955501a6a76b2bb7","06/30/2022, 09:25:48",0.673870282043523,"27","Male","left",1,1,0,0,FALSE,"P_M_jeremy_corbyn.png P_M_Michael_Gove.png"
4479,"E_F_Julie_Walters.png","P_M_Michael_Gove.png","FALSE","pictures/stimuli/E","pictures/stimuli/P","F","M","6","60d0a967955501a6a76b2bb7","06/30/2022, 09:25:48",0.673870282043523,"27","Male","left",1,1,0,0,FALSE,"E_F_Julie_Walters.png P_M_Michael_Gove.png"
2407,"E_M_Ewan_McGregor.png","P_M_david_camer.png","FALSE","pictures/stimuli/E","pictures/stimuli/P","M","M","6","60d0a967955501a6a76b2bb7","06/30/2022, 09:25:48",0.673870282043523,"27","Male","left",1,1,0,0,FALSE,"E_M_Ewan_McGregor.png P_M_david_camer.png"
3745,"E_F_Dawn_Roma_French.png","E_M_Simon_Pegg.png","TRUE","pictures/stimuli/E","pictures/stimuli/E","F","M","5","60d0a967955501a6a76b2bb7","06/30/2022, 09:25:48",0.0138942326194541,"27","Male","left",1,1,0,0,FALSE,"E_F_Dawn_Roma_French.png E_M_Simon_Pegg.png"
3144,"E_M_Russell_Howard.png","P_M_david_camer.png","FALSE","pictures/stimuli/E","pictures/stimuli/P","M","M","6","60d0a967955501a6a76b2bb7","06/30/2022, 09:25:48",0.673870282043523,"27","Male","left",1,1,0,0,FALSE,"E_M_Russell_Howard.png P_M_david_camer.png"
2128,"E_F_Julie_Walters.png","P_M_Tony_Blair.png","FALSE","pictures/stimuli/E","pictures/stimuli/P","F","M","6","60d0a967955501a6a76b2bb7","06/30/2022, 09:25:48",0.673870282043523,"27","Male","left",1,1,0,0,FALSE,"E_F_Julie_Walters.png P_M_Tony_Blair.png"
4615,"P_F_nicola_sturge.png","P_M_david_camer.png","TRUE","pictures/stimuli/P","pictures/stimuli/P","F","M","5","60d0a967955501a6a76b2bb7","06/30/2022, 09:25:48",0.0138942326194541,"27","Male","left",1,1,0,0,FALSE,"P_F_nicola_sturge.png P_M_david_camer.png"
2124,"E_F_Jennifer_Saunders.png","P_M_nigel_farage.png","FALSE","pictures/stimuli/E","pictures/stimuli/P","F","M","6","60d0a967955501a6a76b2bb7","06/30/2022, 09:25:48",0.673870282043523,"27","Male","left",1,1,0,0,FALSE,"E_F_Jennifer_Saunders.png P_M_nigel_farage.png"
9031,"E_M_Jimmy_Carr.png","E_M_Michael_McIntyr.png","TRUE","pictures/stimuli/E","pictures/stimuli/E","M","M","2","60d0a967955501a6a76b2bb7","06/30/2022, 09:25:48",-1.96603391565275,"27","Male","left",1,1,0,0,FALSE,"E_M_Jimmy_Carr.png E_M_Michael_McIntyr.png"
2201,"E_M_Russell_Howard.png","P_M_jeremy_corbyn.png","FALSE","pictures/stimuli/E","pictures/stimuli/P","M","M","6","60d0a967955501a6a76b2bb7","06/30/2022, 09:25:48",0.673870282043523,"27","Male","left",1,1,0,0,FALSE,"E_M_Russell_Howard.png P_M_jeremy_corbyn.png"
2316,"P_F_nicola_sturge.png","P_M_nigel_farage.png","TRUE","pictures/stimuli/P","pictures/stimuli/P","F","M","6","60d0a967955501a6a76b2bb7","06/30/2022, 09:25:48",0.673870282043523,"27","Male","left",1,1,0,0,FALSE,"P_F_nicola_sturge.png P_M_nigel_farage.png"
2439,"P_M_Gordon_Brown.png","P_M_Sajid_Javid.png","TRUE","pictures/stimuli/P","pictures/stimuli/P","M","M","6","60d0a967955501a6a76b2bb7","06/30/2022, 09:25:48",0.673870282043523,"27","Male","left",1,1,0,0,FALSE,"P_M_Gordon_Brown.png P_M_Sajid_Javid.png"
2646,"E_F_Sarah_Millican.png","P_M_nigel_farage.png","FALSE","pictures/stimuli/E","pictures/stimuli/P","F","M","6","60d0a967955501a6a76b2bb7","06/30/2022, 09:25:48",0.673870282043523,"27","Male","left",1,1,0,0,FALSE,"E_F_Sarah_Millican.png P_M_nigel_farage.png"
10313,"E_M_Russell_Howard.png","E_M_Simon_Pegg.png","TRUE","pictures/stimuli/E","pictures/stimuli/E","M","M","3","60d0a967955501a6a76b2bb7","06/30/2022, 09:25:48",-1.30605786622868,"27","Male","left",1,1,0,0,FALSE,"E_M_Russell_Howard.png E_M_Simon_Pegg.png"
2228,"E_F_Dawn_Roma_French.png","P_M_Tony_Blair.png","FALSE","pictures/stimuli/E","pictures/stimuli/P","F","M","6","60d0a967955501a6a76b2bb7","06/30/2022, 09:25:48",0.673870282043523,"27","Male","left",1,1,0,0,FALSE,"E_F_Dawn_Roma_French.png P_M_Tony_Blair.png"
5573,"P_M_Sajid_Javid.png","P_M_Tony_Blair.png","TRUE","pictures/stimuli/P","pictures/stimuli/P","M","M","5","60d0a967955501a6a76b2bb7","06/30/2022, 09:25:48",0.0138942326194541,"27","Male","left",1,1,0,0,FALSE,"P_M_Sajid_Javid.png P_M_Tony_Blair.png"
2011,"E_M_Jimmy_Carr.png","P_M_jeremy_corbyn.png","FALSE","pictures/stimuli/E","pictures/stimuli/P","M","M","6","60d0a967955501a6a76b2bb7","06/30/2022, 09:25:48",0.673870282043523,"27","Male","left",1,1,0,0,FALSE,"E_M_Jimmy_Carr.png P_M_jeremy_corbyn.png"
1633,"E_M_Jimmy_Carr.png","P_M_Michael_Gove.png","FALSE","pictures/stimuli/E","pictures/stimuli/P","M","M","6","60d0a967955501a6a76b2bb7","06/30/2022, 09:25:48",0.673870282043523,"27","Male","left",1,1,0,0,FALSE,"E_M_Jimmy_Carr.png P_M_Michael_Gove.png"
2717,"E_M_Michael_McIntyr.png","P_M_Gordon_Brown.png","FALSE","pictures/stimuli/E","pictures/stimuli/P","M","M","6","60d0a967955501a6a76b2bb7","06/30/2022, 09:25:48",0.673870282043523,"27","Male","left",1,1,0,0,FALSE,"E_M_Michael_McIntyr.png P_M_Gordon_Brown.png"
5288,"P_F_nicola_sturge.png","P_F_Theresa_May.png","TRUE","pictures/stimuli/P","pictures/stimuli/P","F","F","5","60d0a967955501a6a76b2bb7","06/30/2022, 09:25:48",0.0138942326194541,"27","Male","left",1,1,0,0,FALSE,"P_F_nicola_sturge.png P_F_Theresa_May.png"
2925,"P_F_Theresa_May.png","P_M_jeremy_corbyn.png","TRUE","pictures/stimuli/P","pictures/stimuli/P","F","M","6","60d0a967955501a6a76b2bb7","06/30/2022, 09:25:48",0.673870282043523,"27","Male","left",1,1,0,0,FALSE,"P_F_Theresa_May.png P_M_jeremy_corbyn.png"
2445,"E_M_Simon_Pegg.png","P_M_Michael_Gove.png","FALSE","pictures/stimuli/E","pictures/stimuli/P","M","M","6","60d0a967955501a6a76b2bb7","06/30/2022, 09:25:48",0.673870282043523,"27","Male","left",1,1,0,0,FALSE,"E_M_Simon_Pegg.png P_M_Michael_Gove.png"
1814,"E_M_Ewan_McGregor.png","P_F_nicola_sturge.png","FALSE","pictures/stimuli/E","pictures/stimuli/P","M","F","6","60d0a967955501a6a76b2bb7","06/30/2022, 09:25:48",0.673870282043523,"27","Male","left",1,1,0,0,FALSE,"E_M_Ewan_McGregor.png P_F_nicola_sturge.png"
7441,"P_M_david_camer.png","P_M_keir_starmer.png","TRUE","pictures/stimuli/P","pictures/stimuli/P","M","M","4","60d0a967955501a6a76b2bb7","06/30/2022, 09:25:48",-0.646081816804615,"27","Male","left",1,1,0,0,FALSE,"P_M_david_camer.png P_M_keir_starmer.png"
4204,"P_F_nicola_sturge.png","P_M_jeremy_corbyn.png","TRUE","pictures/stimuli/P","pictures/stimuli/P","F","M","5","60d0a967955501a6a76b2bb7","06/30/2022, 09:25:48",0.0138942326194541,"27","Male","left",1,1,0,0,FALSE,"P_F_nicola_sturge.png P_M_jeremy_corbyn.png"
4251,"E_M_Simon_Pegg.png","P_M_Sajid_Javid.png","FALSE","pictures/stimuli/E","pictures/stimuli/P","M","M","6","60d0a967955501a6a76b2bb7","06/30/2022, 09:25:48",0.673870282043523,"27","Male","left",1,1,0,0,FALSE,"E_M_Simon_Pegg.png P_M_Sajid_Javid.png"
4533,"E_F_Jennifer_Saunders.png","P_M_keir_starmer.png","FALSE","pictures/stimuli/E","pictures/stimuli/P","F","M","6","60d0a967955501a6a76b2bb7","06/30/2022, 09:25:48",0.673870282043523,"27","Male","left",1,1,0,0,FALSE,"E_F_Jennifer_Saunders.png P_M_keir_starmer.png"
2194,"E_F_Dawn_Roma_French.png","P_M_Michael_Gove.png","FALSE","pictures/stimuli/E","pictures/stimuli/P","F","M","6","60d0a967955501a6a76b2bb7","06/30/2022, 09:25:48",0.673870282043523,"27","Male","left",1,1,0,0,FALSE,"E_F_Dawn_Roma_French.png P_M_Michael_Gove.png"
2634,"E_F_Sarah_Millican.png","P_M_keir_starmer.png","FALSE","pictures/stimuli/E","pictures/stimuli/P","F","M","6","60d0a967955501a6a76b2bb7","06/30/2022, 09:25:48",0.673870282043523,"27","Male","left",1,1,0,0,FALSE,"E_F_Sarah_Millican.png P_M_keir_starmer.png"
4611,"E_F_Jennifer_Saunders.png","E_F_Sarah_Millican.png","TRUE","pictures/stimuli/E","pictures/stimuli/E","F","F","3","60d0a967955501a6a76b2bb7","06/30/2022, 09:25:48",-1.30605786622868,"27","Male","left",1,1,0,0,FALSE,"E_F_Jennifer_Saunders.png E_F_Sarah_Millican.png"
1868,"E_M_Simon_Pegg.png","P_M_Tony_Blair.png","FALSE","pictures/stimuli/E","pictures/stimuli/P","M","M","6","60d0a967955501a6a76b2bb7","06/30/2022, 09:25:48",0.673870282043523,"27","Male","left",1,1,0,0,FALSE,"E_M_Simon_Pegg.png P_M_Tony_Blair.png"
4687,"E_M_Michael_McIntyr.png","P_F_Theresa_May.png","FALSE","pictures/stimuli/E","pictures/stimuli/P","M","F","6","60d0a967955501a6a76b2bb7","06/30/2022, 09:25:48",0.673870282043523,"27","Male","left",1,1,0,0,FALSE,"E_M_Michael_McIntyr.png P_F_Theresa_May.png"
8907,"E_F_Dawn_Roma_French.png","E_M_Russell_Howard.png","TRUE","pictures/stimuli/E","pictures/stimuli/E","F","M","5","60d0a967955501a6a76b2bb7","06/30/2022, 09:25:48",0.0138942326194541,"27","Male","left",1,1,0,0,FALSE,"E_F_Dawn_Roma_French.png E_M_Russell_Howard.png"
4826,"P_F_nicola_sturge.png","P_M_keir_starmer.png","TRUE","pictures/stimuli/P","pictures/stimuli/P","F","M","5","60d0a967955501a6a76b2bb7","06/30/2022, 09:25:48",0.0138942326194541,"27","Male","left",1,1,0,0,FALSE,"P_F_nicola_sturge.png P_M_keir_starmer.png"
2409,"E_M_Peter_Kay.png","P_M_Gordon_Brown.png","FALSE","pictures/stimuli/E","pictures/stimuli/P","M","M","6","60d0a967955501a6a76b2bb7","06/30/2022, 09:25:48",0.673870282043523,"27","Male","left",1,1,0,0,FALSE,"E_M_Peter_Kay.png P_M_Gordon_Brown.png"
2576,"E_F_Dawn_Roma_French.png","P_M_Gordon_Brown.png","FALSE","pictures/stimuli/E","pictures/stimuli/P","F","M","6","60d0a967955501a6a76b2bb7","06/30/2022, 09:25:48",0.673870282043523,"27","Male","left",1,1,0,0,FALSE,"E_F_Dawn_Roma_French.png P_M_Gordon_Brown.png"
2309,"E_M_Jimmy_Carr.png","P_M_keir_starmer.png","FALSE","pictures/stimuli/E","pictures/stimuli/P","M","M","6","60d0a967955501a6a76b2bb7","06/30/2022, 09:25:48",0.673870282043523,"27","Male","left",1,1,0,0,FALSE,"E_M_Jimmy_Carr.png P_M_keir_starmer.png"
2708,"E_F_Jennifer_Saunders.png","P_M_david_camer.png","FALSE","pictures/stimuli/E","pictures/stimuli/P","F","M","6","60d0a967955501a6a76b2bb7","06/30/2022, 09:25:48",0.673870282043523,"27","Male","left",1,1,0,0,FALSE,"E_F_Jennifer_Saunders.png P_M_david_camer.png"
2454,"P_M_keir_starmer.png","P_M_nigel_farage.png","TRUE","pictures/stimuli/P","pictures/stimuli/P","M","M","6","60d0a967955501a6a76b2bb7","06/30/2022, 09:25:48",0.673870282043523,"27","Male","left",1,1,0,0,FALSE,"P_M_keir_starmer.png P_M_nigel_farage.png"
1909,"E_M_Ewan_McGregor.png","E_M_Michael_McIntyr.png","TRUE","pictures/stimuli/E","pictures/stimuli/E","M","M","6","60d0a967955501a6a76b2bb7","06/30/2022, 09:25:48",0.673870282043523,"27","Male","left",1,1,0,0,FALSE,"E_M_Ewan_McGregor.png E_M_Michael_McIntyr.png"
2131,"P_F_nicola_sturge.png","P_M_Michael_Gove.png","TRUE","pictures/stimuli/P","pictures/stimuli/P","F","M","6","60d0a967955501a6a76b2bb7","06/30/2022, 09:25:48",0.673870282043523,"27","Male","left",1,1,0,0,FALSE,"P_F_nicola_sturge.png P_M_Michael_Gove.png"
4210,"P_M_Michael_Gove.png","P_M_nigel_farage.png","TRUE","pictures/stimuli/P","pictures/stimuli/P","M","M","2","60d0a967955501a6a76b2bb7","06/30/2022, 09:25:48",-1.96603391565275,"27","Male","left",1,1,0,0,FALSE,"P_M_Michael_Gove.png P_M_nigel_farage.png"
2634,"P_F_Theresa_May.png","P_M_Gordon_Brown.png","TRUE","pictures/stimuli/P","pictures/stimuli/P","F","M","6","60d0a967955501a6a76b2bb7","06/30/2022, 09:25:48",0.673870282043523,"27","Male","left",1,1,0,0,FALSE,"P_F_Theresa_May.png P_M_Gordon_Brown.png"
2432,"E_F_Julie_Walters.png","P_M_Sajid_Javid.png","FALSE","pictures/stimuli/E","pictures/stimuli/P","F","M","6","60d0a967955501a6a76b2bb7","06/30/2022, 09:25:48",0.673870282043523,"27","Male","left",1,1,0,0,FALSE,"E_F_Julie_Walters.png P_M_Sajid_Javid.png"
1839,"E_M_Russell_Howard.png","P_M_nigel_farage.png","FALSE","pictures/stimuli/E","pictures/stimuli/P","M","M","6","60d0a967955501a6a76b2bb7","06/30/2022, 09:25:48",0.673870282043523,"27","Male","left",1,1,0,0,FALSE,"E_M_Russell_Howard.png P_M_nigel_farage.png"
3799,"E_F_Julie_Walters.png","E_M_Ewan_McGregor.png","TRUE","pictures/stimuli/E","pictures/stimuli/E","F","M","4","60d0a967955501a6a76b2bb7","06/30/2022, 09:25:48",-0.646081816804615,"27","Male","left",1,1,0,0,FALSE,"E_F_Julie_Walters.png E_M_Ewan_McGregor.png"
3261,"E_F_Dawn_Roma_French.png","P_F_nicola_sturge.png","FALSE","pictures/stimuli/E","pictures/stimuli/P","F","F","6","60d0a967955501a6a76b2bb7","06/30/2022, 09:25:48",0.673870282043523,"27","Male","left",1,1,0,0,FALSE,"E_F_Dawn_Roma_French.png P_F_nicola_sturge.png"
5486,"E_F_Dawn_Roma_French.png","E_F_Julie_Walters.png","TRUE","pictures/stimuli/E","pictures/stimuli/E","F","F","3","60d0a967955501a6a76b2bb7","06/30/2022, 09:25:48",-1.30605786622868,"27","Male","left",1,1,0,0,FALSE,"E_F_Dawn_Roma_French.png E_F_Julie_Walters.png"
3625,"E_F_Jennifer_Saunders.png","E_M_Russell_Howard.png","TRUE","pictures/stimuli/E","pictures/stimuli/E","F","M","4","60d0a967955501a6a76b2bb7","06/30/2022, 09:25:48",-0.646081816804615,"27","Male","left",1,1,0,0,FALSE,"E_F_Jennifer_Saunders.png E_M_Russell_Howard.png"
2455,"E_F_Jennifer_Saunders.png","P_M_Sajid_Javid.png","FALSE","pictures/stimuli/E","pictures/stimuli/P","F","M","6","60d0a967955501a6a76b2bb7","06/30/2022, 09:25:48",0.673870282043523,"27","Male","left",1,1,0,0,FALSE,"E_F_Jennifer_Saunders.png P_M_Sajid_Javid.png"
2232,"E_M_Simon_Pegg.png","P_M_keir_starmer.png","FALSE","pictures/stimuli/E","pictures/stimuli/P","M","M","6","60d0a967955501a6a76b2bb7","06/30/2022, 09:25:48",0.673870282043523,"27","Male","left",1,1,0,0,FALSE,"E_M_Simon_Pegg.png P_M_keir_starmer.png"
1956,"E_M_Jimmy_Carr.png","P_F_nicola_sturge.png","FALSE","pictures/stimuli/E","pictures/stimuli/P","M","F","6","60d0a967955501a6a76b2bb7","06/30/2022, 09:25:48",0.673870282043523,"27","Male","left",1,1,0,0,FALSE,"E_M_Jimmy_Carr.png P_F_nicola_sturge.png"
1851,"E_M_Michael_McIntyr.png","P_M_Tony_Blair.png","FALSE","pictures/stimuli/E","pictures/stimuli/P","M","M","6","60d0a967955501a6a76b2bb7","06/30/2022, 09:25:48",0.673870282043523,"27","Male","left",1,1,0,0,FALSE,"E_M_Michael_McIntyr.png P_M_Tony_Blair.png"
1867,"E_F_Sarah_Millican.png","P_M_Tony_Blair.png","FALSE","pictures/stimuli/E","pictures/stimuli/P","F","M","6","60d0a967955501a6a76b2bb7","06/30/2022, 09:25:48",0.673870282043523,"27","Male","left",1,1,0,0,FALSE,"E_F_Sarah_Millican.png P_M_Tony_Blair.png"
1972,"E_F_Sarah_Millican.png","P_M_david_camer.png","FALSE","pictures/stimuli/E","pictures/stimuli/P","F","M","6","60d0a967955501a6a76b2bb7","06/30/2022, 09:25:48",0.673870282043523,"27","Male","left",1,1,0,0,FALSE,"E_F_Sarah_Millican.png P_M_david_camer.png"
4761,"E_F_Jennifer_Saunders.png","E_M_Michael_McIntyr.png","TRUE","pictures/stimuli/E","pictures/stimuli/E","F","M","5","60d0a967955501a6a76b2bb7","06/30/2022, 09:25:48",0.0138942326194541,"27","Male","left",1,1,0,0,FALSE,"E_F_Jennifer_Saunders.png E_M_Michael_McIntyr.png"
3571,"E_M_Jimmy_Carr.png","P_F_Theresa_May.png","FALSE","pictures/stimuli/E","pictures/stimuli/P","M","F","6","60d0a967955501a6a76b2bb7","06/30/2022, 09:25:48",0.673870282043523,"27","Male","left",1,1,0,0,FALSE,"E_M_Jimmy_Carr.png P_F_Theresa_May.png"
2067,"E_M_Peter_Kay.png","P_F_nicola_sturge.png","FALSE","pictures/stimuli/E","pictures/stimuli/P","M","F","6","60d0a967955501a6a76b2bb7","06/30/2022, 09:25:48",0.673870282043523,"27","Male","left",1,1,0,0,FALSE,"E_M_Peter_Kay.png P_F_nicola_sturge.png"
4960,"E_F_Julie_Walters.png","E_M_Peter_Kay.png","TRUE","pictures/stimuli/E","pictures/stimuli/E","F","M","5","60d0a967955501a6a76b2bb7","06/30/2022, 09:25:48",0.0138942326194541,"27","Male","left",1,1,0,0,FALSE,"E_F_Julie_Walters.png E_M_Peter_Kay.png"
7889,"P_M_keir_starmer.png","P_M_Sajid_Javid.png","TRUE","pictures/stimuli/P","pictures/stimuli/P","M","M","4","60d0a967955501a6a76b2bb7","06/30/2022, 09:25:48",-0.646081816804615,"27","Male","left",1,1,0,0,FALSE,"P_M_keir_starmer.png P_M_Sajid_Javid.png"
3597,"E_M_Ewan_McGregor.png","E_M_Simon_Pegg.png","TRUE","pictures/stimuli/E","pictures/stimuli/E","M","M","4","60d0a967955501a6a76b2bb7","06/30/2022, 09:25:48",-0.646081816804615,"27","Male","left",1,1,0,0,FALSE,"E_M_Ewan_McGregor.png E_M_Simon_Pegg.png"
2666,"E_F_Sarah_Millican.png","E_M_Simon_Pegg.png","TRUE","pictures/stimuli/E","pictures/stimuli/E","F","M","6","60d0a967955501a6a76b2bb7","06/30/2022, 09:25:48",0.673870282043523,"27","Male","left",1,1,0,0,FALSE,"E_F_Sarah_Millican.png E_M_Simon_Pegg.png"
2409,"E_F_Dawn_Roma_French.png","P_F_Theresa_May.png","FALSE","pictures/stimuli/E","pictures/stimuli/P","F","F","6","60d0a967955501a6a76b2bb7","06/30/2022, 09:25:48",0.673870282043523,"27","Male","left",1,1,0,0,FALSE,"E_F_Dawn_Roma_French.png P_F_Theresa_May.png"
4096,"P_F_Theresa_May.png","P_M_david_camer.png","TRUE","pictures/stimuli/P","pictures/stimuli/P","F","M","1","60d0a967955501a6a76b2bb7","06/30/2022, 09:25:48",-2.62600996507682,"27","Male","left",1,1,0,0,FALSE,"P_F_Theresa_May.png P_M_david_camer.png"
2752,"P_M_david_camer.png","P_M_Gordon_Brown.png","TRUE","pictures/stimuli/P","pictures/stimuli/P","M","M","6","60d0a967955501a6a76b2bb7","06/30/2022, 09:25:48",0.673870282043523,"27","Male","left",1,1,0,0,FALSE,"P_M_david_camer.png P_M_Gordon_Brown.png"
4825,"P_M_Gordon_Brown.png","P_M_keir_starmer.png","TRUE","pictures/stimuli/P","pictures/stimuli/P","M","M","3","60d0a967955501a6a76b2bb7","06/30/2022, 09:25:48",-1.30605786622868,"27","Male","left",1,1,0,0,FALSE,"P_M_Gordon_Brown.png P_M_keir_starmer.png"
2174,"E_M_Ewan_McGregor.png","P_M_Gordon_Brown.png","FALSE","pictures/stimuli/E","pictures/stimuli/P","M","M","6","60d0a967955501a6a76b2bb7","06/30/2022, 09:25:48",0.673870282043523,"27","Male","left",1,1,0,0,FALSE,"E_M_Ewan_McGregor.png P_M_Gordon_Brown.png"
6620,"E_F_Jennifer_Saunders.png","E_F_Julie_Walters.png","TRUE","pictures/stimuli/E","pictures/stimuli/E","F","F","1","60d0a967955501a6a76b2bb7","06/30/2022, 09:25:48",-2.62600996507682,"27","Male","left",1,1,0,0,FALSE,"E_F_Jennifer_Saunders.png E_F_Julie_Walters.png"
4644,"E_M_Michael_McIntyr.png","P_M_david_camer.png","FALSE","pictures/stimuli/E","pictures/stimuli/P","M","M","6","60d0a967955501a6a76b2bb7","06/30/2022, 09:25:48",0.673870282043523,"27","Male","left",1,1,0,0,FALSE,"E_M_Michael_McIntyr.png P_M_david_camer.png"
4535,"E_F_Sarah_Millican.png","E_M_Michael_McIntyr.png","TRUE","pictures/stimuli/E","pictures/stimuli/E","F","M","2","60d0a967955501a6a76b2bb7","06/30/2022, 09:25:48",-1.96603391565275,"27","Male","left",1,1,0,0,FALSE,"E_F_Sarah_Millican.png E_M_Michael_McIntyr.png"
19328,"E_M_Ewan_McGregor.png","E_M_Jimmy_Carr.png","TRUE","pictures/stimuli/E","pictures/stimuli/E","M","M","6","60d0a967955501a6a76b2bb7","06/30/2022, 09:25:48",0.673870282043523,"27","Male","left",1,1,0,0,FALSE,"E_M_Ewan_McGregor.png E_M_Jimmy_Carr.png"
3885,"E_M_Peter_Kay.png","E_M_Simon_Pegg.png","TRUE","pictures/stimuli/E","pictures/stimuli/E","M","M","4","60d0a967955501a6a76b2bb7","06/30/2022, 09:25:48",-0.646081816804615,"27","Male","left",1,1,0,0,FALSE,"E_M_Peter_Kay.png E_M_Simon_Pegg.png"
7546,"P_F_Theresa_May.png","P_M_nigel_farage.png","TRUE","pictures/stimuli/P","pictures/stimuli/P","F","M","4","60d0a967955501a6a76b2bb7","06/30/2022, 09:25:48",-0.646081816804615,"27","Male","left",1,1,0,0,FALSE,"P_F_Theresa_May.png P_M_nigel_farage.png"
3949,"E_F_Jennifer_Saunders.png","P_M_jeremy_corbyn.png","FALSE","pictures/stimuli/E","pictures/stimuli/P","F","M","6","60d0a967955501a6a76b2bb7","06/30/2022, 09:25:48",0.673870282043523,"27","Male","left",1,1,0,0,FALSE,"E_F_Jennifer_Saunders.png P_M_jeremy_corbyn.png"
3800,"E_M_Ewan_McGregor.png","E_M_Russell_Howard.png","TRUE","pictures/stimuli/E","pictures/stimuli/E","M","M","6","60d0a967955501a6a76b2bb7","06/30/2022, 09:25:48",0.673870282043523,"27","Male","left",1,1,0,0,FALSE,"E_M_Ewan_McGregor.png E_M_Russell_Howard.png"
4950,"P_M_david_camer.png","P_M_Tony_Blair.png","TRUE","pictures/stimuli/P","pictures/stimuli/P","M","M","5","60d0a967955501a6a76b2bb7","06/30/2022, 09:25:48",0.0138942326194541,"27","Male","left",1,1,0,0,FALSE,"P_M_david_camer.png P_M_Tony_Blair.png"
2177,"E_M_Russell_Howard.png","P_M_Michael_Gove.png","FALSE","pictures/stimuli/E","pictures/stimuli/P","M","M","6","60d0a967955501a6a76b2bb7","06/30/2022, 09:25:48",0.673870282043523,"27","Male","left",1,1,0,0,FALSE,"E_M_Russell_Howard.png P_M_Michael_Gove.png"
5279,"E_M_Michael_McIntyr.png","P_M_david_camer.png","FALSE","pictures/stimuli/E","pictures/stimuli/P","M","M","6","60ddcc052137212419247c3c","06/30/2022, 11:51:46",1.13545897473745,"34","Female","right",1,1,0,0,FALSE,"E_M_Michael_McIntyr.png P_M_david_camer.png"
2484,"E_M_Peter_Kay.png","P_M_Tony_Blair.png","FALSE","pictures/stimuli/E","pictures/stimuli/P","M","M","6","60ddcc052137212419247c3c","06/30/2022, 11:51:46",1.13545897473745,"34","Female","right",1,1,0,0,FALSE,"E_M_Peter_Kay.png P_M_Tony_Blair.png"
2843,"E_M_Michael_McIntyr.png","P_M_keir_starmer.png","FALSE","pictures/stimuli/E","pictures/stimuli/P","M","M","5","60ddcc052137212419247c3c","06/30/2022, 11:51:46",0.633744544039505,"34","Female","right",1,1,0,0,FALSE,"E_M_Michael_McIntyr.png P_M_keir_starmer.png"
4017,"E_F_Julie_Walters.png","P_F_Theresa_May.png","FALSE","pictures/stimuli/E","pictures/stimuli/P","F","F","4","60ddcc052137212419247c3c","06/30/2022, 11:51:46",0.132030113341563,"34","Female","right",1,1,0,0,FALSE,"E_F_Julie_Walters.png P_F_Theresa_May.png"
5716,"P_M_Michael_Gove.png","P_M_nigel_farage.png","TRUE","pictures/stimuli/P","pictures/stimuli/P","M","M","3","60ddcc052137212419247c3c","06/30/2022, 11:51:46",-0.369684317356378,"34","Female","right",1,1,0,0,FALSE,"P_M_Michael_Gove.png P_M_nigel_farage.png"
4303,"E_M_Simon_Pegg.png","P_M_Sajid_Javid.png","FALSE","pictures/stimuli/E","pictures/stimuli/P","M","M","4","60ddcc052137212419247c3c","06/30/2022, 11:51:46",0.132030113341563,"34","Female","right",1,1,0,0,FALSE,"E_M_Simon_Pegg.png P_M_Sajid_Javid.png"
3723,"P_M_Gordon_Brown.png","P_M_jeremy_corbyn.png","TRUE","pictures/stimuli/P","pictures/stimuli/P","M","M","3","60ddcc052137212419247c3c","06/30/2022, 11:51:46",-0.369684317356378,"34","Female","right",1,1,0,0,FALSE,"P_M_Gordon_Brown.png P_M_jeremy_corbyn.png"
2972,"E_F_Jennifer_Saunders.png","P_M_nigel_farage.png","FALSE","pictures/stimuli/E","pictures/stimuli/P","F","M","6","60ddcc052137212419247c3c","06/30/2022, 11:51:46",1.13545897473745,"34","Female","right",1,1,0,0,FALSE,"E_F_Jennifer_Saunders.png P_M_nigel_farage.png"
3553,"E_F_Julie_Walters.png","E_M_Michael_McIntyr.png","TRUE","pictures/stimuli/E","pictures/stimuli/E","F","M","2","60ddcc052137212419247c3c","06/30/2022, 11:51:46",-0.871398748054319,"34","Female","right",1,1,0,0,FALSE,"E_F_Julie_Walters.png E_M_Michael_McIntyr.png"
4941,"E_F_Sarah_Millican.png","E_M_Jimmy_Carr.png","TRUE","pictures/stimuli/E","pictures/stimuli/E","F","M","1","60ddcc052137212419247c3c","06/30/2022, 11:51:46",-1.37311317875226,"34","Female","right",1,1,0,0,FALSE,"E_F_Sarah_Millican.png E_M_Jimmy_Carr.png"
4931,"E_F_Sarah_Millican.png","P_M_Michael_Gove.png","FALSE","pictures/stimuli/E","pictures/stimuli/P","F","M","6","60ddcc052137212419247c3c","06/30/2022, 11:51:46",1.13545897473745,"34","Female","right",1,1,0,0,FALSE,"E_F_Sarah_Millican.png P_M_Michael_Gove.png"
5484,"E_F_Dawn_Roma_French.png","E_M_Russell_Howard.png","TRUE","pictures/stimuli/E","pictures/stimuli/E","F","M","4","60ddcc052137212419247c3c","06/30/2022, 11:51:46",0.132030113341563,"34","Female","right",1,1,0,0,FALSE,"E_F_Dawn_Roma_French.png E_M_Russell_Howard.png"
4972,"E_F_Jennifer_Saunders.png","P_F_Theresa_May.png","FALSE","pictures/stimuli/E","pictures/stimuli/P","F","F","5","60ddcc052137212419247c3c","06/30/2022, 11:51:46",0.633744544039505,"34","Female","right",1,1,0,0,FALSE,"E_F_Jennifer_Saunders.png P_F_Theresa_May.png"
5141,"E_F_Dawn_Roma_French.png","E_M_Jimmy_Carr.png","TRUE","pictures/stimuli/E","pictures/stimuli/E","F","M","2","60ddcc052137212419247c3c","06/30/2022, 11:51:46",-0.871398748054319,"34","Female","right",1,1,0,0,FALSE,"E_F_Dawn_Roma_French.png E_M_Jimmy_Carr.png"
3110,"E_F_Jennifer_Saunders.png","E_M_Jimmy_Carr.png","TRUE","pictures/stimuli/E","pictures/stimuli/E","F","M","2","60ddcc052137212419247c3c","06/30/2022, 11:51:46",-0.871398748054319,"34","Female","right",1,1,0,0,FALSE,"E_F_Jennifer_Saunders.png E_M_Jimmy_Carr.png"
6570,"E_M_Ewan_McGregor.png","P_M_jeremy_corbyn.png","FALSE","pictures/stimuli/E","pictures/stimuli/P","M","M","5","60ddcc052137212419247c3c","06/30/2022, 11:51:46",0.633744544039505,"34","Female","right",1,1,0,0,FALSE,"E_M_Ewan_McGregor.png P_M_jeremy_corbyn.png"
3623,"P_F_Theresa_May.png","P_M_nigel_farage.png","TRUE","pictures/stimuli/P","pictures/stimuli/P","F","M","1","60ddcc052137212419247c3c","06/30/2022, 11:51:46",-1.37311317875226,"34","Female","right",1,1,0,0,FALSE,"P_F_Theresa_May.png P_M_nigel_farage.png"
4492,"E_F_Julie_Walters.png","E_M_Russell_Howard.png","TRUE","pictures/stimuli/E","pictures/stimuli/E","F","M","3","60ddcc052137212419247c3c","06/30/2022, 11:51:46",-0.369684317356378,"34","Female","right",1,1,0,0,FALSE,"E_F_Julie_Walters.png E_M_Russell_Howard.png"
4881,"E_F_Dawn_Roma_French.png","P_F_nicola_sturge.png","FALSE","pictures/stimuli/E","pictures/stimuli/P","F","F","6","60ddcc052137212419247c3c","06/30/2022, 11:51:46",1.13545897473745,"34","Female","right",1,1,0,0,FALSE,"E_F_Dawn_Roma_French.png P_F_nicola_sturge.png"
3417,"E_F_Dawn_Roma_French.png","P_F_Theresa_May.png","FALSE","pictures/stimuli/E","pictures/stimuli/P","F","F","6","60ddcc052137212419247c3c","06/30/2022, 11:51:46",1.13545897473745,"34","Female","right",1,1,0,0,FALSE,"E_F_Dawn_Roma_French.png P_F_Theresa_May.png"
5561,"E_F_Sarah_Millican.png","P_F_nicola_sturge.png","FALSE","pictures/stimuli/E","pictures/stimuli/P","F","F","6","60ddcc052137212419247c3c","06/30/2022, 11:51:46",1.13545897473745,"34","Female","right",1,1,0,0,FALSE,"E_F_Sarah_Millican.png P_F_nicola_sturge.png"
3706,"E_M_Jimmy_Carr.png","E_M_Russell_Howard.png","TRUE","pictures/stimuli/E","pictures/stimuli/E","M","M","1","60ddcc052137212419247c3c","06/30/2022, 11:51:46",-1.37311317875226,"34","Female","right",1,1,0,0,FALSE,"E_M_Jimmy_Carr.png E_M_Russell_Howard.png"
4611,"E_F_Julie_Walters.png","P_M_Sajid_Javid.png","FALSE","pictures/stimuli/E","pictures/stimuli/P","F","M","5","60ddcc052137212419247c3c","06/30/2022, 11:51:46",0.633744544039505,"34","Female","right",1,1,0,0,FALSE,"E_F_Julie_Walters.png P_M_Sajid_Javid.png"
3761,"E_M_Russell_Howard.png","P_M_Michael_Gove.png","FALSE","pictures/stimuli/E","pictures/stimuli/P","M","M","5","60ddcc052137212419247c3c","06/30/2022, 11:51:46",0.633744544039505,"34","Female","right",1,1,0,0,FALSE,"E_M_Russell_Howard.png P_M_Michael_Gove.png"
3115,"E_M_Michael_McIntyr.png","P_M_Sajid_Javid.png","FALSE","pictures/stimuli/E","pictures/stimuli/P","M","M","6","60ddcc052137212419247c3c","06/30/2022, 11:51:46",1.13545897473745,"34","Female","right",1,1,0,0,FALSE,"E_M_Michael_McIntyr.png P_M_Sajid_Javid.png"
4984,"P_M_david_camer.png","P_M_nigel_farage.png","TRUE","pictures/stimuli/P","pictures/stimuli/P","M","M","2","60ddcc052137212419247c3c","06/30/2022, 11:51:46",-0.871398748054319,"34","Female","right",1,1,0,0,FALSE,"P_M_david_camer.png P_M_nigel_farage.png"
3349,"E_M_Peter_Kay.png","P_M_keir_starmer.png","FALSE","pictures/stimuli/E","pictures/stimuli/P","M","M","6","60ddcc052137212419247c3c","06/30/2022, 11:51:46",1.13545897473745,"34","Female","right",1,1,0,0,FALSE,"E_M_Peter_Kay.png P_M_keir_starmer.png"
7343,"E_F_Julie_Walters.png","E_M_Peter_Kay.png","TRUE","pictures/stimuli/E","pictures/stimuli/E","F","M","2","60ddcc052137212419247c3c","06/30/2022, 11:51:46",-0.871398748054319,"34","Female","right",1,1,0,0,FALSE,"E_F_Julie_Walters.png E_M_Peter_Kay.png"
2363,"E_F_Dawn_Roma_French.png","P_M_Gordon_Brown.png","FALSE","pictures/stimuli/E","pictures/stimuli/P","F","M","6","60ddcc052137212419247c3c","06/30/2022, 11:51:46",1.13545897473745,"34","Female","right",1,1,0,0,FALSE,"E_F_Dawn_Roma_French.png P_M_Gordon_Brown.png"
3509,"E_M_Michael_McIntyr.png","E_M_Peter_Kay.png","TRUE","pictures/stimuli/E","pictures/stimuli/E","M","M","2","60ddcc052137212419247c3c","06/30/2022, 11:51:46",-0.871398748054319,"34","Female","right",1,1,0,0,FALSE,"E_M_Michael_McIntyr.png E_M_Peter_Kay.png"
3134,"E_M_Jimmy_Carr.png","P_M_david_camer.png","FALSE","pictures/stimuli/E","pictures/stimuli/P","M","M","5","60ddcc052137212419247c3c","06/30/2022, 11:51:46",0.633744544039505,"34","Female","right",1,1,0,0,FALSE,"E_M_Jimmy_Carr.png P_M_david_camer.png"
4412,"E_M_Ewan_McGregor.png","E_M_Michael_McIntyr.png","TRUE","pictures/stimuli/E","pictures/stimuli/E","M","M","4","60ddcc052137212419247c3c","06/30/2022, 11:51:46",0.132030113341563,"34","Female","right",1,1,0,0,FALSE,"E_M_Ewan_McGregor.png E_M_Michael_McIntyr.png"
4412,"E_M_Peter_Kay.png","P_M_Sajid_Javid.png","FALSE","pictures/stimuli/E","pictures/stimuli/P","M","M","6","60ddcc052137212419247c3c","06/30/2022, 11:51:46",1.13545897473745,"34","Female","right",1,1,0,0,FALSE,"E_M_Peter_Kay.png P_M_Sajid_Javid.png"
4045,"E_F_Jennifer_Saunders.png","P_M_Gordon_Brown.png","FALSE","pictures/stimuli/E","pictures/stimuli/P","F","M","6","60ddcc052137212419247c3c","06/30/2022, 11:51:46",1.13545897473745,"34","Female","right",1,1,0,0,FALSE,"E_F_Jennifer_Saunders.png P_M_Gordon_Brown.png"
9204,"E_M_Simon_Pegg.png","P_M_Gordon_Brown.png","FALSE","pictures/stimuli/E","pictures/stimuli/P","M","M","5","60ddcc052137212419247c3c","06/30/2022, 11:51:46",0.633744544039505,"34","Female","right",1,1,0,0,FALSE,"E_M_Simon_Pegg.png P_M_Gordon_Brown.png"
3217,"E_F_Dawn_Roma_French.png","E_M_Peter_Kay.png","TRUE","pictures/stimuli/E","pictures/stimuli/E","F","M","1","60ddcc052137212419247c3c","06/30/2022, 11:51:46",-1.37311317875226,"34","Female","right",1,1,0,0,FALSE,"E_F_Dawn_Roma_French.png E_M_Peter_Kay.png"
5433,"E_M_Michael_McIntyr.png","P_F_Theresa_May.png","FALSE","pictures/stimuli/E","pictures/stimuli/P","M","F","6","60ddcc052137212419247c3c","06/30/2022, 11:51:46",1.13545897473745,"34","Female","right",1,1,0,0,FALSE,"E_M_Michael_McIntyr.png P_F_Theresa_May.png"
2938,"E_M_Peter_Kay.png","P_M_nigel_farage.png","FALSE","pictures/stimuli/E","pictures/stimuli/P","M","M","6","60ddcc052137212419247c3c","06/30/2022, 11:51:46",1.13545897473745,"34","Female","right",1,1,0,0,FALSE,"E_M_Peter_Kay.png P_M_nigel_farage.png"
4624,"P_F_nicola_sturge.png","P_M_Tony_Blair.png","TRUE","pictures/stimuli/P","pictures/stimuli/P","F","M","2","60ddcc052137212419247c3c","06/30/2022, 11:51:46",-0.871398748054319,"34","Female","right",1,1,0,0,FALSE,"P_F_nicola_sturge.png P_M_Tony_Blair.png"
5509,"E_F_Dawn_Roma_French.png","P_M_Tony_Blair.png","FALSE","pictures/stimuli/E","pictures/stimuli/P","F","M","6","60ddcc052137212419247c3c","06/30/2022, 11:51:46",1.13545897473745,"34","Female","right",1,1,0,0,FALSE,"E_F_Dawn_Roma_French.png P_M_Tony_Blair.png"
7825,"E_F_Jennifer_Saunders.png","P_M_Sajid_Javid.png","FALSE","pictures/stimuli/E","pictures/stimuli/P","F","M","6","60ddcc052137212419247c3c","06/30/2022, 11:51:46",1.13545897473745,"34","Female","right",1,1,0,0,FALSE,"E_F_Jennifer_Saunders.png P_M_Sajid_Javid.png"
3015,"P_M_jeremy_corbyn.png","P_M_Michael_Gove.png","TRUE","pictures/stimuli/P","pictures/stimuli/P","M","M","1","60ddcc052137212419247c3c","06/30/2022, 11:51:46",-1.37311317875226,"34","Female","right",1,1,0,0,FALSE,"P_M_jeremy_corbyn.png P_M_Michael_Gove.png"
6898,"E_M_Jimmy_Carr.png","P_F_nicola_sturge.png","FALSE","pictures/stimuli/E","pictures/stimuli/P","M","F","6","60ddcc052137212419247c3c","06/30/2022, 11:51:46",1.13545897473745,"34","Female","right",1,1,0,0,FALSE,"E_M_Jimmy_Carr.png P_F_nicola_sturge.png"
3674,"E_F_Jennifer_Saunders.png","P_M_keir_starmer.png","FALSE","pictures/stimuli/E","pictures/stimuli/P","F","M","6","60ddcc052137212419247c3c","06/30/2022, 11:51:46",1.13545897473745,"34","Female","right",1,1,0,0,FALSE,"E_F_Jennifer_Saunders.png P_M_keir_starmer.png"
3892,"E_M_Jimmy_Carr.png","P_M_Tony_Blair.png","FALSE","pictures/stimuli/E","pictures/stimuli/P","M","M","5","60ddcc052137212419247c3c","06/30/2022, 11:51:46",0.633744544039505,"34","Female","right",1,1,0,0,FALSE,"E_M_Jimmy_Carr.png P_M_Tony_Blair.png"
3231,"E_M_Simon_Pegg.png","P_F_nicola_sturge.png","FALSE","pictures/stimuli/E","pictures/stimuli/P","M","F","5","60ddcc052137212419247c3c","06/30/2022, 11:51:46",0.633744544039505,"34","Female","right",1,1,0,0,FALSE,"E_M_Simon_Pegg.png P_F_nicola_sturge.png"
4422,"E_M_Peter_Kay.png","P_F_Theresa_May.png","FALSE","pictures/stimuli/E","pictures/stimuli/P","M","F","6","60ddcc052137212419247c3c","06/30/2022, 11:51:46",1.13545897473745,"34","Female","right",1,1,0,0,FALSE,"E_M_Peter_Kay.png P_F_Theresa_May.png"
4869,"E_M_Ewan_McGregor.png","E_M_Simon_Pegg.png","TRUE","pictures/stimuli/E","pictures/stimuli/E","M","M","2","60ddcc052137212419247c3c","06/30/2022, 11:51:46",-0.871398748054319,"34","Female","right",1,1,0,0,FALSE,"E_M_Ewan_McGregor.png E_M_Simon_Pegg.png"
3850,"E_F_Sarah_Millican.png","E_M_Peter_Kay.png","TRUE","pictures/stimuli/E","pictures/stimuli/E","F","M","1","60ddcc052137212419247c3c","06/30/2022, 11:51:46",-1.37311317875226,"34","Female","right",1,1,0,0,FALSE,"E_F_Sarah_Millican.png E_M_Peter_Kay.png"
3455,"E_F_Sarah_Millican.png","P_M_Tony_Blair.png","FALSE","pictures/stimuli/E","pictures/stimuli/P","F","M","6","60ddcc052137212419247c3c","06/30/2022, 11:51:46",1.13545897473745,"34","Female","right",1,1,0,0,FALSE,"E_F_Sarah_Millican.png P_M_Tony_Blair.png"
3648,"E_M_Peter_Kay.png","E_M_Simon_Pegg.png","TRUE","pictures/stimuli/E","pictures/stimuli/E","M","M","3","60ddcc052137212419247c3c","06/30/2022, 11:51:46",-0.369684317356378,"34","Female","right",1,1,0,0,FALSE,"E_M_Peter_Kay.png E_M_Simon_Pegg.png"
3176,"E_M_Russell_Howard.png","P_M_keir_starmer.png","FALSE","pictures/stimuli/E","pictures/stimuli/P","M","M","5","60ddcc052137212419247c3c","06/30/2022, 11:51:46",0.633744544039505,"34","Female","right",1,1,0,0,FALSE,"E_M_Russell_Howard.png P_M_keir_starmer.png"
2953,"P_M_Michael_Gove.png","P_M_Sajid_Javid.png","TRUE","pictures/stimuli/P","pictures/stimuli/P","M","M","1","60ddcc052137212419247c3c","06/30/2022, 11:51:46",-1.37311317875226,"34","Female","right",1,1,0,0,FALSE,"P_M_Michael_Gove.png P_M_Sajid_Javid.png"
4878,"E_F_Sarah_Millican.png","E_M_Ewan_McGregor.png","TRUE","pictures/stimuli/E","pictures/stimuli/E","F","M","4","60ddcc052137212419247c3c","06/30/2022, 11:51:46",0.132030113341563,"34","Female","right",1,1,0,0,FALSE,"E_F_Sarah_Millican.png E_M_Ewan_McGregor.png"
5305,"P_M_keir_starmer.png","P_M_Michael_Gove.png","TRUE","pictures/stimuli/P","pictures/stimuli/P","M","M","1","60ddcc052137212419247c3c","06/30/2022, 11:51:46",-1.37311317875226,"34","Female","right",1,1,0,0,FALSE,"P_M_keir_starmer.png P_M_Michael_Gove.png"
2968,"E_F_Dawn_Roma_French.png","P_M_david_camer.png","FALSE","pictures/stimuli/E","pictures/stimuli/P","F","M","5","60ddcc052137212419247c3c","06/30/2022, 11:51:46",0.633744544039505,"34","Female","right",1,1,0,0,FALSE,"E_F_Dawn_Roma_French.png P_M_david_camer.png"
2840,"P_F_Theresa_May.png","P_M_Tony_Blair.png","TRUE","pictures/stimuli/P","pictures/stimuli/P","F","M","1","60ddcc052137212419247c3c","06/30/2022, 11:51:46",-1.37311317875226,"34","Female","right",1,1,0,0,FALSE,"P_F_Theresa_May.png P_M_Tony_Blair.png"
2458,"P_M_Gordon_Brown.png","P_M_Tony_Blair.png","TRUE","pictures/stimuli/P","pictures/stimuli/P","M","M","1","60ddcc052137212419247c3c","06/30/2022, 11:51:46",-1.37311317875226,"34","Female","right",1,1,0,0,FALSE,"P_M_Gordon_Brown.png P_M_Tony_Blair.png"
2724,"E_F_Julie_Walters.png","P_F_nicola_sturge.png","FALSE","pictures/stimuli/E","pictures/stimuli/P","F","F","5","60ddcc052137212419247c3c","06/30/2022, 11:51:46",0.633744544039505,"34","Female","right",1,1,0,0,FALSE,"E_F_Julie_Walters.png P_F_nicola_sturge.png"
2544,"E_M_Peter_Kay.png","P_M_jeremy_corbyn.png","FALSE","pictures/stimuli/E","pictures/stimuli/P","M","M","6","60ddcc052137212419247c3c","06/30/2022, 11:51:46",1.13545897473745,"34","Female","right",1,1,0,0,FALSE,"E_M_Peter_Kay.png P_M_jeremy_corbyn.png"
3820,"E_M_Ewan_McGregor.png","P_M_Tony_Blair.png","FALSE","pictures/stimuli/E","pictures/stimuli/P","M","M","6","60ddcc052137212419247c3c","06/30/2022, 11:51:46",1.13545897473745,"34","Female","right",1,1,0,0,FALSE,"E_M_Ewan_McGregor.png P_M_Tony_Blair.png"
3066,"E_M_Jimmy_Carr.png","P_M_jeremy_corbyn.png","FALSE","pictures/stimuli/E","pictures/stimuli/P","M","M","6","60ddcc052137212419247c3c","06/30/2022, 11:51:46",1.13545897473745,"34","Female","right",1,1,0,0,FALSE,"E_M_Jimmy_Carr.png P_M_jeremy_corbyn.png"
4846,"P_M_nigel_farage.png","P_M_Sajid_Javid.png","TRUE","pictures/stimuli/P","pictures/stimuli/P","M","M","2","60ddcc052137212419247c3c","06/30/2022, 11:51:46",-0.871398748054319,"34","Female","right",1,1,0,0,FALSE,"P_M_nigel_farage.png P_M_Sajid_Javid.png"
5110,"E_F_Julie_Walters.png","E_M_Ewan_McGregor.png","TRUE","pictures/stimuli/E","pictures/stimuli/E","F","M","3","60ddcc052137212419247c3c","06/30/2022, 11:51:46",-0.369684317356378,"34","Female","right",1,1,0,0,FALSE,"E_F_Julie_Walters.png E_M_Ewan_McGregor.png"
3945,"E_F_Julie_Walters.png","P_M_Gordon_Brown.png","FALSE","pictures/stimuli/E","pictures/stimuli/P","F","M","5","60ddcc052137212419247c3c","06/30/2022, 11:51:46",0.633744544039505,"34","Female","right",1,1,0,0,FALSE,"E_F_Julie_Walters.png P_M_Gordon_Brown.png"
3468,"P_M_david_camer.png","P_M_keir_starmer.png","TRUE","pictures/stimuli/P","pictures/stimuli/P","M","M","2","60ddcc052137212419247c3c","06/30/2022, 11:51:46",-0.871398748054319,"34","Female","right",1,1,0,0,FALSE,"P_M_david_camer.png P_M_keir_starmer.png"
3440,"P_F_Theresa_May.png","P_M_Sajid_Javid.png","TRUE","pictures/stimuli/P","pictures/stimuli/P","F","M","1","60ddcc052137212419247c3c","06/30/2022, 11:51:46",-1.37311317875226,"34","Female","right",1,1,0,0,FALSE,"P_F_Theresa_May.png P_M_Sajid_Javid.png"
3389,"E_M_Ewan_McGregor.png","E_M_Russell_Howard.png","TRUE","pictures/stimuli/E","pictures/stimuli/E","M","M","4","60ddcc052137212419247c3c","06/30/2022, 11:51:46",0.132030113341563,"34","Female","right",1,1,0,0,FALSE,"E_M_Ewan_McGregor.png E_M_Russell_Howard.png"
3188,"E_F_Jennifer_Saunders.png","E_F_Julie_Walters.png","TRUE","pictures/stimuli/E","pictures/stimuli/E","F","F","2","60ddcc052137212419247c3c","06/30/2022, 11:51:46",-0.871398748054319,"34","Female","right",1,1,0,0,FALSE,"E_F_Jennifer_Saunders.png E_F_Julie_Walters.png"
3227,"P_F_nicola_sturge.png","P_M_Gordon_Brown.png","TRUE","pictures/stimuli/P","pictures/stimuli/P","F","M","1","60ddcc052137212419247c3c","06/30/2022, 11:51:46",-1.37311317875226,"34","Female","right",1,1,0,0,FALSE,"P_F_nicola_sturge.png P_M_Gordon_Brown.png"
3102,"E_F_Julie_Walters.png","P_M_Michael_Gove.png","FALSE","pictures/stimuli/E","pictures/stimuli/P","F","M","5","60ddcc052137212419247c3c","06/30/2022, 11:51:46",0.633744544039505,"34","Female","right",1,1,0,0,FALSE,"E_F_Julie_Walters.png P_M_Michael_Gove.png"
3642,"E_M_Ewan_McGregor.png","P_M_Gordon_Brown.png","FALSE","pictures/stimuli/E","pictures/stimuli/P","M","M","5","60ddcc052137212419247c3c","06/30/2022, 11:51:46",0.633744544039505,"34","Female","right",1,1,0,0,FALSE,"E_M_Ewan_McGregor.png P_M_Gordon_Brown.png"
2396,"E_F_Sarah_Millican.png","P_M_nigel_farage.png","FALSE","pictures/stimuli/E","pictures/stimuli/P","F","M","6","60ddcc052137212419247c3c","06/30/2022, 11:51:46",1.13545897473745,"34","Female","right",1,1,0,0,FALSE,"E_F_Sarah_Millican.png P_M_nigel_farage.png"
2287,"E_F_Sarah_Millican.png","P_M_keir_starmer.png","FALSE","pictures/stimuli/E","pictures/stimuli/P","F","M","6","60ddcc052137212419247c3c","06/30/2022, 11:51:46",1.13545897473745,"34","Female","right",1,1,0,0,FALSE,"E_F_Sarah_Millican.png P_M_keir_starmer.png"
2464,"E_F_Dawn_Roma_French.png","P_M_Sajid_Javid.png","FALSE","pictures/stimuli/E","pictures/stimuli/P","F","M","6","60ddcc052137212419247c3c","06/30/2022, 11:51:46",1.13545897473745,"34","Female","right",1,1,0,0,FALSE,"E_F_Dawn_Roma_French.png P_M_Sajid_Javid.png"
2274,"E_M_Russell_Howard.png","P_M_Sajid_Javid.png","FALSE","pictures/stimuli/E","pictures/stimuli/P","M","M","5","60ddcc052137212419247c3c","06/30/2022, 11:51:46",0.633744544039505,"34","Female","right",1,1,0,0,FALSE,"E_M_Russell_Howard.png P_M_Sajid_Javid.png"
6288,"E_M_Jimmy_Carr.png","P_F_Theresa_May.png","FALSE","pictures/stimuli/E","pictures/stimuli/P","M","F","5","60ddcc052137212419247c3c","06/30/2022, 11:51:46",0.633744544039505,"34","Female","right",1,1,0,0,FALSE,"E_M_Jimmy_Carr.png P_F_Theresa_May.png"
4355,"E_M_Jimmy_Carr.png","P_M_Gordon_Brown.png","FALSE","pictures/stimuli/E","pictures/stimuli/P","M","M","5","60ddcc052137212419247c3c","06/30/2022, 11:51:46",0.633744544039505,"34","Female","right",1,1,0,0,FALSE,"E_M_Jimmy_Carr.png P_M_Gordon_Brown.png"
4930,"E_M_Jimmy_Carr.png","P_M_nigel_farage.png","FALSE","pictures/stimuli/E","pictures/stimuli/P","M","M","5","60ddcc052137212419247c3c","06/30/2022, 11:51:46",0.633744544039505,"34","Female","right",1,1,0,0,FALSE,"E_M_Jimmy_Carr.png P_M_nigel_farage.png"
2380,"P_M_keir_starmer.png","P_M_Tony_Blair.png","TRUE","pictures/stimuli/P","pictures/stimuli/P","M","M","2","60ddcc052137212419247c3c","06/30/2022, 11:51:46",-0.871398748054319,"34","Female","right",1,1,0,0,FALSE,"P_M_keir_starmer.png P_M_Tony_Blair.png"
3752,"P_M_david_camer.png","P_M_Tony_Blair.png","TRUE","pictures/stimuli/P","pictures/stimuli/P","M","M","1","60ddcc052137212419247c3c","06/30/2022, 11:51:46",-1.37311317875226,"34","Female","right",1,1,0,0,FALSE,"P_M_david_camer.png P_M_Tony_Blair.png"
2086,"P_F_nicola_sturge.png","P_M_Sajid_Javid.png","TRUE","pictures/stimuli/P","pictures/stimuli/P","F","M","1","60ddcc052137212419247c3c","06/30/2022, 11:51:46",-1.37311317875226,"34","Female","right",1,1,0,0,FALSE,"P_F_nicola_sturge.png P_M_Sajid_Javid.png"
3387,"E_F_Julie_Walters.png","P_M_nigel_farage.png","FALSE","pictures/stimuli/E","pictures/stimuli/P","F","M","6","60ddcc052137212419247c3c","06/30/2022, 11:51:46",1.13545897473745,"34","Female","right",1,1,0,0,FALSE,"E_F_Julie_Walters.png P_M_nigel_farage.png"
2217,"E_F_Jennifer_Saunders.png","E_F_Sarah_Millican.png","TRUE","pictures/stimuli/E","pictures/stimuli/E","F","F","1","60ddcc052137212419247c3c","06/30/2022, 11:51:46",-1.37311317875226,"34","Female","right",1,1,0,0,FALSE,"E_F_Jennifer_Saunders.png E_F_Sarah_Millican.png"
3704,"E_M_Ewan_McGregor.png","E_M_Jimmy_Carr.png","TRUE","pictures/stimuli/E","pictures/stimuli/E","M","M","4","60ddcc052137212419247c3c","06/30/2022, 11:51:46",0.132030113341563,"34","Female","right",1,1,0,0,FALSE,"E_M_Ewan_McGregor.png E_M_Jimmy_Carr.png"
2932,"E_M_Peter_Kay.png","P_F_nicola_sturge.png","FALSE","pictures/stimuli/E","pictures/stimuli/P","M","F","6","60ddcc052137212419247c3c","06/30/2022, 11:51:46",1.13545897473745,"34","Female","right",1,1,0,0,FALSE,"E_M_Peter_Kay.png P_F_nicola_sturge.png"
6397,"E_F_Dawn_Roma_French.png","E_F_Julie_Walters.png","TRUE","pictures/stimuli/E","pictures/stimuli/E","F","F","1","60ddcc052137212419247c3c","06/30/2022, 11:51:46",-1.37311317875226,"34","Female","right",1,1,0,0,FALSE,"E_F_Dawn_Roma_French.png E_F_Julie_Walters.png"
2845,"P_M_jeremy_corbyn.png","P_M_keir_starmer.png","TRUE","pictures/stimuli/P","pictures/stimuli/P","M","M","1","60ddcc052137212419247c3c","06/30/2022, 11:51:46",-1.37311317875226,"34","Female","right",1,1,0,0,FALSE,"P_M_jeremy_corbyn.png P_M_keir_starmer.png"
2077,"P_F_Theresa_May.png","P_M_keir_starmer.png","TRUE","pictures/stimuli/P","pictures/stimuli/P","F","M","1","60ddcc052137212419247c3c","06/30/2022, 11:51:46",-1.37311317875226,"34","Female","right",1,1,0,0,FALSE,"P_F_Theresa_May.png P_M_keir_starmer.png"
4645,"P_M_Gordon_Brown.png","P_M_Michael_Gove.png","TRUE","pictures/stimuli/P","pictures/stimuli/P","M","M","2","60ddcc052137212419247c3c","06/30/2022, 11:51:46",-0.871398748054319,"34","Female","right",1,1,0,0,FALSE,"P_M_Gordon_Brown.png P_M_Michael_Gove.png"
2420,"E_F_Julie_Walters.png","E_F_Sarah_Millican.png","TRUE","pictures/stimuli/E","pictures/stimuli/E","F","F","2","60ddcc052137212419247c3c","06/30/2022, 11:51:46",-0.871398748054319,"34","Female","right",1,1,0,0,FALSE,"E_F_Julie_Walters.png E_F_Sarah_Millican.png"
2420,"E_F_Dawn_Roma_French.png","P_M_nigel_farage.png","FALSE","pictures/stimuli/E","pictures/stimuli/P","F","M","6","60ddcc052137212419247c3c","06/30/2022, 11:51:46",1.13545897473745,"34","Female","right",1,1,0,0,FALSE,"E_F_Dawn_Roma_French.png P_M_nigel_farage.png"
3440,"P_F_nicola_sturge.png","P_M_david_camer.png","TRUE","pictures/stimuli/P","pictures/stimuli/P","F","M","2","60ddcc052137212419247c3c","06/30/2022, 11:51:46",-0.871398748054319,"34","Female","right",1,1,0,0,FALSE,"P_F_nicola_sturge.png P_M_david_camer.png"
2201,"E_F_Dawn_Roma_French.png","E_F_Jennifer_Saunders.png","TRUE","pictures/stimuli/E","pictures/stimuli/E","F","F","1","60ddcc052137212419247c3c","06/30/2022, 11:51:46",-1.37311317875226,"34","Female","right",1,1,0,0,FALSE,"E_F_Dawn_Roma_French.png E_F_Jennifer_Saunders.png"
3881,"E_M_Peter_Kay.png","P_M_david_camer.png","FALSE","pictures/stimuli/E","pictures/stimuli/P","M","M","6","60ddcc052137212419247c3c","06/30/2022, 11:51:46",1.13545897473745,"34","Female","right",1,1,0,0,FALSE,"E_M_Peter_Kay.png P_M_david_camer.png"
5575,"E_M_Jimmy_Carr.png","E_M_Peter_Kay.png","TRUE","pictures/stimuli/E","pictures/stimuli/E","M","M","2","60ddcc052137212419247c3c","06/30/2022, 11:51:46",-0.871398748054319,"34","Female","right",1,1,0,0,FALSE,"E_M_Jimmy_Carr.png E_M_Peter_Kay.png"
5053,"P_F_nicola_sturge.png","P_M_keir_starmer.png","TRUE","pictures/stimuli/P","pictures/stimuli/P","F","M","1","60ddcc052137212419247c3c","06/30/2022, 11:51:46",-1.37311317875226,"34","Female","right",1,1,0,0,FALSE,"P_F_nicola_sturge.png P_M_keir_starmer.png"
2750,"E_M_Ewan_McGregor.png","E_M_Peter_Kay.png","TRUE","pictures/stimuli/E","pictures/stimuli/E","M","M","4","60ddcc052137212419247c3c","06/30/2022, 11:51:46",0.132030113341563,"34","Female","right",1,1,0,0,FALSE,"E_M_Ewan_McGregor.png E_M_Peter_Kay.png"
3242,"E_F_Dawn_Roma_French.png","E_M_Simon_Pegg.png","TRUE","pictures/stimuli/E","pictures/stimuli/E","F","M","3","60ddcc052137212419247c3c","06/30/2022, 11:51:46",-0.369684317356378,"34","Female","right",1,1,0,0,FALSE,"E_F_Dawn_Roma_French.png E_M_Simon_Pegg.png"
3433,"E_M_Ewan_McGregor.png","P_M_nigel_farage.png","FALSE","pictures/stimuli/E","pictures/stimuli/P","M","M","6","60ddcc052137212419247c3c","06/30/2022, 11:51:46",1.13545897473745,"34","Female","right",1,1,0,0,FALSE,"E_M_Ewan_McGregor.png P_M_nigel_farage.png"
5089,"E_F_Sarah_Millican.png","P_F_Theresa_May.png","FALSE","pictures/stimuli/E","pictures/stimuli/P","F","F","6","60ddcc052137212419247c3c","06/30/2022, 11:51:46",1.13545897473745,"34","Female","right",1,1,0,0,FALSE,"E_F_Sarah_Millican.png P_F_Theresa_May.png"
4150,"P_F_nicola_sturge.png","P_M_Michael_Gove.png","TRUE","pictures/stimuli/P","pictures/stimuli/P","F","M","1","60ddcc052137212419247c3c","06/30/2022, 11:51:46",-1.37311317875226,"34","Female","right",1,1,0,0,FALSE,"P_F_nicola_sturge.png P_M_Michael_Gove.png"
7336,"E_M_Jimmy_Carr.png","E_M_Simon_Pegg.png","TRUE","pictures/stimuli/E","pictures/stimuli/E","M","M","2","60ddcc052137212419247c3c","06/30/2022, 11:51:46",-0.871398748054319,"34","Female","right",1,1,0,0,FALSE,"E_M_Jimmy_Carr.png E_M_Simon_Pegg.png"
3748,"E_M_Russell_Howard.png","P_M_Tony_Blair.png","FALSE","pictures/stimuli/E","pictures/stimuli/P","M","M","5","60ddcc052137212419247c3c","06/30/2022, 11:51:46",0.633744544039505,"34","Female","right",1,1,0,0,FALSE,"E_M_Russell_Howard.png P_M_Tony_Blair.png"
4389,"P_F_nicola_sturge.png","P_F_Theresa_May.png","TRUE","pictures/stimuli/P","pictures/stimuli/P","F","F","2","60ddcc052137212419247c3c","06/30/2022, 11:51:46",-0.871398748054319,"34","Female","right",1,1,0,0,FALSE,"P_F_nicola_sturge.png P_F_Theresa_May.png"
5196,"E_M_Michael_McIntyr.png","P_M_Gordon_Brown.png","FALSE","pictures/stimuli/E","pictures/stimuli/P","M","M","5","60ddcc052137212419247c3c","06/30/2022, 11:51:46",0.633744544039505,"34","Female","right",1,1,0,0,FALSE,"E_M_Michael_McIntyr.png P_M_Gordon_Brown.png"
3409,"E_M_Peter_Kay.png","P_M_Gordon_Brown.png","FALSE","pictures/stimuli/E","pictures/stimuli/P","M","M","6","60ddcc052137212419247c3c","06/30/2022, 11:51:46",1.13545897473745,"34","Female","right",1,1,0,0,FALSE,"E_M_Peter_Kay.png P_M_Gordon_Brown.png"
4093,"E_F_Jennifer_Saunders.png","E_M_Ewan_McGregor.png","TRUE","pictures/stimuli/E","pictures/stimuli/E","F","M","4","60ddcc052137212419247c3c","06/30/2022, 11:51:46",0.132030113341563,"34","Female","right",1,1,0,0,FALSE,"E_F_Jennifer_Saunders.png E_M_Ewan_McGregor.png"
4818,"E_M_Michael_McIntyr.png","P_M_jeremy_corbyn.png","FALSE","pictures/stimuli/E","pictures/stimuli/P","M","M","5","60ddcc052137212419247c3c","06/30/2022, 11:51:46",0.633744544039505,"34","Female","right",1,1,0,0,FALSE,"E_M_Michael_McIntyr.png P_M_jeremy_corbyn.png"
4568,"P_F_nicola_sturge.png","P_M_jeremy_corbyn.png","TRUE","pictures/stimuli/P","pictures/stimuli/P","F","M","1","60ddcc052137212419247c3c","06/30/2022, 11:51:46",-1.37311317875226,"34","Female","right",1,1,0,0,FALSE,"P_F_nicola_sturge.png P_M_jeremy_corbyn.png"
3248,"E_M_Ewan_McGregor.png","P_M_keir_starmer.png","FALSE","pictures/stimuli/E","pictures/stimuli/P","M","M","5","60ddcc052137212419247c3c","06/30/2022, 11:51:46",0.633744544039505,"34","Female","right",1,1,0,0,FALSE,"E_M_Ewan_McGregor.png P_M_keir_starmer.png"
2989,"E_F_Dawn_Roma_French.png","E_M_Ewan_McGregor.png","TRUE","pictures/stimuli/E","pictures/stimuli/E","F","M","4","60ddcc052137212419247c3c","06/30/2022, 11:51:46",0.132030113341563,"34","Female","right",1,1,0,0,FALSE,"E_F_Dawn_Roma_French.png E_M_Ewan_McGregor.png"
3969,"E_M_Peter_Kay.png","P_M_Michael_Gove.png","FALSE","pictures/stimuli/E","pictures/stimuli/P","M","M","6","60ddcc052137212419247c3c","06/30/2022, 11:51:46",1.13545897473745,"34","Female","right",1,1,0,0,FALSE,"E_M_Peter_Kay.png P_M_Michael_Gove.png"
2570,"E_M_Simon_Pegg.png","P_M_keir_starmer.png","FALSE","pictures/stimuli/E","pictures/stimuli/P","M","M","5","60ddcc052137212419247c3c","06/30/2022, 11:51:46",0.633744544039505,"34","Female","right",1,1,0,0,FALSE,"E_M_Simon_Pegg.png P_M_keir_starmer.png"
3111,"E_M_Simon_Pegg.png","P_M_jeremy_corbyn.png","FALSE","pictures/stimuli/E","pictures/stimuli/P","M","M","5","60ddcc052137212419247c3c","06/30/2022, 11:51:46",0.633744544039505,"34","Female","right",1,1,0,0,FALSE,"E_M_Simon_Pegg.png P_M_jeremy_corbyn.png"
3007,"P_M_david_camer.png","P_M_Sajid_Javid.png","TRUE","pictures/stimuli/P","pictures/stimuli/P","M","M","1","60ddcc052137212419247c3c","06/30/2022, 11:51:46",-1.37311317875226,"34","Female","right",1,1,0,0,FALSE,"P_M_david_camer.png P_M_Sajid_Javid.png"
5347,"E_M_Michael_McIntyr.png","P_M_Tony_Blair.png","FALSE","pictures/stimuli/E","pictures/stimuli/P","M","M","5","60ddcc052137212419247c3c","06/30/2022, 11:51:46",0.633744544039505,"34","Female","right",1,1,0,0,FALSE,"E_M_Michael_McIntyr.png P_M_Tony_Blair.png"
3417,"E_F_Sarah_Millican.png","P_M_Sajid_Javid.png","FALSE","pictures/stimuli/E","pictures/stimuli/P","F","M","6","60ddcc052137212419247c3c","06/30/2022, 11:51:46",1.13545897473745,"34","Female","right",1,1,0,0,FALSE,"E_F_Sarah_Millican.png P_M_Sajid_Javid.png"
4849,"E_M_Simon_Pegg.png","P_F_Theresa_May.png","FALSE","pictures/stimuli/E","pictures/stimuli/P","M","F","5","60ddcc052137212419247c3c","06/30/2022, 11:51:46",0.633744544039505,"34","Female","right",1,1,0,0,FALSE,"E_M_Simon_Pegg.png P_F_Theresa_May.png"
3984,"E_M_Michael_McIntyr.png","P_M_nigel_farage.png","FALSE","pictures/stimuli/E","pictures/stimuli/P","M","M","5","60ddcc052137212419247c3c","06/30/2022, 11:51:46",0.633744544039505,"34","Female","right",1,1,0,0,FALSE,"E_M_Michael_McIntyr.png P_M_nigel_farage.png"
2915,"P_M_Gordon_Brown.png","P_M_Sajid_Javid.png","TRUE","pictures/stimuli/P","pictures/stimuli/P","M","M","2","60ddcc052137212419247c3c","06/30/2022, 11:51:46",-0.871398748054319,"34","Female","right",1,1,0,0,FALSE,"P_M_Gordon_Brown.png P_M_Sajid_Javid.png"
3385,"E_M_Michael_McIntyr.png","P_F_nicola_sturge.png","FALSE","pictures/stimuli/E","pictures/stimuli/P","M","F","5","60ddcc052137212419247c3c","06/30/2022, 11:51:46",0.633744544039505,"34","Female","right",1,1,0,0,FALSE,"E_M_Michael_McIntyr.png P_F_nicola_sturge.png"
3487,"E_M_Russell_Howard.png","P_F_Theresa_May.png","FALSE","pictures/stimuli/E","pictures/stimuli/P","M","F","5","60ddcc052137212419247c3c","06/30/2022, 11:51:46",0.633744544039505,"34","Female","right",1,1,0,0,FALSE,"E_M_Russell_Howard.png P_F_Theresa_May.png"
2309,"E_M_Russell_Howard.png","P_M_Gordon_Brown.png","FALSE","pictures/stimuli/E","pictures/stimuli/P","M","M","5","60ddcc052137212419247c3c","06/30/2022, 11:51:46",0.633744544039505,"34","Female","right",1,1,0,0,FALSE,"E_M_Russell_Howard.png P_M_Gordon_Brown.png"
6626,"P_M_Sajid_Javid.png","P_M_Tony_Blair.png","TRUE","pictures/stimuli/P","pictures/stimuli/P","M","M","1","60ddcc052137212419247c3c","06/30/2022, 11:51:46",-1.37311317875226,"34","Female","right",1,1,0,0,FALSE,"P_M_Sajid_Javid.png P_M_Tony_Blair.png"
3419,"E_M_Russell_Howard.png","P_M_david_camer.png","FALSE","pictures/stimuli/E","pictures/stimuli/P","M","M","5","60ddcc052137212419247c3c","06/30/2022, 11:51:46",0.633744544039505,"34","Female","right",1,1,0,0,FALSE,"E_M_Russell_Howard.png P_M_david_camer.png"
3239,"E_F_Jennifer_Saunders.png","E_M_Russell_Howard.png","TRUE","pictures/stimuli/E","pictures/stimuli/E","F","M","3","60ddcc052137212419247c3c","06/30/2022, 11:51:46",-0.369684317356378,"34","Female","right",1,1,0,0,FALSE,"E_F_Jennifer_Saunders.png E_M_Russell_Howard.png"
3344,"E_F_Dawn_Roma_French.png","E_F_Sarah_Millican.png","TRUE","pictures/stimuli/E","pictures/stimuli/E","F","F","2","60ddcc052137212419247c3c","06/30/2022, 11:51:46",-0.871398748054319,"34","Female","right",1,1,0,0,FALSE,"E_F_Dawn_Roma_French.png E_F_Sarah_Millican.png"
2401,"P_F_nicola_sturge.png","P_M_nigel_farage.png","TRUE","pictures/stimuli/P","pictures/stimuli/P","F","M","1","60ddcc052137212419247c3c","06/30/2022, 11:51:46",-1.37311317875226,"34","Female","right",1,1,0,0,FALSE,"P_F_nicola_sturge.png P_M_nigel_farage.png"
2341,"E_M_Jimmy_Carr.png","P_M_Sajid_Javid.png","FALSE","pictures/stimuli/E","pictures/stimuli/P","M","M","5","60ddcc052137212419247c3c","06/30/2022, 11:51:46",0.633744544039505,"34","Female","right",1,1,0,0,FALSE,"E_M_Jimmy_Carr.png P_M_Sajid_Javid.png"
2790,"E_M_Jimmy_Carr.png","P_M_Michael_Gove.png","FALSE","pictures/stimuli/E","pictures/stimuli/P","M","M","5","60ddcc052137212419247c3c","06/30/2022, 11:51:46",0.633744544039505,"34","Female","right",1,1,0,0,FALSE,"E_M_Jimmy_Carr.png P_M_Michael_Gove.png"
2137,"E_F_Sarah_Millican.png","E_M_Michael_McIntyr.png","TRUE","pictures/stimuli/E","pictures/stimuli/E","F","M","1","60ddcc052137212419247c3c","06/30/2022, 11:51:46",-1.37311317875226,"34","Female","right",1,1,0,0,FALSE,"E_F_Sarah_Millican.png E_M_Michael_McIntyr.png"
4342,"E_F_Julie_Walters.png","P_M_keir_starmer.png","FALSE","pictures/stimuli/E","pictures/stimuli/P","F","M","5","60ddcc052137212419247c3c","06/30/2022, 11:51:46",0.633744544039505,"34","Female","right",1,1,0,0,FALSE,"E_F_Julie_Walters.png P_M_keir_starmer.png"
2299,"E_M_Simon_Pegg.png","P_M_Michael_Gove.png","FALSE","pictures/stimuli/E","pictures/stimuli/P","M","M","5","60ddcc052137212419247c3c","06/30/2022, 11:51:46",0.633744544039505,"34","Female","right",1,1,0,0,FALSE,"E_M_Simon_Pegg.png P_M_Michael_Gove.png"
3044,"E_F_Sarah_Millican.png","P_M_david_camer.png","FALSE","pictures/stimuli/E","pictures/stimuli/P","F","M","6","60ddcc052137212419247c3c","06/30/2022, 11:51:46",1.13545897473745,"34","Female","right",1,1,0,0,FALSE,"E_F_Sarah_Millican.png P_M_david_camer.png"
2319,"P_M_keir_starmer.png","P_M_Sajid_Javid.png","TRUE","pictures/stimuli/P","pictures/stimuli/P","M","M","1","60ddcc052137212419247c3c","06/30/2022, 11:51:46",-1.37311317875226,"34","Female","right",1,1,0,0,FALSE,"P_M_keir_starmer.png P_M_Sajid_Javid.png"
3167,"E_M_Simon_Pegg.png","P_M_Tony_Blair.png","FALSE","pictures/stimuli/E","pictures/stimuli/P","M","M","5","60ddcc052137212419247c3c","06/30/2022, 11:51:46",0.633744544039505,"34","Female","right",1,1,0,0,FALSE,"E_M_Simon_Pegg.png P_M_Tony_Blair.png"
2109,"E_M_Simon_Pegg.png","P_M_david_camer.png","FALSE","pictures/stimuli/E","pictures/stimuli/P","M","M","5","60ddcc052137212419247c3c","06/30/2022, 11:51:46",0.633744544039505,"34","Female","right",1,1,0,0,FALSE,"E_M_Simon_Pegg.png P_M_david_camer.png"
2246,"E_F_Jennifer_Saunders.png","P_M_Tony_Blair.png","FALSE","pictures/stimuli/E","pictures/stimuli/P","F","M","6","60ddcc052137212419247c3c","06/30/2022, 11:51:46",1.13545897473745,"34","Female","right",1,1,0,0,FALSE,"E_F_Jennifer_Saunders.png P_M_Tony_Blair.png"
3052,"E_F_Julie_Walters.png","E_M_Jimmy_Carr.png","TRUE","pictures/stimuli/E","pictures/stimuli/E","F","M","3","60ddcc052137212419247c3c","06/30/2022, 11:51:46",-0.369684317356378,"34","Female","right",1,1,0,0,FALSE,"E_F_Julie_Walters.png E_M_Jimmy_Carr.png"
2042,"P_M_keir_starmer.png","P_M_nigel_farage.png","TRUE","pictures/stimuli/P","pictures/stimuli/P","M","M","1","60ddcc052137212419247c3c","06/30/2022, 11:51:46",-1.37311317875226,"34","Female","right",1,1,0,0,FALSE,"P_M_keir_starmer.png P_M_nigel_farage.png"
2814,"E_F_Julie_Walters.png","P_M_david_camer.png","FALSE","pictures/stimuli/E","pictures/stimuli/P","F","M","6","60ddcc052137212419247c3c","06/30/2022, 11:51:46",1.13545897473745,"34","Female","right",1,1,0,0,FALSE,"E_F_Julie_Walters.png P_M_david_camer.png"
2866,"E_M_Ewan_McGregor.png","P_M_Sajid_Javid.png","FALSE","pictures/stimuli/E","pictures/stimuli/P","M","M","5","60ddcc052137212419247c3c","06/30/2022, 11:51:46",0.633744544039505,"34","Female","right",1,1,0,0,FALSE,"E_M_Ewan_McGregor.png P_M_Sajid_Javid.png"
4122,"E_F_Julie_Walters.png","E_M_Simon_Pegg.png","TRUE","pictures/stimuli/E","pictures/stimuli/E","F","M","3","60ddcc052137212419247c3c","06/30/2022, 11:51:46",-0.369684317356378,"34","Female","right",1,1,0,0,FALSE,"E_F_Julie_Walters.png E_M_Simon_Pegg.png"
3328,"P_M_david_camer.png","P_M_Michael_Gove.png","TRUE","pictures/stimuli/P","pictures/stimuli/P","M","M","1","60ddcc052137212419247c3c","06/30/2022, 11:51:46",-1.37311317875226,"34","Female","right",1,1,0,0,FALSE,"P_M_david_camer.png P_M_Michael_Gove.png"
2533,"E_F_Jennifer_Saunders.png","P_M_Michael_Gove.png","FALSE","pictures/stimuli/E","pictures/stimuli/P","F","M","6","60ddcc052137212419247c3c","06/30/2022, 11:51:46",1.13545897473745,"34","Female","right",1,1,0,0,FALSE,"E_F_Jennifer_Saunders.png P_M_Michael_Gove.png"
2273,"P_F_Theresa_May.png","P_M_jeremy_corbyn.png","TRUE","pictures/stimuli/P","pictures/stimuli/P","F","M","1","60ddcc052137212419247c3c","06/30/2022, 11:51:46",-1.37311317875226,"34","Female","right",1,1,0,0,FALSE,"P_F_Theresa_May.png P_M_jeremy_corbyn.png"
3079,"E_F_Dawn_Roma_French.png","E_M_Michael_McIntyr.png","TRUE","pictures/stimuli/E","pictures/stimuli/E","F","M","2","60ddcc052137212419247c3c","06/30/2022, 11:51:46",-0.871398748054319,"34","Female","right",1,1,0,0,FALSE,"E_F_Dawn_Roma_French.png E_M_Michael_McIntyr.png"
2013,"E_M_Peter_Kay.png","E_M_Russell_Howard.png","TRUE","pictures/stimuli/E","pictures/stimuli/E","M","M","1","60ddcc052137212419247c3c","06/30/2022, 11:51:46",-1.37311317875226,"34","Female","right",1,1,0,0,FALSE,"E_M_Peter_Kay.png E_M_Russell_Howard.png"
2058,"P_M_jeremy_corbyn.png","P_M_nigel_farage.png","TRUE","pictures/stimuli/P","pictures/stimuli/P","M","M","1","60ddcc052137212419247c3c","06/30/2022, 11:51:46",-1.37311317875226,"34","Female","right",1,1,0,0,FALSE,"P_M_jeremy_corbyn.png P_M_nigel_farage.png"
2379,"E_F_Dawn_Roma_French.png","P_M_keir_starmer.png","FALSE","pictures/stimuli/E","pictures/stimuli/P","F","M","6","60ddcc052137212419247c3c","06/30/2022, 11:51:46",1.13545897473745,"34","Female","right",1,1,0,0,FALSE,"E_F_Dawn_Roma_French.png P_M_keir_starmer.png"
2962,"P_M_Michael_Gove.png","P_M_Tony_Blair.png","TRUE","pictures/stimuli/P","pictures/stimuli/P","M","M","1","60ddcc052137212419247c3c","06/30/2022, 11:51:46",-1.37311317875226,"34","Female","right",1,1,0,0,FALSE,"P_M_Michael_Gove.png P_M_Tony_Blair.png"
4251,"E_F_Sarah_Millican.png","E_M_Russell_Howard.png","TRUE","pictures/stimuli/E","pictures/stimuli/E","F","M","1","60ddcc052137212419247c3c","06/30/2022, 11:51:46",-1.37311317875226,"34","Female","right",1,1,0,0,FALSE,"E_F_Sarah_Millican.png E_M_Russell_Howard.png"
1961,"P_F_Theresa_May.png","P_M_david_camer.png","TRUE","pictures/stimuli/P","pictures/stimuli/P","F","M","1","60ddcc052137212419247c3c","06/30/2022, 11:51:46",-1.37311317875226,"34","Female","right",1,1,0,0,FALSE,"P_F_Theresa_May.png P_M_david_camer.png"
3165,"E_F_Sarah_Millican.png","E_M_Simon_Pegg.png","TRUE","pictures/stimuli/E","pictures/stimuli/E","F","M","3","60ddcc052137212419247c3c","06/30/2022, 11:51:46",-0.369684317356378,"34","Female","right",1,1,0,0,FALSE,"E_F_Sarah_Millican.png E_M_Simon_Pegg.png"
2894,"E_M_Russell_Howard.png","E_M_Simon_Pegg.png","TRUE","pictures/stimuli/E","pictures/stimuli/E","M","M","3","60ddcc052137212419247c3c","06/30/2022, 11:51:46",-0.369684317356378,"34","Female","right",1,1,0,0,FALSE,"E_M_Russell_Howard.png E_M_Simon_Pegg.png"
3143,"E_M_Ewan_McGregor.png","P_F_Theresa_May.png","FALSE","pictures/stimuli/E","pictures/stimuli/P","M","F","5","60ddcc052137212419247c3c","06/30/2022, 11:51:46",0.633744544039505,"34","Female","right",1,1,0,0,FALSE,"E_M_Ewan_McGregor.png P_F_Theresa_May.png"
1995,"E_M_Ewan_McGregor.png","P_F_nicola_sturge.png","FALSE","pictures/stimuli/E","pictures/stimuli/P","M","F","5","60ddcc052137212419247c3c","06/30/2022, 11:51:46",0.633744544039505,"34","Female","right",1,1,0,0,FALSE,"E_M_Ewan_McGregor.png P_F_nicola_sturge.png"
2722,"E_F_Jennifer_Saunders.png","P_M_jeremy_corbyn.png","FALSE","pictures/stimuli/E","pictures/stimuli/P","F","M","6","60ddcc052137212419247c3c","06/30/2022, 11:51:46",1.13545897473745,"34","Female","right",1,1,0,0,FALSE,"E_F_Jennifer_Saunders.png P_M_jeremy_corbyn.png"
2728,"E_F_Jennifer_Saunders.png","E_M_Michael_McIntyr.png","TRUE","pictures/stimuli/E","pictures/stimuli/E","F","M","2","60ddcc052137212419247c3c","06/30/2022, 11:51:46",-0.871398748054319,"34","Female","right",1,1,0,0,FALSE,"E_F_Jennifer_Saunders.png E_M_Michael_McIntyr.png"
3491,"P_M_Gordon_Brown.png","P_M_keir_starmer.png","TRUE","pictures/stimuli/P","pictures/stimuli/P","M","M","1","60ddcc052137212419247c3c","06/30/2022, 11:51:46",-1.37311317875226,"34","Female","right",1,1,0,0,FALSE,"P_M_Gordon_Brown.png P_M_keir_starmer.png"
2832,"P_M_jeremy_corbyn.png","P_M_Sajid_Javid.png","TRUE","pictures/stimuli/P","pictures/stimuli/P","M","M","1","60ddcc052137212419247c3c","06/30/2022, 11:51:46",-1.37311317875226,"34","Female","right",1,1,0,0,FALSE,"P_M_jeremy_corbyn.png P_M_Sajid_Javid.png"
2639,"E_M_Simon_Pegg.png","P_M_nigel_farage.png","FALSE","pictures/stimuli/E","pictures/stimuli/P","M","M","5","60ddcc052137212419247c3c","06/30/2022, 11:51:46",0.633744544039505,"34","Female","right",1,1,0,0,FALSE,"E_M_Simon_Pegg.png P_M_nigel_farage.png"
2227,"P_M_nigel_farage.png","P_M_Tony_Blair.png","TRUE","pictures/stimuli/P","pictures/stimuli/P","M","M","1","60ddcc052137212419247c3c","06/30/2022, 11:51:46",-1.37311317875226,"34","Female","right",1,1,0,0,FALSE,"P_M_nigel_farage.png P_M_Tony_Blair.png"
2426,"E_F_Sarah_Millican.png","P_M_Gordon_Brown.png","FALSE","pictures/stimuli/E","pictures/stimuli/P","F","M","6","60ddcc052137212419247c3c","06/30/2022, 11:51:46",1.13545897473745,"34","Female","right",1,1,0,0,FALSE,"E_F_Sarah_Millican.png P_M_Gordon_Brown.png"
5082,"E_F_Sarah_Millican.png","P_M_jeremy_corbyn.png","FALSE","pictures/stimuli/E","pictures/stimuli/P","F","M","6","60ddcc052137212419247c3c","06/30/2022, 11:51:46",1.13545897473745,"34","Female","right",1,1,0,0,FALSE,"E_F_Sarah_Millican.png P_M_jeremy_corbyn.png"
2380,"E_M_Jimmy_Carr.png","E_M_Michael_McIntyr.png","TRUE","pictures/stimuli/E","pictures/stimuli/E","M","M","1","60ddcc052137212419247c3c","06/30/2022, 11:51:46",-1.37311317875226,"34","Female","right",1,1,0,0,FALSE,"E_M_Jimmy_Carr.png E_M_Michael_McIntyr.png"
2524,"E_M_Russell_Howard.png","P_M_nigel_farage.png","FALSE","pictures/stimuli/E","pictures/stimuli/P","M","M","5","60ddcc052137212419247c3c","06/30/2022, 11:51:46",0.633744544039505,"34","Female","right",1,1,0,0,FALSE,"E_M_Russell_Howard.png P_M_nigel_farage.png"
2302,"E_M_Jimmy_Carr.png","P_M_keir_starmer.png","FALSE","pictures/stimuli/E","pictures/stimuli/P","M","M","5","60ddcc052137212419247c3c","06/30/2022, 11:51:46",0.633744544039505,"34","Female","right",1,1,0,0,FALSE,"E_M_Jimmy_Carr.png P_M_keir_starmer.png"
2160,"P_M_jeremy_corbyn.png","P_M_Tony_Blair.png","TRUE","pictures/stimuli/P","pictures/stimuli/P","M","M","1","60ddcc052137212419247c3c","06/30/2022, 11:51:46",-1.37311317875226,"34","Female","right",1,1,0,0,FALSE,"P_M_jeremy_corbyn.png P_M_Tony_Blair.png"
4478,"E_M_Russell_Howard.png","P_M_jeremy_corbyn.png","FALSE","pictures/stimuli/E","pictures/stimuli/P","M","M","5","60ddcc052137212419247c3c","06/30/2022, 11:51:46",0.633744544039505,"34","Female","right",1,1,0,0,FALSE,"E_M_Russell_Howard.png P_M_jeremy_corbyn.png"
3494,"E_F_Jennifer_Saunders.png","P_F_nicola_sturge.png","FALSE","pictures/stimuli/E","pictures/stimuli/P","F","F","6","60ddcc052137212419247c3c","06/30/2022, 11:51:46",1.13545897473745,"34","Female","right",1,1,0,0,FALSE,"E_F_Jennifer_Saunders.png P_F_nicola_sturge.png"
2412,"E_M_Ewan_McGregor.png","P_M_Michael_Gove.png","FALSE","pictures/stimuli/E","pictures/stimuli/P","M","M","5","60ddcc052137212419247c3c","06/30/2022, 11:51:46",0.633744544039505,"34","Female","right",1,1,0,0,FALSE,"E_M_Ewan_McGregor.png P_M_Michael_Gove.png"
2113,"E_M_Russell_Howard.png","P_F_nicola_sturge.png","FALSE","pictures/stimuli/E","pictures/stimuli/P","M","F","5","60ddcc052137212419247c3c","06/30/2022, 11:51:46",0.633744544039505,"34","Female","right",1,1,0,0,FALSE,"E_M_Russell_Howard.png P_F_nicola_sturge.png"
1946,"P_M_Gordon_Brown.png","P_M_nigel_farage.png","TRUE","pictures/stimuli/P","pictures/stimuli/P","M","M","1","60ddcc052137212419247c3c","06/30/2022, 11:51:46",-1.37311317875226,"34","Female","right",1,1,0,0,FALSE,"P_M_Gordon_Brown.png P_M_nigel_farage.png"
2333,"E_F_Dawn_Roma_French.png","P_M_Michael_Gove.png","FALSE","pictures/stimuli/E","pictures/stimuli/P","F","M","6","60ddcc052137212419247c3c","06/30/2022, 11:51:46",1.13545897473745,"34","Female","right",1,1,0,0,FALSE,"E_F_Dawn_Roma_French.png P_M_Michael_Gove.png"
2583,"E_M_Michael_McIntyr.png","E_M_Simon_Pegg.png","TRUE","pictures/stimuli/E","pictures/stimuli/E","M","M","3","60ddcc052137212419247c3c","06/30/2022, 11:51:46",-0.369684317356378,"34","Female","right",1,1,0,0,FALSE,"E_M_Michael_McIntyr.png E_M_Simon_Pegg.png"
2782,"E_F_Jennifer_Saunders.png","P_M_david_camer.png","FALSE","pictures/stimuli/E","pictures/stimuli/P","F","M","6","60ddcc052137212419247c3c","06/30/2022, 11:51:46",1.13545897473745,"34","Female","right",1,1,0,0,FALSE,"E_F_Jennifer_Saunders.png P_M_david_camer.png"
2568,"E_F_Julie_Walters.png","P_M_Tony_Blair.png","FALSE","pictures/stimuli/E","pictures/stimuli/P","F","M","6","60ddcc052137212419247c3c","06/30/2022, 11:51:46",1.13545897473745,"34","Female","right",1,1,0,0,FALSE,"E_F_Julie_Walters.png P_M_Tony_Blair.png"
2099,"P_M_david_camer.png","P_M_Gordon_Brown.png","TRUE","pictures/stimuli/P","pictures/stimuli/P","M","M","1","60ddcc052137212419247c3c","06/30/2022, 11:51:46",-1.37311317875226,"34","Female","right",1,1,0,0,FALSE,"P_M_david_camer.png P_M_Gordon_Brown.png"
3518,"E_F_Julie_Walters.png","P_M_jeremy_corbyn.png","FALSE","pictures/stimuli/E","pictures/stimuli/P","F","M","6","60ddcc052137212419247c3c","06/30/2022, 11:51:46",1.13545897473745,"34","Female","right",1,1,0,0,FALSE,"E_F_Julie_Walters.png P_M_jeremy_corbyn.png"
2825,"P_M_david_camer.png","P_M_jeremy_corbyn.png","TRUE","pictures/stimuli/P","pictures/stimuli/P","M","M","1","60ddcc052137212419247c3c","06/30/2022, 11:51:46",-1.37311317875226,"34","Female","right",1,1,0,0,FALSE,"P_M_david_camer.png P_M_jeremy_corbyn.png"
6965,"E_M_Ewan_McGregor.png","P_M_david_camer.png","FALSE","pictures/stimuli/E","pictures/stimuli/P","M","M","5","60ddcc052137212419247c3c","06/30/2022, 11:51:46",0.633744544039505,"34","Female","right",1,1,0,0,FALSE,"E_M_Ewan_McGregor.png P_M_david_camer.png"
2695,"E_F_Dawn_Roma_French.png","P_M_jeremy_corbyn.png","FALSE","pictures/stimuli/E","pictures/stimuli/P","F","M","6","60ddcc052137212419247c3c","06/30/2022, 11:51:46",1.13545897473745,"34","Female","right",1,1,0,0,FALSE,"E_F_Dawn_Roma_French.png P_M_jeremy_corbyn.png"
3761,"E_M_Michael_McIntyr.png","E_M_Russell_Howard.png","TRUE","pictures/stimuli/E","pictures/stimuli/E","M","M","1","60ddcc052137212419247c3c","06/30/2022, 11:51:46",-1.37311317875226,"34","Female","right",1,1,0,0,FALSE,"E_M_Michael_McIntyr.png E_M_Russell_Howard.png"
1925,"P_F_Theresa_May.png","P_M_Michael_Gove.png","TRUE","pictures/stimuli/P","pictures/stimuli/P","F","M","1","60ddcc052137212419247c3c","06/30/2022, 11:51:46",-1.37311317875226,"34","Female","right",1,1,0,0,FALSE,"P_F_Theresa_May.png P_M_Michael_Gove.png"
2232,"E_F_Jennifer_Saunders.png","E_M_Peter_Kay.png","TRUE","pictures/stimuli/E","pictures/stimuli/E","F","M","2","60ddcc052137212419247c3c","06/30/2022, 11:51:46",-0.871398748054319,"34","Female","right",1,1,0,0,FALSE,"E_F_Jennifer_Saunders.png E_M_Peter_Kay.png"
1852,"P_F_Theresa_May.png","P_M_Gordon_Brown.png","TRUE","pictures/stimuli/P","pictures/stimuli/P","F","M","1","60ddcc052137212419247c3c","06/30/2022, 11:51:46",-1.37311317875226,"34","Female","right",1,1,0,0,FALSE,"P_F_Theresa_May.png P_M_Gordon_Brown.png"
3510,"E_F_Jennifer_Saunders.png","E_M_Simon_Pegg.png","TRUE","pictures/stimuli/E","pictures/stimuli/E","F","M","3","60ddcc052137212419247c3c","06/30/2022, 11:51:46",-0.369684317356378,"34","Female","right",1,1,0,0,FALSE,"E_F_Jennifer_Saunders.png E_M_Simon_Pegg.png"
4597,"E_M_Michael_McIntyr.png","P_M_Michael_Gove.png","FALSE","pictures/stimuli/E","pictures/stimuli/P","M","M","5","60ddcc052137212419247c3c","06/30/2022, 11:51:46",0.633744544039505,"34","Female","right",1,1,0,0,FALSE,"E_M_Michael_McIntyr.png P_M_Michael_Gove.png"
11097,"P_M_Michael_Gove.png","P_M_nigel_farage.png","TRUE","pictures/stimuli/P","pictures/stimuli/P","M","M","3","60fdaf5b539bcc4d2724d6a4","06/30/2022, 12:08:25",-0.626410928650171,"25","Male","right",1,1,0,0,FALSE,"P_M_Michael_Gove.png P_M_nigel_farage.png"
14128,"E_F_Sarah_Millican.png","E_M_Peter_Kay.png","TRUE","pictures/stimuli/E","pictures/stimuli/E","F","M","5","60fdaf5b539bcc4d2724d6a4","06/30/2022, 12:08:25",0.909306186750248,"25","Male","right",0,0,0,0,TRUE,"E_F_Sarah_Millican.png E_M_Peter_Kay.png"
4267,"E_F_Julie_Walters.png","P_M_Michael_Gove.png","FALSE","pictures/stimuli/E","pictures/stimuli/P","F","M","5","60fdaf5b539bcc4d2724d6a4","06/30/2022, 12:08:25",0.909306186750248,"25","Male","right",1,1,0,0,FALSE,"E_F_Julie_Walters.png P_M_Michael_Gove.png"
4364,"E_M_Russell_Howard.png","P_M_Tony_Blair.png","FALSE","pictures/stimuli/E","pictures/stimuli/P","M","M","5","60fdaf5b539bcc4d2724d6a4","06/30/2022, 12:08:25",0.909306186750248,"25","Male","right",1,1,0,0,FALSE,"E_M_Russell_Howard.png P_M_Tony_Blair.png"
16878,"P_M_david_camer.png","P_M_Michael_Gove.png","TRUE","pictures/stimuli/P","pictures/stimuli/P","M","M","2","60fdaf5b539bcc4d2724d6a4","06/30/2022, 12:08:25",-1.39426948635038,"25","Male","right",1,1,0,0,FALSE,"P_M_david_camer.png P_M_Michael_Gove.png"
4110,"E_M_Peter_Kay.png","P_F_Theresa_May.png","FALSE","pictures/stimuli/E","pictures/stimuli/P","M","F","4","60fdaf5b539bcc4d2724d6a4","06/30/2022, 12:08:25",0.141447629050038,"25","Male","right",0,1,0,0,TRUE,"E_M_Peter_Kay.png P_F_Theresa_May.png"
5890,"E_M_Jimmy_Carr.png","E_M_Michael_McIntyr.png","TRUE","pictures/stimuli/E","pictures/stimuli/E","M","M","2","60fdaf5b539bcc4d2724d6a4","06/30/2022, 12:08:25",-1.39426948635038,"25","Male","right",1,1,0,0,FALSE,"E_M_Jimmy_Carr.png E_M_Michael_McIntyr.png"
11660,"E_M_Ewan_McGregor.png","P_M_Michael_Gove.png","FALSE","pictures/stimuli/E","pictures/stimuli/P","M","M","3","60fdaf5b539bcc4d2724d6a4","06/30/2022, 12:08:25",-0.626410928650171,"25","Male","right",0,1,0,0,TRUE,"E_M_Ewan_McGregor.png P_M_Michael_Gove.png"
6578,"E_F_Dawn_Roma_French.png","E_M_Jimmy_Carr.png","TRUE","pictures/stimuli/E","pictures/stimuli/E","F","M","6","60fdaf5b539bcc4d2724d6a4","06/30/2022, 12:08:25",1.67716474445046,"25","Male","right",0,1,0,0,TRUE,"E_F_Dawn_Roma_French.png E_M_Jimmy_Carr.png"
4278,"E_M_Ewan_McGregor.png","P_M_Sajid_Javid.png","FALSE","pictures/stimuli/E","pictures/stimuli/P","M","M","6","60fdaf5b539bcc4d2724d6a4","06/30/2022, 12:08:25",1.67716474445046,"25","Male","right",0,1,0,0,TRUE,"E_M_Ewan_McGregor.png P_M_Sajid_Javid.png"
7386,"P_F_nicola_sturge.png","P_M_jeremy_corbyn.png","TRUE","pictures/stimuli/P","pictures/stimuli/P","F","M","1","60fdaf5b539bcc4d2724d6a4","06/30/2022, 12:08:25",-2.16212804405059,"25","Male","right",1,1,0,0,FALSE,"P_F_nicola_sturge.png P_M_jeremy_corbyn.png"
3946,"E_F_Dawn_Roma_French.png","P_M_keir_starmer.png","FALSE","pictures/stimuli/E","pictures/stimuli/P","F","M","5","60fdaf5b539bcc4d2724d6a4","06/30/2022, 12:08:25",0.909306186750248,"25","Male","right",0,1,0,0,TRUE,"E_F_Dawn_Roma_French.png P_M_keir_starmer.png"
7090,"P_F_Theresa_May.png","P_M_Tony_Blair.png","TRUE","pictures/stimuli/P","pictures/stimuli/P","F","M","5","60fdaf5b539bcc4d2724d6a4","06/30/2022, 12:08:25",0.909306186750248,"25","Male","right",1,1,0,0,FALSE,"P_F_Theresa_May.png P_M_Tony_Blair.png"
8611,"E_M_Russell_Howard.png","P_M_nigel_farage.png","FALSE","pictures/stimuli/E","pictures/stimuli/P","M","M","5","60fdaf5b539bcc4d2724d6a4","06/30/2022, 12:08:25",0.909306186750248,"25","Male","right",1,1,0,0,FALSE,"E_M_Russell_Howard.png P_M_nigel_farage.png"
3458,"E_F_Jennifer_Saunders.png","P_M_david_camer.png","FALSE","pictures/stimuli/E","pictures/stimuli/P","F","M","4","60fdaf5b539bcc4d2724d6a4","06/30/2022, 12:08:25",0.141447629050038,"25","Male","right",0,1,0,0,TRUE,"E_F_Jennifer_Saunders.png P_M_david_camer.png"
30662,"E_F_Sarah_Millican.png","P_M_jeremy_corbyn.png","FALSE","pictures/stimuli/E","pictures/stimuli/P","F","M","4","60fdaf5b539bcc4d2724d6a4","06/30/2022, 12:08:25",0.141447629050038,"25","Male","right",0,1,0,0,TRUE,"E_F_Sarah_Millican.png P_M_jeremy_corbyn.png"
5826,"E_F_Julie_Walters.png","E_M_Simon_Pegg.png","TRUE","pictures/stimuli/E","pictures/stimuli/E","F","M","4","60fdaf5b539bcc4d2724d6a4","06/30/2022, 12:08:25",0.141447629050038,"25","Male","right",1,1,0,0,FALSE,"E_F_Julie_Walters.png E_M_Simon_Pegg.png"
3438,"P_M_Gordon_Brown.png","P_M_Tony_Blair.png","TRUE","pictures/stimuli/P","pictures/stimuli/P","M","M","1","60fdaf5b539bcc4d2724d6a4","06/30/2022, 12:08:25",-2.16212804405059,"25","Male","right",1,1,0,0,FALSE,"P_M_Gordon_Brown.png P_M_Tony_Blair.png"
5162,"P_F_Theresa_May.png","P_M_Gordon_Brown.png","TRUE","pictures/stimuli/P","pictures/stimuli/P","F","M","2","60fdaf5b539bcc4d2724d6a4","06/30/2022, 12:08:25",-1.39426948635038,"25","Male","right",1,1,0,0,FALSE,"P_F_Theresa_May.png P_M_Gordon_Brown.png"
6167,"E_M_Michael_McIntyr.png","P_M_Gordon_Brown.png","FALSE","pictures/stimuli/E","pictures/stimuli/P","M","M","5","60fdaf5b539bcc4d2724d6a4","06/30/2022, 12:08:25",0.909306186750248,"25","Male","right",1,1,0,0,FALSE,"E_M_Michael_McIntyr.png P_M_Gordon_Brown.png"
3690,"E_F_Dawn_Roma_French.png","P_M_Michael_Gove.png","FALSE","pictures/stimuli/E","pictures/stimuli/P","F","M","3","60fdaf5b539bcc4d2724d6a4","06/30/2022, 12:08:25",-0.626410928650171,"25","Male","right",0,1,0,0,TRUE,"E_F_Dawn_Roma_French.png P_M_Michael_Gove.png"
3090,"E_M_Ewan_McGregor.png","P_M_keir_starmer.png","FALSE","pictures/stimuli/E","pictures/stimuli/P","M","M","5","60fdaf5b539bcc4d2724d6a4","06/30/2022, 12:08:25",0.909306186750248,"25","Male","right",0,1,0,0,TRUE,"E_M_Ewan_McGregor.png P_M_keir_starmer.png"
6322,"E_F_Julie_Walters.png","E_M_Ewan_McGregor.png","TRUE","pictures/stimuli/E","pictures/stimuli/E","F","M","4","60fdaf5b539bcc4d2724d6a4","06/30/2022, 12:08:25",0.141447629050038,"25","Male","right",1,0,0,0,TRUE,"E_F_Julie_Walters.png E_M_Ewan_McGregor.png"
3650,"E_F_Dawn_Roma_French.png","E_M_Russell_Howard.png","TRUE","pictures/stimuli/E","pictures/stimuli/E","F","M","4","60fdaf5b539bcc4d2724d6a4","06/30/2022, 12:08:25",0.141447629050038,"25","Male","right",0,1,0,0,TRUE,"E_F_Dawn_Roma_French.png E_M_Russell_Howard.png"
16487,"E_M_Jimmy_Carr.png","P_M_Tony_Blair.png","FALSE","pictures/stimuli/E","pictures/stimuli/P","M","M","4","60fdaf5b539bcc4d2724d6a4","06/30/2022, 12:08:25",0.141447629050038,"25","Male","right",1,1,0,0,FALSE,"E_M_Jimmy_Carr.png P_M_Tony_Blair.png"
47165,"P_F_nicola_sturge.png","P_M_keir_starmer.png","TRUE","pictures/stimuli/P","pictures/stimuli/P","F","M","2","60fdaf5b539bcc4d2724d6a4","06/30/2022, 12:08:25",-1.39426948635038,"25","Male","right",1,1,0,0,TRUE,"P_F_nicola_sturge.png P_M_keir_starmer.png"
3946,"E_F_Julie_Walters.png","P_M_Sajid_Javid.png","FALSE","pictures/stimuli/E","pictures/stimuli/P","F","M","3","60fdaf5b539bcc4d2724d6a4","06/30/2022, 12:08:25",-0.626410928650171,"25","Male","right",1,1,0,0,FALSE,"E_F_Julie_Walters.png P_M_Sajid_Javid.png"
4858,"E_M_Jimmy_Carr.png","E_M_Peter_Kay.png","TRUE","pictures/stimuli/E","pictures/stimuli/E","M","M","2","60fdaf5b539bcc4d2724d6a4","06/30/2022, 12:08:25",-1.39426948635038,"25","Male","right",1,0,0,0,TRUE,"E_M_Jimmy_Carr.png E_M_Peter_Kay.png"
4602,"P_F_nicola_sturge.png","P_F_Theresa_May.png","TRUE","pictures/stimuli/P","pictures/stimuli/P","F","F","5","60fdaf5b539bcc4d2724d6a4","06/30/2022, 12:08:25",0.909306186750248,"25","Male","right",1,1,0,0,FALSE,"P_F_nicola_sturge.png P_F_Theresa_May.png"
6114,"E_M_Peter_Kay.png","P_M_Gordon_Brown.png","FALSE","pictures/stimuli/E","pictures/stimuli/P","M","M","4","60fdaf5b539bcc4d2724d6a4","06/30/2022, 12:08:25",0.141447629050038,"25","Male","right",0,1,0,0,TRUE,"E_M_Peter_Kay.png P_M_Gordon_Brown.png"
4676,"E_F_Julie_Walters.png","P_M_keir_starmer.png","FALSE","pictures/stimuli/E","pictures/stimuli/P","F","M","3","60fdaf5b539bcc4d2724d6a4","06/30/2022, 12:08:25",-0.626410928650171,"25","Male","right",1,1,0,0,FALSE,"E_F_Julie_Walters.png P_M_keir_starmer.png"
11990,"P_M_nigel_farage.png","P_M_Tony_Blair.png","TRUE","pictures/stimuli/P","pictures/stimuli/P","M","M","3","60fdaf5b539bcc4d2724d6a4","06/30/2022, 12:08:25",-0.626410928650171,"25","Male","right",1,1,0,0,FALSE,"P_M_nigel_farage.png P_M_Tony_Blair.png"
4482,"E_F_Dawn_Roma_French.png","P_M_Gordon_Brown.png","FALSE","pictures/stimuli/E","pictures/stimuli/P","F","M","4","60fdaf5b539bcc4d2724d6a4","06/30/2022, 12:08:25",0.141447629050038,"25","Male","right",0,1,0,0,TRUE,"E_F_Dawn_Roma_French.png P_M_Gordon_Brown.png"
13186,"E_M_Russell_Howard.png","P_F_Theresa_May.png","FALSE","pictures/stimuli/E","pictures/stimuli/P","M","F","2","60fdaf5b539bcc4d2724d6a4","06/30/2022, 12:08:25",-1.39426948635038,"25","Male","right",1,1,0,0,FALSE,"E_M_Russell_Howard.png P_F_Theresa_May.png"
3322,"P_F_Theresa_May.png","P_M_Sajid_Javid.png","TRUE","pictures/stimuli/P","pictures/stimuli/P","F","M","6","60fdaf5b539bcc4d2724d6a4","06/30/2022, 12:08:25",1.67716474445046,"25","Male","right",1,1,0,0,FALSE,"P_F_Theresa_May.png P_M_Sajid_Javid.png"
23688,"P_M_jeremy_corbyn.png","P_M_Michael_Gove.png","TRUE","pictures/stimuli/P","pictures/stimuli/P","M","M","2","60fdaf5b539bcc4d2724d6a4","06/30/2022, 12:08:25",-1.39426948635038,"25","Male","right",1,1,0,0,FALSE,"P_M_jeremy_corbyn.png P_M_Michael_Gove.png"
4334,"E_M_Jimmy_Carr.png","E_M_Simon_Pegg.png","TRUE","pictures/stimuli/E","pictures/stimuli/E","M","M","2","60fdaf5b539bcc4d2724d6a4","06/30/2022, 12:08:25",-1.39426948635038,"25","Male","right",1,1,0,0,FALSE,"E_M_Jimmy_Carr.png E_M_Simon_Pegg.png"
3133,"P_M_nigel_farage.png","P_M_Sajid_Javid.png","TRUE","pictures/stimuli/P","pictures/stimuli/P","M","M","5","60fdaf5b539bcc4d2724d6a4","06/30/2022, 12:08:25",0.909306186750248,"25","Male","right",1,1,0,0,FALSE,"P_M_nigel_farage.png P_M_Sajid_Javid.png"
18251,"P_M_Sajid_Javid.png","P_M_Tony_Blair.png","TRUE","pictures/stimuli/P","pictures/stimuli/P","M","M","6","60fdaf5b539bcc4d2724d6a4","06/30/2022, 12:08:25",1.67716474445046,"25","Male","right",1,1,0,0,FALSE,"P_M_Sajid_Javid.png P_M_Tony_Blair.png"
23617,"E_F_Dawn_Roma_French.png","P_M_jeremy_corbyn.png","FALSE","pictures/stimuli/E","pictures/stimuli/P","F","M","5","60fdaf5b539bcc4d2724d6a4","06/30/2022, 12:08:25",0.909306186750248,"25","Male","right",0,1,0,0,TRUE,"E_F_Dawn_Roma_French.png P_M_jeremy_corbyn.png"
6458,"E_M_Russell_Howard.png","P_M_Sajid_Javid.png","FALSE","pictures/stimuli/E","pictures/stimuli/P","M","M","6","60fdaf5b539bcc4d2724d6a4","06/30/2022, 12:08:25",1.67716474445046,"25","Male","right",1,1,0,0,FALSE,"E_M_Russell_Howard.png P_M_Sajid_Javid.png"
7866,"E_F_Julie_Walters.png","P_M_jeremy_corbyn.png","FALSE","pictures/stimuli/E","pictures/stimuli/P","F","M","4","60fdaf5b539bcc4d2724d6a4","06/30/2022, 12:08:25",0.141447629050038,"25","Male","right",1,1,0,0,FALSE,"E_F_Julie_Walters.png P_M_jeremy_corbyn.png"
42990,"E_M_Michael_McIntyr.png","E_M_Simon_Pegg.png","TRUE","pictures/stimuli/E","pictures/stimuli/E","M","M","2","60fdaf5b539bcc4d2724d6a4","06/30/2022, 12:08:25",-1.39426948635038,"25","Male","right",1,1,0,0,TRUE,"E_M_Michael_McIntyr.png E_M_Simon_Pegg.png"
7695,"E_F_Julie_Walters.png","E_M_Jimmy_Carr.png","TRUE","pictures/stimuli/E","pictures/stimuli/E","F","M","2","60fdaf5b539bcc4d2724d6a4","06/30/2022, 12:08:25",-1.39426948635038,"25","Male","right",1,1,0,0,FALSE,"E_F_Julie_Walters.png E_M_Jimmy_Carr.png"
5307,"P_M_Gordon_Brown.png","P_M_jeremy_corbyn.png","TRUE","pictures/stimuli/P","pictures/stimuli/P","M","M","1","60fdaf5b539bcc4d2724d6a4","06/30/2022, 12:08:25",-2.16212804405059,"25","Male","right",1,1,0,0,FALSE,"P_M_Gordon_Brown.png P_M_jeremy_corbyn.png"
5118,"P_F_nicola_sturge.png","P_M_david_camer.png","TRUE","pictures/stimuli/P","pictures/stimuli/P","F","M","4","60fdaf5b539bcc4d2724d6a4","06/30/2022, 12:08:25",0.141447629050038,"25","Male","right",1,1,0,0,FALSE,"P_F_nicola_sturge.png P_M_david_camer.png"
4465,"E_F_Dawn_Roma_French.png","E_F_Jennifer_Saunders.png","TRUE","pictures/stimuli/E","pictures/stimuli/E","F","F","4","60fdaf5b539bcc4d2724d6a4","06/30/2022, 12:08:25",0.141447629050038,"25","Male","right",0,0,0,0,TRUE,"E_F_Dawn_Roma_French.png E_F_Jennifer_Saunders.png"
3250,"P_M_jeremy_corbyn.png","P_M_keir_starmer.png","TRUE","pictures/stimuli/P","pictures/stimuli/P","M","M","5","60fdaf5b539bcc4d2724d6a4","06/30/2022, 12:08:25",0.909306186750248,"25","Male","right",1,1,0,0,FALSE,"P_M_jeremy_corbyn.png P_M_keir_starmer.png"
3058,"E_M_Jimmy_Carr.png","P_M_keir_starmer.png","FALSE","pictures/stimuli/E","pictures/stimuli/P","M","M","6","60fdaf5b539bcc4d2724d6a4","06/30/2022, 12:08:25",1.67716474445046,"25","Male","right",1,1,0,0,FALSE,"E_M_Jimmy_Carr.png P_M_keir_starmer.png"
2970,"E_F_Sarah_Millican.png","P_M_Tony_Blair.png","FALSE","pictures/stimuli/E","pictures/stimuli/P","F","M","5","60fdaf5b539bcc4d2724d6a4","06/30/2022, 12:08:25",0.909306186750248,"25","Male","right",0,1,0,0,TRUE,"E_F_Sarah_Millican.png P_M_Tony_Blair.png"
2578,"E_F_Sarah_Millican.png","E_M_Russell_Howard.png","TRUE","pictures/stimuli/E","pictures/stimuli/E","F","M","5","60fdaf5b539bcc4d2724d6a4","06/30/2022, 12:08:25",0.909306186750248,"25","Male","right",0,1,0,0,TRUE,"E_F_Sarah_Millican.png E_M_Russell_Howard.png"
2706,"E_F_Dawn_Roma_French.png","P_M_nigel_farage.png","FALSE","pictures/stimuli/E","pictures/stimuli/P","F","M","5","60fdaf5b539bcc4d2724d6a4","06/30/2022, 12:08:25",0.909306186750248,"25","Male","right",0,1,0,0,TRUE,"E_F_Dawn_Roma_French.png P_M_nigel_farage.png"
4323,"P_F_nicola_sturge.png","P_M_nigel_farage.png","TRUE","pictures/stimuli/P","pictures/stimuli/P","F","M","2","60fdaf5b539bcc4d2724d6a4","06/30/2022, 12:08:25",-1.39426948635038,"25","Male","right",1,1,0,0,FALSE,"P_F_nicola_sturge.png P_M_nigel_farage.png"
3506,"E_F_Sarah_Millican.png","E_M_Jimmy_Carr.png","TRUE","pictures/stimuli/E","pictures/stimuli/E","F","M","4","60fdaf5b539bcc4d2724d6a4","06/30/2022, 12:08:25",0.141447629050038,"25","Male","right",0,1,0,0,TRUE,"E_F_Sarah_Millican.png E_M_Jimmy_Carr.png"
5224,"P_M_Gordon_Brown.png","P_M_nigel_farage.png","TRUE","pictures/stimuli/P","pictures/stimuli/P","M","M","5","60fdaf5b539bcc4d2724d6a4","06/30/2022, 12:08:25",0.909306186750248,"25","Male","right",1,1,0,0,FALSE,"P_M_Gordon_Brown.png P_M_nigel_farage.png"
6948,"E_M_Peter_Kay.png","P_M_Michael_Gove.png","FALSE","pictures/stimuli/E","pictures/stimuli/P","M","M","3","60fdaf5b539bcc4d2724d6a4","06/30/2022, 12:08:25",-0.626410928650171,"25","Male","right",0,1,0,0,TRUE,"E_M_Peter_Kay.png P_M_Michael_Gove.png"
4746,"P_M_jeremy_corbyn.png","P_M_Tony_Blair.png","TRUE","pictures/stimuli/P","pictures/stimuli/P","M","M","1","60fdaf5b539bcc4d2724d6a4","06/30/2022, 12:08:25",-2.16212804405059,"25","Male","right",1,1,0,0,FALSE,"P_M_jeremy_corbyn.png P_M_Tony_Blair.png"
5758,"P_F_nicola_sturge.png","P_M_Gordon_Brown.png","TRUE","pictures/stimuli/P","pictures/stimuli/P","F","M","2","60fdaf5b539bcc4d2724d6a4","06/30/2022, 12:08:25",-1.39426948635038,"25","Male","right",1,1,0,0,FALSE,"P_F_nicola_sturge.png P_M_Gordon_Brown.png"
10438,"P_M_david_camer.png","P_M_Tony_Blair.png","TRUE","pictures/stimuli/P","pictures/stimuli/P","M","M","5","60fdaf5b539bcc4d2724d6a4","06/30/2022, 12:08:25",0.909306186750248,"25","Male","right",1,1,0,0,FALSE,"P_M_david_camer.png P_M_Tony_Blair.png"
13086,"E_M_Ewan_McGregor.png","E_M_Simon_Pegg.png","TRUE","pictures/stimuli/E","pictures/stimuli/E","M","M","1","60fdaf5b539bcc4d2724d6a4","06/30/2022, 12:08:25",-2.16212804405059,"25","Male","right",0,1,0,0,TRUE,"E_M_Ewan_McGregor.png E_M_Simon_Pegg.png"
2498,"E_F_Sarah_Millican.png","P_F_Theresa_May.png","FALSE","pictures/stimuli/E","pictures/stimuli/P","F","F","4","60fdaf5b539bcc4d2724d6a4","06/30/2022, 12:08:25",0.141447629050038,"25","Male","right",0,1,0,0,TRUE,"E_F_Sarah_Millican.png P_F_Theresa_May.png"
3102,"E_F_Sarah_Millican.png","P_M_Sajid_Javid.png","FALSE","pictures/stimuli/E","pictures/stimuli/P","F","M","6","60fdaf5b539bcc4d2724d6a4","06/30/2022, 12:08:25",1.67716474445046,"25","Male","right",0,1,0,0,TRUE,"E_F_Sarah_Millican.png P_M_Sajid_Javid.png"
13962,"E_M_Jimmy_Carr.png","P_M_jeremy_corbyn.png","FALSE","pictures/stimuli/E","pictures/stimuli/P","M","M","2","60fdaf5b539bcc4d2724d6a4","06/30/2022, 12:08:25",-1.39426948635038,"25","Male","right",1,1,0,0,FALSE,"E_M_Jimmy_Carr.png P_M_jeremy_corbyn.png"
3122,"E_F_Sarah_Millican.png","P_F_nicola_sturge.png","FALSE","pictures/stimuli/E","pictures/stimuli/P","F","F","3","60fdaf5b539bcc4d2724d6a4","06/30/2022, 12:08:25",-0.626410928650171,"25","Male","right",0,1,0,0,TRUE,"E_F_Sarah_Millican.png P_F_nicola_sturge.png"
2238,"E_F_Jennifer_Saunders.png","P_M_Sajid_Javid.png","FALSE","pictures/stimuli/E","pictures/stimuli/P","F","M","5","60fdaf5b539bcc4d2724d6a4","06/30/2022, 12:08:25",0.909306186750248,"25","Male","right",0,1,0,0,TRUE,"E_F_Jennifer_Saunders.png P_M_Sajid_Javid.png"
3023,"P_M_david_camer.png","P_M_Sajid_Javid.png","TRUE","pictures/stimuli/P","pictures/stimuli/P","M","M","2","60fdaf5b539bcc4d2724d6a4","06/30/2022, 12:08:25",-1.39426948635038,"25","Male","right",1,1,0,0,FALSE,"P_M_david_camer.png P_M_Sajid_Javid.png"
5243,"E_M_Jimmy_Carr.png","P_F_nicola_sturge.png","FALSE","pictures/stimuli/E","pictures/stimuli/P","M","F","4","60fdaf5b539bcc4d2724d6a4","06/30/2022, 12:08:25",0.141447629050038,"25","Male","right",1,1,0,0,FALSE,"E_M_Jimmy_Carr.png P_F_nicola_sturge.png"
3221,"E_M_Michael_McIntyr.png","E_M_Russell_Howard.png","TRUE","pictures/stimuli/E","pictures/stimuli/E","M","M","3","60fdaf5b539bcc4d2724d6a4","06/30/2022, 12:08:25",-0.626410928650171,"25","Male","right",1,1,0,0,FALSE,"E_M_Michael_McIntyr.png E_M_Russell_Howard.png"
2936,"E_F_Dawn_Roma_French.png","E_F_Sarah_Millican.png","TRUE","pictures/stimuli/E","pictures/stimuli/E","F","F","4","60fdaf5b539bcc4d2724d6a4","06/30/2022, 12:08:25",0.141447629050038,"25","Male","right",0,0,0,0,TRUE,"E_F_Dawn_Roma_French.png E_F_Sarah_Millican.png"
5242,"E_F_Sarah_Millican.png","E_M_Michael_McIntyr.png","TRUE","pictures/stimuli/E","pictures/stimuli/E","F","M","3","60fdaf5b539bcc4d2724d6a4","06/30/2022, 12:08:25",-0.626410928650171,"25","Male","right",0,1,0,0,TRUE,"E_F_Sarah_Millican.png E_M_Michael_McIntyr.png"
6830,"E_F_Dawn_Roma_French.png","E_M_Peter_Kay.png","TRUE","pictures/stimuli/E","pictures/stimuli/E","F","M","5","60fdaf5b539bcc4d2724d6a4","06/30/2022, 12:08:25",0.909306186750248,"25","Male","right",0,0,0,0,TRUE,"E_F_Dawn_Roma_French.png E_M_Peter_Kay.png"
4110,"E_M_Ewan_McGregor.png","E_M_Jimmy_Carr.png","TRUE","pictures/stimuli/E","pictures/stimuli/E","M","M","3","60fdaf5b539bcc4d2724d6a4","06/30/2022, 12:08:25",-0.626410928650171,"25","Male","right",0,1,0,0,TRUE,"E_M_Ewan_McGregor.png E_M_Jimmy_Carr.png"
14282,"E_M_Jimmy_Carr.png","E_M_Russell_Howard.png","TRUE","pictures/stimuli/E","pictures/stimuli/E","M","M","5","60fdaf5b539bcc4d2724d6a4","06/30/2022, 12:08:25",0.909306186750248,"25","Male","right",1,1,0,0,FALSE,"E_M_Jimmy_Carr.png E_M_Russell_Howard.png"
10288,"E_F_Jennifer_Saunders.png","P_M_nigel_farage.png","FALSE","pictures/stimuli/E","pictures/stimuli/P","F","M","5","60fdaf5b539bcc4d2724d6a4","06/30/2022, 12:08:25",0.909306186750248,"25","Male","right",0,1,0,0,TRUE,"E_F_Jennifer_Saunders.png P_M_nigel_farage.png"
15030,"E_F_Dawn_Roma_French.png","E_M_Ewan_McGregor.png","TRUE","pictures/stimuli/E","pictures/stimuli/E","F","M","5","60fdaf5b539bcc4d2724d6a4","06/30/2022, 12:08:25",0.909306186750248,"25","Male","right",0,0,0,0,TRUE,"E_F_Dawn_Roma_French.png E_M_Ewan_McGregor.png"
12278,"E_M_Ewan_McGregor.png","E_M_Russell_Howard.png","TRUE","pictures/stimuli/E","pictures/stimuli/E","M","M","2","60fdaf5b539bcc4d2724d6a4","06/30/2022, 12:08:25",-1.39426948635038,"25","Male","right",0,1,0,0,TRUE,"E_M_Ewan_McGregor.png E_M_Russell_Howard.png"
6717,"E_F_Sarah_Millican.png","P_M_david_camer.png","FALSE","pictures/stimuli/E","pictures/stimuli/P","F","M","4","60fdaf5b539bcc4d2724d6a4","06/30/2022, 12:08:25",0.141447629050038,"25","Male","right",0,1,0,0,TRUE,"E_F_Sarah_Millican.png P_M_david_camer.png"
2755,"P_M_Gordon_Brown.png","P_M_keir_starmer.png","TRUE","pictures/stimuli/P","pictures/stimuli/P","M","M","2","60fdaf5b539bcc4d2724d6a4","06/30/2022, 12:08:25",-1.39426948635038,"25","Male","right",1,1,0,0,FALSE,"P_M_Gordon_Brown.png P_M_keir_starmer.png"
5569,"P_F_Theresa_May.png","P_M_nigel_farage.png","TRUE","pictures/stimuli/P","pictures/stimuli/P","F","M","3","60fdaf5b539bcc4d2724d6a4","06/30/2022, 12:08:25",-0.626410928650171,"25","Male","right",1,1,0,0,FALSE,"P_F_Theresa_May.png P_M_nigel_farage.png"
3740,"E_M_Simon_Pegg.png","P_F_nicola_sturge.png","FALSE","pictures/stimuli/E","pictures/stimuli/P","M","F","5","60fdaf5b539bcc4d2724d6a4","06/30/2022, 12:08:25",0.909306186750248,"25","Male","right",1,1,0,0,FALSE,"E_M_Simon_Pegg.png P_F_nicola_sturge.png"
5286,"E_F_Sarah_Millican.png","E_M_Ewan_McGregor.png","TRUE","pictures/stimuli/E","pictures/stimuli/E","F","M","4","60fdaf5b539bcc4d2724d6a4","06/30/2022, 12:08:25",0.141447629050038,"25","Male","right",0,0,0,0,TRUE,"E_F_Sarah_Millican.png E_M_Ewan_McGregor.png"
5469,"E_M_Michael_McIntyr.png","P_M_keir_starmer.png","FALSE","pictures/stimuli/E","pictures/stimuli/P","M","M","3","60fdaf5b539bcc4d2724d6a4","06/30/2022, 12:08:25",-0.626410928650171,"25","Male","right",1,1,0,0,FALSE,"E_M_Michael_McIntyr.png P_M_keir_starmer.png"
4862,"P_M_keir_starmer.png","P_M_Tony_Blair.png","TRUE","pictures/stimuli/P","pictures/stimuli/P","M","M","2","60fdaf5b539bcc4d2724d6a4","06/30/2022, 12:08:25",-1.39426948635038,"25","Male","right",1,1,0,0,FALSE,"P_M_keir_starmer.png P_M_Tony_Blair.png"
4700,"E_M_Michael_McIntyr.png","P_M_david_camer.png","FALSE","pictures/stimuli/E","pictures/stimuli/P","M","M","2","60fdaf5b539bcc4d2724d6a4","06/30/2022, 12:08:25",-1.39426948635038,"25","Male","right",1,1,0,0,FALSE,"E_M_Michael_McIntyr.png P_M_david_camer.png"
6402,"E_M_Peter_Kay.png","P_M_keir_starmer.png","FALSE","pictures/stimuli/E","pictures/stimuli/P","M","M","1","60fdaf5b539bcc4d2724d6a4","06/30/2022, 12:08:25",-2.16212804405059,"25","Male","right",0,1,0,0,TRUE,"E_M_Peter_Kay.png P_M_keir_starmer.png"
2769,"E_M_Michael_McIntyr.png","P_M_Michael_Gove.png","FALSE","pictures/stimuli/E","pictures/stimuli/P","M","M","1","60fdaf5b539bcc4d2724d6a4","06/30/2022, 12:08:25",-2.16212804405059,"25","Male","right",1,1,0,0,FALSE,"E_M_Michael_McIntyr.png P_M_Michael_Gove.png"
2561,"E_M_Russell_Howard.png","P_M_keir_starmer.png","FALSE","pictures/stimuli/E","pictures/stimuli/P","M","M","4","60fdaf5b539bcc4d2724d6a4","06/30/2022, 12:08:25",0.141447629050038,"25","Male","right",1,1,0,0,FALSE,"E_M_Russell_Howard.png P_M_keir_starmer.png"
3402,"E_F_Sarah_Millican.png","P_M_Michael_Gove.png","FALSE","pictures/stimuli/E","pictures/stimuli/P","F","M","3","60fdaf5b539bcc4d2724d6a4","06/30/2022, 12:08:25",-0.626410928650171,"25","Male","right",0,1,0,0,TRUE,"E_F_Sarah_Millican.png P_M_Michael_Gove.png"
2804,"E_F_Dawn_Roma_French.png","P_M_Tony_Blair.png","FALSE","pictures/stimuli/E","pictures/stimuli/P","F","M","5","60fdaf5b539bcc4d2724d6a4","06/30/2022, 12:08:25",0.909306186750248,"25","Male","right",0,1,0,0,TRUE,"E_F_Dawn_Roma_French.png P_M_Tony_Blair.png"
2332,"E_M_Michael_McIntyr.png","P_M_Sajid_Javid.png","FALSE","pictures/stimuli/E","pictures/stimuli/P","M","M","6","60fdaf5b539bcc4d2724d6a4","06/30/2022, 12:08:25",1.67716474445046,"25","Male","right",1,1,0,0,FALSE,"E_M_Michael_McIntyr.png P_M_Sajid_Javid.png"
2858,"P_M_keir_starmer.png","P_M_Sajid_Javid.png","TRUE","pictures/stimuli/P","pictures/stimuli/P","M","M","4","60fdaf5b539bcc4d2724d6a4","06/30/2022, 12:08:25",0.141447629050038,"25","Male","right",1,1,0,0,FALSE,"P_M_keir_starmer.png P_M_Sajid_Javid.png"
3762,"E_M_Jimmy_Carr.png","P_M_Gordon_Brown.png","FALSE","pictures/stimuli/E","pictures/stimuli/P","M","M","3","60fdaf5b539bcc4d2724d6a4","06/30/2022, 12:08:25",-0.626410928650171,"25","Male","right",1,1,0,0,FALSE,"E_M_Jimmy_Carr.png P_M_Gordon_Brown.png"
6515,"P_M_keir_starmer.png","P_M_Michael_Gove.png","TRUE","pictures/stimuli/P","pictures/stimuli/P","M","M","5","60fdaf5b539bcc4d2724d6a4","06/30/2022, 12:08:25",0.909306186750248,"25","Male","right",1,1,0,0,FALSE,"P_M_keir_starmer.png P_M_Michael_Gove.png"
11190,"E_M_Simon_Pegg.png","P_F_Theresa_May.png","FALSE","pictures/stimuli/E","pictures/stimuli/P","M","F","5","60fdaf5b539bcc4d2724d6a4","06/30/2022, 12:08:25",0.909306186750248,"25","Male","right",1,1,0,0,FALSE,"E_M_Simon_Pegg.png P_F_Theresa_May.png"
2303,"E_F_Dawn_Roma_French.png","E_M_Simon_Pegg.png","TRUE","pictures/stimuli/E","pictures/stimuli/E","F","M","5","60fdaf5b539bcc4d2724d6a4","06/30/2022, 12:08:25",0.909306186750248,"25","Male","right",0,1,0,0,TRUE,"E_F_Dawn_Roma_French.png E_M_Simon_Pegg.png"
2428,"E_F_Jennifer_Saunders.png","E_M_Peter_Kay.png","TRUE","pictures/stimuli/E","pictures/stimuli/E","F","M","3","60fdaf5b539bcc4d2724d6a4","06/30/2022, 12:08:25",-0.626410928650171,"25","Male","right",0,0,0,0,TRUE,"E_F_Jennifer_Saunders.png E_M_Peter_Kay.png"
4083,"E_F_Julie_Walters.png","P_M_Tony_Blair.png","FALSE","pictures/stimuli/E","pictures/stimuli/P","F","M","4","60fdaf5b539bcc4d2724d6a4","06/30/2022, 12:08:25",0.141447629050038,"25","Male","right",1,1,0,0,FALSE,"E_F_Julie_Walters.png P_M_Tony_Blair.png"
2290,"P_F_nicola_sturge.png","P_M_Sajid_Javid.png","TRUE","pictures/stimuli/P","pictures/stimuli/P","F","M","5","60fdaf5b539bcc4d2724d6a4","06/30/2022, 12:08:25",0.909306186750248,"25","Male","right",1,1,0,0,FALSE,"P_F_nicola_sturge.png P_M_Sajid_Javid.png"
8010,"E_M_Jimmy_Carr.png","P_F_Theresa_May.png","FALSE","pictures/stimuli/E","pictures/stimuli/P","M","F","5","60fdaf5b539bcc4d2724d6a4","06/30/2022, 12:08:25",0.909306186750248,"25","Male","right",1,1,0,0,FALSE,"E_M_Jimmy_Carr.png P_F_Theresa_May.png"
5106,"E_M_Simon_Pegg.png","P_M_Tony_Blair.png","FALSE","pictures/stimuli/E","pictures/stimuli/P","M","M","2","60fdaf5b539bcc4d2724d6a4","06/30/2022, 12:08:25",-1.39426948635038,"25","Male","right",1,1,0,0,FALSE,"E_M_Simon_Pegg.png P_M_Tony_Blair.png"
2892,"E_F_Sarah_Millican.png","P_M_nigel_farage.png","FALSE","pictures/stimuli/E","pictures/stimuli/P","F","M","4","60fdaf5b539bcc4d2724d6a4","06/30/2022, 12:08:25",0.141447629050038,"25","Male","right",0,1,0,0,TRUE,"E_F_Sarah_Millican.png P_M_nigel_farage.png"
2282,"E_F_Jennifer_Saunders.png","E_F_Sarah_Millican.png","TRUE","pictures/stimuli/E","pictures/stimuli/E","F","F","2","60fdaf5b539bcc4d2724d6a4","06/30/2022, 12:08:25",-1.39426948635038,"25","Male","right",0,0,0,0,TRUE,"E_F_Jennifer_Saunders.png E_F_Sarah_Millican.png"
5026,"E_F_Jennifer_Saunders.png","E_M_Jimmy_Carr.png","TRUE","pictures/stimuli/E","pictures/stimuli/E","F","M","2","60fdaf5b539bcc4d2724d6a4","06/30/2022, 12:08:25",-1.39426948635038,"25","Male","right",0,1,0,0,TRUE,"E_F_Jennifer_Saunders.png E_M_Jimmy_Carr.png"
7038,"E_M_Russell_Howard.png","P_M_david_camer.png","FALSE","pictures/stimuli/E","pictures/stimuli/P","M","M","4","60fdaf5b539bcc4d2724d6a4","06/30/2022, 12:08:25",0.141447629050038,"25","Male","right",1,1,0,0,FALSE,"E_M_Russell_Howard.png P_M_david_camer.png"
2295,"E_F_Dawn_Roma_French.png","P_M_Sajid_Javid.png","FALSE","pictures/stimuli/E","pictures/stimuli/P","F","M","6","60fdaf5b539bcc4d2724d6a4","06/30/2022, 12:08:25",1.67716474445046,"25","Male","right",0,1,0,0,TRUE,"E_F_Dawn_Roma_French.png P_M_Sajid_Javid.png"
6523,"E_M_Ewan_McGregor.png","P_M_Gordon_Brown.png","FALSE","pictures/stimuli/E","pictures/stimuli/P","M","M","2","60fdaf5b539bcc4d2724d6a4","06/30/2022, 12:08:25",-1.39426948635038,"25","Male","right",0,1,0,0,TRUE,"E_M_Ewan_McGregor.png P_M_Gordon_Brown.png"
3196,"E_F_Julie_Walters.png","E_M_Russell_Howard.png","TRUE","pictures/stimuli/E","pictures/stimuli/E","F","M","3","60fdaf5b539bcc4d2724d6a4","06/30/2022, 12:08:25",-0.626410928650171,"25","Male","right",1,1,0,0,FALSE,"E_F_Julie_Walters.png E_M_Russell_Howard.png"
2379,"E_F_Jennifer_Saunders.png","P_F_nicola_sturge.png","FALSE","pictures/stimuli/E","pictures/stimuli/P","F","F","4","60fdaf5b539bcc4d2724d6a4","06/30/2022, 12:08:25",0.141447629050038,"25","Male","right",0,1,0,0,TRUE,"E_F_Jennifer_Saunders.png P_F_nicola_sturge.png"
2430,"P_F_nicola_sturge.png","P_M_Michael_Gove.png","TRUE","pictures/stimuli/P","pictures/stimuli/P","F","M","4","60fdaf5b539bcc4d2724d6a4","06/30/2022, 12:08:25",0.141447629050038,"25","Male","right",1,1,0,0,FALSE,"P_F_nicola_sturge.png P_M_Michael_Gove.png"
6650,"E_F_Jennifer_Saunders.png","E_M_Russell_Howard.png","TRUE","pictures/stimuli/E","pictures/stimuli/E","F","M","4","60fdaf5b539bcc4d2724d6a4","06/30/2022, 12:08:25",0.141447629050038,"25","Male","right",0,1,0,0,TRUE,"E_F_Jennifer_Saunders.png E_M_Russell_Howard.png"
9366,"E_M_Ewan_McGregor.png","P_M_Tony_Blair.png","FALSE","pictures/stimuli/E","pictures/stimuli/P","M","M","2","60fdaf5b539bcc4d2724d6a4","06/30/2022, 12:08:25",-1.39426948635038,"25","Male","right",0,1,0,0,TRUE,"E_M_Ewan_McGregor.png P_M_Tony_Blair.png"
7602,"E_F_Sarah_Millican.png","P_M_keir_starmer.png","FALSE","pictures/stimuli/E","pictures/stimuli/P","F","M","4","60fdaf5b539bcc4d2724d6a4","06/30/2022, 12:08:25",0.141447629050038,"25","Male","right",0,1,0,0,TRUE,"E_F_Sarah_Millican.png P_M_keir_starmer.png"
8186,"E_M_Peter_Kay.png","P_M_nigel_farage.png","FALSE","pictures/stimuli/E","pictures/stimuli/P","M","M","5","60fdaf5b539bcc4d2724d6a4","06/30/2022, 12:08:25",0.909306186750248,"25","Male","right",0,1,0,0,TRUE,"E_M_Peter_Kay.png P_M_nigel_farage.png"
2370,"E_F_Jennifer_Saunders.png","P_M_Michael_Gove.png","FALSE","pictures/stimuli/E","pictures/stimuli/P","F","M","4","60fdaf5b539bcc4d2724d6a4","06/30/2022, 12:08:25",0.141447629050038,"25","Male","right",0,1,0,0,TRUE,"E_F_Jennifer_Saunders.png P_M_Michael_Gove.png"
2183,"E_F_Jennifer_Saunders.png","E_F_Julie_Walters.png","TRUE","pictures/stimuli/E","pictures/stimuli/E","F","F","1","60fdaf5b539bcc4d2724d6a4","06/30/2022, 12:08:25",-2.16212804405059,"25","Male","right",0,1,0,0,TRUE,"E_F_Jennifer_Saunders.png E_F_Julie_Walters.png"
2074,"P_M_Gordon_Brown.png","P_M_Sajid_Javid.png","TRUE","pictures/stimuli/P","pictures/stimuli/P","M","M","5","60fdaf5b539bcc4d2724d6a4","06/30/2022, 12:08:25",0.909306186750248,"25","Male","right",1,1,0,0,FALSE,"P_M_Gordon_Brown.png P_M_Sajid_Javid.png"
1867,"E_F_Julie_Walters.png","E_M_Peter_Kay.png","TRUE","pictures/stimuli/E","pictures/stimuli/E","F","M","5","60fdaf5b539bcc4d2724d6a4","06/30/2022, 12:08:25",0.909306186750248,"25","Male","right",1,0,0,0,TRUE,"E_F_Julie_Walters.png E_M_Peter_Kay.png"
2622,"E_M_Jimmy_Carr.png","P_M_Sajid_Javid.png","FALSE","pictures/stimuli/E","pictures/stimuli/P","M","M","5","60fdaf5b539bcc4d2724d6a4","06/30/2022, 12:08:25",0.909306186750248,"25","Male","right",1,1,0,0,FALSE,"E_M_Jimmy_Carr.png P_M_Sajid_Javid.png"
3626,"E_M_Simon_Pegg.png","P_M_Gordon_Brown.png","FALSE","pictures/stimuli/E","pictures/stimuli/P","M","M","5","60fdaf5b539bcc4d2724d6a4","06/30/2022, 12:08:25",0.909306186750248,"25","Male","right",1,1,0,0,FALSE,"E_M_Simon_Pegg.png P_M_Gordon_Brown.png"
2702,"E_F_Julie_Walters.png","P_F_nicola_sturge.png","FALSE","pictures/stimuli/E","pictures/stimuli/P","F","F","3","60fdaf5b539bcc4d2724d6a4","06/30/2022, 12:08:25",-0.626410928650171,"25","Male","right",1,1,0,0,FALSE,"E_F_Julie_Walters.png P_F_nicola_sturge.png"
2461,"E_M_Simon_Pegg.png","P_M_nigel_farage.png","FALSE","pictures/stimuli/E","pictures/stimuli/P","M","M","4","60fdaf5b539bcc4d2724d6a4","06/30/2022, 12:08:25",0.141447629050038,"25","Male","right",1,1,0,0,FALSE,"E_M_Simon_Pegg.png P_M_nigel_farage.png"
4482,"E_F_Dawn_Roma_French.png","E_F_Julie_Walters.png","TRUE","pictures/stimuli/E","pictures/stimuli/E","F","F","4","60fdaf5b539bcc4d2724d6a4","06/30/2022, 12:08:25",0.141447629050038,"25","Male","right",0,1,0,0,TRUE,"E_F_Dawn_Roma_French.png E_F_Julie_Walters.png"
11946,"E_M_Russell_Howard.png","P_M_jeremy_corbyn.png","FALSE","pictures/stimuli/E","pictures/stimuli/P","M","M","3","60fdaf5b539bcc4d2724d6a4","06/30/2022, 12:08:25",-0.626410928650171,"25","Male","right",1,1,0,0,FALSE,"E_M_Russell_Howard.png P_M_jeremy_corbyn.png"
3178,"P_M_david_camer.png","P_M_jeremy_corbyn.png","TRUE","pictures/stimuli/P","pictures/stimuli/P","M","M","2","60fdaf5b539bcc4d2724d6a4","06/30/2022, 12:08:25",-1.39426948635038,"25","Male","right",1,1,0,0,FALSE,"P_M_david_camer.png P_M_jeremy_corbyn.png"
3026,"E_M_Russell_Howard.png","P_F_nicola_sturge.png","FALSE","pictures/stimuli/E","pictures/stimuli/P","M","F","4","60fdaf5b539bcc4d2724d6a4","06/30/2022, 12:08:25",0.141447629050038,"25","Male","right",1,1,0,0,FALSE,"E_M_Russell_Howard.png P_F_nicola_sturge.png"
2257,"E_F_Julie_Walters.png","P_F_Theresa_May.png","FALSE","pictures/stimuli/E","pictures/stimuli/P","F","F","3","60fdaf5b539bcc4d2724d6a4","06/30/2022, 12:08:25",-0.626410928650171,"25","Male","right",1,1,0,0,FALSE,"E_F_Julie_Walters.png P_F_Theresa_May.png"
2983,"E_F_Dawn_Roma_French.png","E_M_Michael_McIntyr.png","TRUE","pictures/stimuli/E","pictures/stimuli/E","F","M","4","60fdaf5b539bcc4d2724d6a4","06/30/2022, 12:08:25",0.141447629050038,"25","Male","right",0,1,0,0,TRUE,"E_F_Dawn_Roma_French.png E_M_Michael_McIntyr.png"
4378,"E_F_Dawn_Roma_French.png","P_M_david_camer.png","FALSE","pictures/stimuli/E","pictures/stimuli/P","F","M","4","60fdaf5b539bcc4d2724d6a4","06/30/2022, 12:08:25",0.141447629050038,"25","Male","right",0,1,0,0,TRUE,"E_F_Dawn_Roma_French.png P_M_david_camer.png"
2414,"E_F_Julie_Walters.png","P_M_Gordon_Brown.png","FALSE","pictures/stimuli/E","pictures/stimuli/P","F","M","5","60fdaf5b539bcc4d2724d6a4","06/30/2022, 12:08:25",0.909306186750248,"25","Male","right",1,1,0,0,FALSE,"E_F_Julie_Walters.png P_M_Gordon_Brown.png"
3230,"E_M_Peter_Kay.png","P_M_Tony_Blair.png","FALSE","pictures/stimuli/E","pictures/stimuli/P","M","M","3","60fdaf5b539bcc4d2724d6a4","06/30/2022, 12:08:25",-0.626410928650171,"25","Male","right",0,1,0,0,TRUE,"E_M_Peter_Kay.png P_M_Tony_Blair.png"
2546,"P_M_Michael_Gove.png","P_M_Sajid_Javid.png","TRUE","pictures/stimuli/P","pictures/stimuli/P","M","M","5","60fdaf5b539bcc4d2724d6a4","06/30/2022, 12:08:25",0.909306186750248,"25","Male","right",1,1,0,0,FALSE,"P_M_Michael_Gove.png P_M_Sajid_Javid.png"
2311,"E_M_Ewan_McGregor.png","E_M_Michael_McIntyr.png","TRUE","pictures/stimuli/E","pictures/stimuli/E","M","M","2","60fdaf5b539bcc4d2724d6a4","06/30/2022, 12:08:25",-1.39426948635038,"25","Male","right",0,1,0,0,TRUE,"E_M_Ewan_McGregor.png E_M_Michael_McIntyr.png"
2194,"E_F_Sarah_Millican.png","E_M_Simon_Pegg.png","TRUE","pictures/stimuli/E","pictures/stimuli/E","F","M","1","60fdaf5b539bcc4d2724d6a4","06/30/2022, 12:08:25",-2.16212804405059,"25","Male","right",0,1,0,0,TRUE,"E_F_Sarah_Millican.png E_M_Simon_Pegg.png"
2722,"E_M_Jimmy_Carr.png","P_M_nigel_farage.png","FALSE","pictures/stimuli/E","pictures/stimuli/P","M","M","3","60fdaf5b539bcc4d2724d6a4","06/30/2022, 12:08:25",-0.626410928650171,"25","Male","right",1,1,0,0,FALSE,"E_M_Jimmy_Carr.png P_M_nigel_farage.png"
3931,"E_F_Julie_Walters.png","E_M_Michael_McIntyr.png","TRUE","pictures/stimuli/E","pictures/stimuli/E","F","M","5","60fdaf5b539bcc4d2724d6a4","06/30/2022, 12:08:25",0.909306186750248,"25","Male","right",1,1,0,0,FALSE,"E_F_Julie_Walters.png E_M_Michael_McIntyr.png"
3058,"P_M_Michael_Gove.png","P_M_Tony_Blair.png","TRUE","pictures/stimuli/P","pictures/stimuli/P","M","M","4","60fdaf5b539bcc4d2724d6a4","06/30/2022, 12:08:25",0.141447629050038,"25","Male","right",1,1,0,0,FALSE,"P_M_Michael_Gove.png P_M_Tony_Blair.png"
15670,"E_F_Jennifer_Saunders.png","P_M_keir_starmer.png","FALSE","pictures/stimuli/E","pictures/stimuli/P","F","M","4","60fdaf5b539bcc4d2724d6a4","06/30/2022, 12:08:25",0.141447629050038,"25","Male","right",0,1,0,0,TRUE,"E_F_Jennifer_Saunders.png P_M_keir_starmer.png"
3590,"E_F_Jennifer_Saunders.png","E_M_Ewan_McGregor.png","TRUE","pictures/stimuli/E","pictures/stimuli/E","F","M","5","60fdaf5b539bcc4d2724d6a4","06/30/2022, 12:08:25",0.909306186750248,"25","Male","right",0,0,0,0,TRUE,"E_F_Jennifer_Saunders.png E_M_Ewan_McGregor.png"
2586,"E_M_Michael_McIntyr.png","P_M_jeremy_corbyn.png","FALSE","pictures/stimuli/E","pictures/stimuli/P","M","M","4","60fdaf5b539bcc4d2724d6a4","06/30/2022, 12:08:25",0.141447629050038,"25","Male","right",1,1,0,0,FALSE,"E_M_Michael_McIntyr.png P_M_jeremy_corbyn.png"
4645,"E_M_Jimmy_Carr.png","P_M_david_camer.png","FALSE","pictures/stimuli/E","pictures/stimuli/P","M","M","5","60fdaf5b539bcc4d2724d6a4","06/30/2022, 12:08:25",0.909306186750248,"25","Male","right",1,1,0,0,FALSE,"E_M_Jimmy_Carr.png P_M_david_camer.png"
2220,"P_M_keir_starmer.png","P_M_nigel_farage.png","TRUE","pictures/stimuli/P","pictures/stimuli/P","M","M","5","60fdaf5b539bcc4d2724d6a4","06/30/2022, 12:08:25",0.909306186750248,"25","Male","right",1,1,0,0,FALSE,"P_M_keir_starmer.png P_M_nigel_farage.png"
3754,"P_M_jeremy_corbyn.png","P_M_nigel_farage.png","TRUE","pictures/stimuli/P","pictures/stimuli/P","M","M","4","60fdaf5b539bcc4d2724d6a4","06/30/2022, 12:08:25",0.141447629050038,"25","Male","right",1,1,0,0,FALSE,"P_M_jeremy_corbyn.png P_M_nigel_farage.png"
2690,"P_F_Theresa_May.png","P_M_jeremy_corbyn.png","TRUE","pictures/stimuli/P","pictures/stimuli/P","F","M","4","60fdaf5b539bcc4d2724d6a4","06/30/2022, 12:08:25",0.141447629050038,"25","Male","right",1,1,0,0,FALSE,"P_F_Theresa_May.png P_M_jeremy_corbyn.png"
5215,"E_M_Simon_Pegg.png","P_M_Michael_Gove.png","FALSE","pictures/stimuli/E","pictures/stimuli/P","M","M","5","60fdaf5b539bcc4d2724d6a4","06/30/2022, 12:08:25",0.909306186750248,"25","Male","right",1,1,0,0,FALSE,"E_M_Simon_Pegg.png P_M_Michael_Gove.png"
4549,"E_M_Michael_McIntyr.png","P_F_Theresa_May.png","FALSE","pictures/stimuli/E","pictures/stimuli/P","M","F","3","60fdaf5b539bcc4d2724d6a4","06/30/2022, 12:08:25",-0.626410928650171,"25","Male","right",1,1,0,0,FALSE,"E_M_Michael_McIntyr.png P_F_Theresa_May.png"
2802,"E_M_Ewan_McGregor.png","P_M_nigel_farage.png","FALSE","pictures/stimuli/E","pictures/stimuli/P","M","M","4","60fdaf5b539bcc4d2724d6a4","06/30/2022, 12:08:25",0.141447629050038,"25","Male","right",0,1,0,0,TRUE,"E_M_Ewan_McGregor.png P_M_nigel_farage.png"
2119,"P_F_nicola_sturge.png","P_M_Tony_Blair.png","TRUE","pictures/stimuli/P","pictures/stimuli/P","F","M","5","60fdaf5b539bcc4d2724d6a4","06/30/2022, 12:08:25",0.909306186750248,"25","Male","right",1,1,0,0,FALSE,"P_F_nicola_sturge.png P_M_Tony_Blair.png"
2698,"P_F_Theresa_May.png","P_M_david_camer.png","TRUE","pictures/stimuli/P","pictures/stimuli/P","F","M","5","60fdaf5b539bcc4d2724d6a4","06/30/2022, 12:08:25",0.909306186750248,"25","Male","right",1,1,0,0,FALSE,"P_F_Theresa_May.png P_M_david_camer.png"
2486,"E_F_Jennifer_Saunders.png","P_M_Gordon_Brown.png","FALSE","pictures/stimuli/E","pictures/stimuli/P","F","M","5","60fdaf5b539bcc4d2724d6a4","06/30/2022, 12:08:25",0.909306186750248,"25","Male","right",0,1,0,0,TRUE,"E_F_Jennifer_Saunders.png P_M_Gordon_Brown.png"
3214,"E_F_Jennifer_Saunders.png","P_M_Tony_Blair.png","FALSE","pictures/stimuli/E","pictures/stimuli/P","F","M","6","60fdaf5b539bcc4d2724d6a4","06/30/2022, 12:08:25",1.67716474445046,"25","Male","right",0,1,0,0,TRUE,"E_F_Jennifer_Saunders.png P_M_Tony_Blair.png"
4458,"E_F_Dawn_Roma_French.png","P_F_Theresa_May.png","FALSE","pictures/stimuli/E","pictures/stimuli/P","F","F","4","60fdaf5b539bcc4d2724d6a4","06/30/2022, 12:08:25",0.141447629050038,"25","Male","right",0,1,0,0,TRUE,"E_F_Dawn_Roma_French.png P_F_Theresa_May.png"
2610,"E_F_Jennifer_Saunders.png","P_M_jeremy_corbyn.png","FALSE","pictures/stimuli/E","pictures/stimuli/P","F","M","2","60fdaf5b539bcc4d2724d6a4","06/30/2022, 12:08:25",-1.39426948635038,"25","Male","right",0,1,0,0,TRUE,"E_F_Jennifer_Saunders.png P_M_jeremy_corbyn.png"
2610,"E_F_Julie_Walters.png","P_M_david_camer.png","FALSE","pictures/stimuli/E","pictures/stimuli/P","F","M","4","60fdaf5b539bcc4d2724d6a4","06/30/2022, 12:08:25",0.141447629050038,"25","Male","right",1,1,0,0,FALSE,"E_F_Julie_Walters.png P_M_david_camer.png"
3026,"P_F_Theresa_May.png","P_M_Michael_Gove.png","TRUE","pictures/stimuli/P","pictures/stimuli/P","F","M","5","60fdaf5b539bcc4d2724d6a4","06/30/2022, 12:08:25",0.909306186750248,"25","Male","right",1,1,0,0,FALSE,"P_F_Theresa_May.png P_M_Michael_Gove.png"
3868,"E_M_Simon_Pegg.png","P_M_Sajid_Javid.png","FALSE","pictures/stimuli/E","pictures/stimuli/P","M","M","5","60fdaf5b539bcc4d2724d6a4","06/30/2022, 12:08:25",0.909306186750248,"25","Male","right",1,1,0,0,FALSE,"E_M_Simon_Pegg.png P_M_Sajid_Javid.png"
2963,"E_M_Peter_Kay.png","P_M_Sajid_Javid.png","FALSE","pictures/stimuli/E","pictures/stimuli/P","M","M","5","60fdaf5b539bcc4d2724d6a4","06/30/2022, 12:08:25",0.909306186750248,"25","Male","right",0,1,0,0,TRUE,"E_M_Peter_Kay.png P_M_Sajid_Javid.png"
2659,"E_M_Simon_Pegg.png","P_M_keir_starmer.png","FALSE","pictures/stimuli/E","pictures/stimuli/P","M","M","5","60fdaf5b539bcc4d2724d6a4","06/30/2022, 12:08:25",0.909306186750248,"25","Male","right",1,1,0,0,FALSE,"E_M_Simon_Pegg.png P_M_keir_starmer.png"
5606,"E_M_Simon_Pegg.png","P_M_david_camer.png","FALSE","pictures/stimuli/E","pictures/stimuli/P","M","M","3","60fdaf5b539bcc4d2724d6a4","06/30/2022, 12:08:25",-0.626410928650171,"25","Male","right",1,1,0,0,FALSE,"E_M_Simon_Pegg.png P_M_david_camer.png"
2481,"E_F_Jennifer_Saunders.png","P_F_Theresa_May.png","FALSE","pictures/stimuli/E","pictures/stimuli/P","F","F","3","60fdaf5b539bcc4d2724d6a4","06/30/2022, 12:08:25",-0.626410928650171,"25","Male","right",0,1,0,0,TRUE,"E_F_Jennifer_Saunders.png P_F_Theresa_May.png"
2018,"E_M_Michael_McIntyr.png","E_M_Peter_Kay.png","TRUE","pictures/stimuli/E","pictures/stimuli/E","M","M","5","60fdaf5b539bcc4d2724d6a4","06/30/2022, 12:08:25",0.909306186750248,"25","Male","right",1,0,0,0,TRUE,"E_M_Michael_McIntyr.png E_M_Peter_Kay.png"
3450,"E_M_Russell_Howard.png","P_M_Michael_Gove.png","FALSE","pictures/stimuli/E","pictures/stimuli/P","M","M","3","60fdaf5b539bcc4d2724d6a4","06/30/2022, 12:08:25",-0.626410928650171,"25","Male","right",1,1,0,0,FALSE,"E_M_Russell_Howard.png P_M_Michael_Gove.png"
3030,"P_M_david_camer.png","P_M_keir_starmer.png","TRUE","pictures/stimuli/P","pictures/stimuli/P","M","M","3","60fdaf5b539bcc4d2724d6a4","06/30/2022, 12:08:25",-0.626410928650171,"25","Male","right",1,1,0,0,FALSE,"P_M_david_camer.png P_M_keir_starmer.png"
3226,"E_M_Jimmy_Carr.png","P_M_Michael_Gove.png","FALSE","pictures/stimuli/E","pictures/stimuli/P","M","M","4","60fdaf5b539bcc4d2724d6a4","06/30/2022, 12:08:25",0.141447629050038,"25","Male","right",1,1,0,0,FALSE,"E_M_Jimmy_Carr.png P_M_Michael_Gove.png"
7398,"E_M_Peter_Kay.png","P_M_david_camer.png","FALSE","pictures/stimuli/E","pictures/stimuli/P","M","M","3","60fdaf5b539bcc4d2724d6a4","06/30/2022, 12:08:25",-0.626410928650171,"25","Male","right",0,1,0,0,TRUE,"E_M_Peter_Kay.png P_M_david_camer.png"
2726,"E_M_Michael_McIntyr.png","P_M_nigel_farage.png","FALSE","pictures/stimuli/E","pictures/stimuli/P","M","M","4","60fdaf5b539bcc4d2724d6a4","06/30/2022, 12:08:25",0.141447629050038,"25","Male","right",1,1,0,0,FALSE,"E_M_Michael_McIntyr.png P_M_nigel_farage.png"
2157,"E_F_Sarah_Millican.png","P_M_Gordon_Brown.png","FALSE","pictures/stimuli/E","pictures/stimuli/P","F","M","5","60fdaf5b539bcc4d2724d6a4","06/30/2022, 12:08:25",0.909306186750248,"25","Male","right",0,1,0,0,TRUE,"E_F_Sarah_Millican.png P_M_Gordon_Brown.png"
18208,"E_M_Russell_Howard.png","P_M_Gordon_Brown.png","FALSE","pictures/stimuli/E","pictures/stimuli/P","M","M","4","60fdaf5b539bcc4d2724d6a4","06/30/2022, 12:08:25",0.141447629050038,"25","Male","right",1,1,0,0,FALSE,"E_M_Russell_Howard.png P_M_Gordon_Brown.png"
2827,"E_M_Peter_Kay.png","E_M_Simon_Pegg.png","TRUE","pictures/stimuli/E","pictures/stimuli/E","M","M","2","60fdaf5b539bcc4d2724d6a4","06/30/2022, 12:08:25",-1.39426948635038,"25","Male","right",0,1,0,0,TRUE,"E_M_Peter_Kay.png E_M_Simon_Pegg.png"
4162,"E_M_Peter_Kay.png","P_M_jeremy_corbyn.png","FALSE","pictures/stimuli/E","pictures/stimuli/P","M","M","2","60fdaf5b539bcc4d2724d6a4","06/30/2022, 12:08:25",-1.39426948635038,"25","Male","right",0,1,0,0,TRUE,"E_M_Peter_Kay.png P_M_jeremy_corbyn.png"
2933,"P_M_david_camer.png","P_M_Gordon_Brown.png","TRUE","pictures/stimuli/P","pictures/stimuli/P","M","M","4","60fdaf5b539bcc4d2724d6a4","06/30/2022, 12:08:25",0.141447629050038,"25","Male","right",1,1,0,0,FALSE,"P_M_david_camer.png P_M_Gordon_Brown.png"
2168,"E_M_Peter_Kay.png","P_F_nicola_sturge.png","FALSE","pictures/stimuli/E","pictures/stimuli/P","M","F","5","60fdaf5b539bcc4d2724d6a4","06/30/2022, 12:08:25",0.909306186750248,"25","Male","right",0,1,0,0,TRUE,"E_M_Peter_Kay.png P_F_nicola_sturge.png"
3542,"E_M_Ewan_McGregor.png","P_M_jeremy_corbyn.png","FALSE","pictures/stimuli/E","pictures/stimuli/P","M","M","4","60fdaf5b539bcc4d2724d6a4","06/30/2022, 12:08:25",0.141447629050038,"25","Male","right",0,1,0,0,TRUE,"E_M_Ewan_McGregor.png P_M_jeremy_corbyn.png"
2622,"E_M_Michael_McIntyr.png","P_M_Tony_Blair.png","FALSE","pictures/stimuli/E","pictures/stimuli/P","M","M","4","60fdaf5b539bcc4d2724d6a4","06/30/2022, 12:08:25",0.141447629050038,"25","Male","right",1,1,0,0,FALSE,"E_M_Michael_McIntyr.png P_M_Tony_Blair.png"
1831,"P_M_Gordon_Brown.png","P_M_Michael_Gove.png","TRUE","pictures/stimuli/P","pictures/stimuli/P","M","M","2","60fdaf5b539bcc4d2724d6a4","06/30/2022, 12:08:25",-1.39426948635038,"25","Male","right",1,1,0,0,FALSE,"P_M_Gordon_Brown.png P_M_Michael_Gove.png"
2826,"E_M_Peter_Kay.png","E_M_Russell_Howard.png","TRUE","pictures/stimuli/E","pictures/stimuli/E","M","M","4","60fdaf5b539bcc4d2724d6a4","06/30/2022, 12:08:25",0.141447629050038,"25","Male","right",0,1,0,0,TRUE,"E_M_Peter_Kay.png E_M_Russell_Howard.png"
2490,"E_F_Julie_Walters.png","P_M_nigel_farage.png","FALSE","pictures/stimuli/E","pictures/stimuli/P","F","M","5","60fdaf5b539bcc4d2724d6a4","06/30/2022, 12:08:25",0.909306186750248,"25","Male","right",1,1,0,0,FALSE,"E_F_Julie_Walters.png P_M_nigel_farage.png"
2838,"E_M_Ewan_McGregor.png","P_F_nicola_sturge.png","FALSE","pictures/stimuli/E","pictures/stimuli/P","M","F","5","60fdaf5b539bcc4d2724d6a4","06/30/2022, 12:08:25",0.909306186750248,"25","Male","right",0,1,0,0,TRUE,"E_M_Ewan_McGregor.png P_F_nicola_sturge.png"
3463,"E_F_Jennifer_Saunders.png","E_M_Simon_Pegg.png","TRUE","pictures/stimuli/E","pictures/stimuli/E","F","M","5","60fdaf5b539bcc4d2724d6a4","06/30/2022, 12:08:25",0.909306186750248,"25","Male","right",0,1,0,0,TRUE,"E_F_Jennifer_Saunders.png E_M_Simon_Pegg.png"
3791,"E_F_Julie_Walters.png","E_F_Sarah_Millican.png","TRUE","pictures/stimuli/E","pictures/stimuli/E","F","F","4","60fdaf5b539bcc4d2724d6a4","06/30/2022, 12:08:25",0.141447629050038,"25","Male","right",1,0,0,0,TRUE,"E_F_Julie_Walters.png E_F_Sarah_Millican.png"
2039,"E_M_Ewan_McGregor.png","P_F_Theresa_May.png","FALSE","pictures/stimuli/E","pictures/stimuli/P","M","F","5","60fdaf5b539bcc4d2724d6a4","06/30/2022, 12:08:25",0.909306186750248,"25","Male","right",0,1,0,0,TRUE,"E_M_Ewan_McGregor.png P_F_Theresa_May.png"
6190,"P_M_jeremy_corbyn.png","P_M_Sajid_Javid.png","TRUE","pictures/stimuli/P","pictures/stimuli/P","M","M","5","60fdaf5b539bcc4d2724d6a4","06/30/2022, 12:08:25",0.909306186750248,"25","Male","right",1,1,0,0,FALSE,"P_M_jeremy_corbyn.png P_M_Sajid_Javid.png"
3449,"E_F_Dawn_Roma_French.png","P_F_nicola_sturge.png","FALSE","pictures/stimuli/E","pictures/stimuli/P","F","F","4","60fdaf5b539bcc4d2724d6a4","06/30/2022, 12:08:25",0.141447629050038,"25","Male","right",0,1,0,0,TRUE,"E_F_Dawn_Roma_French.png P_F_nicola_sturge.png"
3050,"P_F_Theresa_May.png","P_M_keir_starmer.png","TRUE","pictures/stimuli/P","pictures/stimuli/P","F","M","5","60fdaf5b539bcc4d2724d6a4","06/30/2022, 12:08:25",0.909306186750248,"25","Male","right",1,1,0,0,FALSE,"P_F_Theresa_May.png P_M_keir_starmer.png"
4731,"P_M_david_camer.png","P_M_nigel_farage.png","TRUE","pictures/stimuli/P","pictures/stimuli/P","M","M","4","60fdaf5b539bcc4d2724d6a4","06/30/2022, 12:08:25",0.141447629050038,"25","Male","right",1,1,0,0,FALSE,"P_M_david_camer.png P_M_nigel_farage.png"
4106,"E_M_Ewan_McGregor.png","P_M_david_camer.png","FALSE","pictures/stimuli/E","pictures/stimuli/P","M","M","4","60fdaf5b539bcc4d2724d6a4","06/30/2022, 12:08:25",0.141447629050038,"25","Male","right",0,1,0,0,TRUE,"E_M_Ewan_McGregor.png P_M_david_camer.png"
1634,"E_M_Russell_Howard.png","E_M_Simon_Pegg.png","TRUE","pictures/stimuli/E","pictures/stimuli/E","M","M","5","60fdaf5b539bcc4d2724d6a4","06/30/2022, 12:08:25",0.909306186750248,"25","Male","right",1,1,0,0,FALSE,"E_M_Russell_Howard.png E_M_Simon_Pegg.png"
2389,"E_M_Simon_Pegg.png","P_M_jeremy_corbyn.png","FALSE","pictures/stimuli/E","pictures/stimuli/P","M","M","5","60fdaf5b539bcc4d2724d6a4","06/30/2022, 12:08:25",0.909306186750248,"25","Male","right",1,1,0,0,FALSE,"E_M_Simon_Pegg.png P_M_jeremy_corbyn.png"
5078,"E_F_Jennifer_Saunders.png","E_M_Michael_McIntyr.png","TRUE","pictures/stimuli/E","pictures/stimuli/E","F","M","5","60fdaf5b539bcc4d2724d6a4","06/30/2022, 12:08:25",0.909306186750248,"25","Male","right",0,1,0,0,TRUE,"E_F_Jennifer_Saunders.png E_M_Michael_McIntyr.png"
2426,"E_M_Michael_McIntyr.png","P_F_nicola_sturge.png","FALSE","pictures/stimuli/E","pictures/stimuli/P","M","F","3","60fdaf5b539bcc4d2724d6a4","06/30/2022, 12:08:25",-0.626410928650171,"25","Male","right",1,1,0,0,FALSE,"E_M_Michael_McIntyr.png P_F_nicola_sturge.png"
2178,"E_M_Ewan_McGregor.png","E_M_Peter_Kay.png","TRUE","pictures/stimuli/E","pictures/stimuli/E","M","M","3","60fdaf5b539bcc4d2724d6a4","06/30/2022, 12:08:25",-0.626410928650171,"25","Male","right",0,0,0,0,TRUE,"E_M_Ewan_McGregor.png E_M_Peter_Kay.png"
7315,"E_M_Russell_Howard.png","P_M_Gordon_Brown.png","FALSE","pictures/stimuli/E","pictures/stimuli/P","M","M","2","6140620d3e937d82f30ce289","06/30/2022, 11:43:38",-2.33420761116256,"25","Male","left",1,1,0,0,TRUE,"E_M_Russell_Howard.png P_M_Gordon_Brown.png"
2892,"E_M_Michael_McIntyr.png","P_M_Michael_Gove.png","FALSE","pictures/stimuli/E","pictures/stimuli/P","M","M","3","6140620d3e937d82f30ce289","06/30/2022, 11:43:38",-1.17624561084693,"25","Male","left",1,1,0,0,TRUE,"E_M_Michael_McIntyr.png P_M_Michael_Gove.png"
2153,"E_M_Jimmy_Carr.png","E_M_Peter_Kay.png","TRUE","pictures/stimuli/E","pictures/stimuli/E","M","M","4","6140620d3e937d82f30ce289","06/30/2022, 11:43:38",-0.0182836105312997,"25","Male","left",1,1,0,0,TRUE,"E_M_Jimmy_Carr.png E_M_Peter_Kay.png"
2723,"E_M_Peter_Kay.png","P_M_keir_starmer.png","FALSE","pictures/stimuli/E","pictures/stimuli/P","M","M","5","6140620d3e937d82f30ce289","06/30/2022, 11:43:38",1.13967838978433,"25","Male","left",1,1,0,0,TRUE,"E_M_Peter_Kay.png P_M_keir_starmer.png"
1575,"E_M_Ewan_McGregor.png","E_M_Jimmy_Carr.png","TRUE","pictures/stimuli/E","pictures/stimuli/E","M","M","3","6140620d3e937d82f30ce289","06/30/2022, 11:43:38",-1.17624561084693,"25","Male","left",0,1,0,0,TRUE,"E_M_Ewan_McGregor.png E_M_Jimmy_Carr.png"
1359,"E_M_Jimmy_Carr.png","P_M_keir_starmer.png","FALSE","pictures/stimuli/E","pictures/stimuli/P","M","M","4","6140620d3e937d82f30ce289","06/30/2022, 11:43:38",-0.0182836105312997,"25","Male","left",1,1,0,0,TRUE,"E_M_Jimmy_Carr.png P_M_keir_starmer.png"
939,"E_M_Michael_McIntyr.png","P_M_david_camer.png","FALSE","pictures/stimuli/E","pictures/stimuli/P","M","M","3","6140620d3e937d82f30ce289","06/30/2022, 11:43:38",-1.17624561084693,"25","Male","left",1,1,0,0,TRUE,"E_M_Michael_McIntyr.png P_M_david_camer.png"
3434,"E_F_Dawn_Roma_French.png","E_F_Jennifer_Saunders.png","TRUE","pictures/stimuli/E","pictures/stimuli/E","F","F","5","6140620d3e937d82f30ce289","06/30/2022, 11:43:38",1.13967838978433,"25","Male","left",0,0,0,0,TRUE,"E_F_Dawn_Roma_French.png E_F_Jennifer_Saunders.png"
3069,"P_M_Gordon_Brown.png","P_M_Tony_Blair.png","TRUE","pictures/stimuli/P","pictures/stimuli/P","M","M","1","6140620d3e937d82f30ce289","06/30/2022, 11:43:38",-3.49216961147819,"25","Male","left",1,1,0,0,TRUE,"P_M_Gordon_Brown.png P_M_Tony_Blair.png"
2278,"P_M_jeremy_corbyn.png","P_M_Sajid_Javid.png","TRUE","pictures/stimuli/P","pictures/stimuli/P","M","M","3","6140620d3e937d82f30ce289","06/30/2022, 11:43:38",-1.17624561084693,"25","Male","left",1,1,0,0,TRUE,"P_M_jeremy_corbyn.png P_M_Sajid_Javid.png"
1877,"E_F_Sarah_Millican.png","P_M_Sajid_Javid.png","FALSE","pictures/stimuli/E","pictures/stimuli/P","F","M","4","6140620d3e937d82f30ce289","06/30/2022, 11:43:38",-0.0182836105312997,"25","Male","left",0,1,0,0,TRUE,"E_F_Sarah_Millican.png P_M_Sajid_Javid.png"
719,"E_F_Sarah_Millican.png","P_M_keir_starmer.png","FALSE","pictures/stimuli/E","pictures/stimuli/P","F","M","4","6140620d3e937d82f30ce289","06/30/2022, 11:43:38",-0.0182836105312997,"25","Male","left",0,1,0,0,TRUE,"E_F_Sarah_Millican.png P_M_keir_starmer.png"
758,"E_F_Sarah_Millican.png","P_F_nicola_sturge.png","FALSE","pictures/stimuli/E","pictures/stimuli/P","F","F","4","6140620d3e937d82f30ce289","06/30/2022, 11:43:38",-0.0182836105312997,"25","Male","left",0,1,0,0,TRUE,"E_F_Sarah_Millican.png P_F_nicola_sturge.png"
2736,"P_M_david_camer.png","P_M_Tony_Blair.png","TRUE","pictures/stimuli/P","pictures/stimuli/P","M","M","2","6140620d3e937d82f30ce289","06/30/2022, 11:43:38",-2.33420761116256,"25","Male","left",1,1,0,0,TRUE,"P_M_david_camer.png P_M_Tony_Blair.png"
5810,"E_F_Jennifer_Saunders.png","E_M_Simon_Pegg.png","TRUE","pictures/stimuli/E","pictures/stimuli/E","F","M","4","6140620d3e937d82f30ce289","06/30/2022, 11:43:38",-0.0182836105312997,"25","Male","left",0,0,0,0,TRUE,"E_F_Jennifer_Saunders.png E_M_Simon_Pegg.png"
2780,"P_M_david_camer.png","P_M_nigel_farage.png","TRUE","pictures/stimuli/P","pictures/stimuli/P","M","M","3","6140620d3e937d82f30ce289","06/30/2022, 11:43:38",-1.17624561084693,"25","Male","left",1,1,0,0,TRUE,"P_M_david_camer.png P_M_nigel_farage.png"
1823,"E_F_Dawn_Roma_French.png","P_F_Theresa_May.png","FALSE","pictures/stimuli/E","pictures/stimuli/P","F","F","4","6140620d3e937d82f30ce289","06/30/2022, 11:43:38",-0.0182836105312997,"25","Male","left",0,1,0,0,TRUE,"E_F_Dawn_Roma_French.png P_F_Theresa_May.png"
1183,"E_M_Ewan_McGregor.png","P_M_Michael_Gove.png","FALSE","pictures/stimuli/E","pictures/stimuli/P","M","M","4","6140620d3e937d82f30ce289","06/30/2022, 11:43:38",-0.0182836105312997,"25","Male","left",0,1,0,0,TRUE,"E_M_Ewan_McGregor.png P_M_Michael_Gove.png"
3284,"P_M_Michael_Gove.png","P_M_Sajid_Javid.png","TRUE","pictures/stimuli/P","pictures/stimuli/P","M","M","2","6140620d3e937d82f30ce289","06/30/2022, 11:43:38",-2.33420761116256,"25","Male","left",1,1,0,0,TRUE,"P_M_Michael_Gove.png P_M_Sajid_Javid.png"
1756,"E_F_Jennifer_Saunders.png","P_M_david_camer.png","FALSE","pictures/stimuli/E","pictures/stimuli/P","F","M","4","6140620d3e937d82f30ce289","06/30/2022, 11:43:38",-0.0182836105312997,"25","Male","left",0,1,0,0,TRUE,"E_F_Jennifer_Saunders.png P_M_david_camer.png"
1223,"E_M_Ewan_McGregor.png","P_M_Sajid_Javid.png","FALSE","pictures/stimuli/E","pictures/stimuli/P","M","M","4","6140620d3e937d82f30ce289","06/30/2022, 11:43:38",-0.0182836105312997,"25","Male","left",0,1,0,0,TRUE,"E_M_Ewan_McGregor.png P_M_Sajid_Javid.png"
2517,"P_F_Theresa_May.png","P_M_Gordon_Brown.png","TRUE","pictures/stimuli/P","pictures/stimuli/P","F","M","2","6140620d3e937d82f30ce289","06/30/2022, 11:43:38",-2.33420761116256,"25","Male","left",1,1,0,0,TRUE,"P_F_Theresa_May.png P_M_Gordon_Brown.png"
810,"E_M_Simon_Pegg.png","P_F_Theresa_May.png","FALSE","pictures/stimuli/E","pictures/stimuli/P","M","F","4","6140620d3e937d82f30ce289","06/30/2022, 11:43:38",-0.0182836105312997,"25","Male","left",0,1,0,0,TRUE,"E_M_Simon_Pegg.png P_F_Theresa_May.png"
641,"E_M_Jimmy_Carr.png","P_M_Tony_Blair.png","FALSE","pictures/stimuli/E","pictures/stimuli/P","M","M","4","6140620d3e937d82f30ce289","06/30/2022, 11:43:38",-0.0182836105312997,"25","Male","left",1,1,0,0,TRUE,"E_M_Jimmy_Carr.png P_M_Tony_Blair.png"
941,"E_F_Sarah_Millican.png","E_M_Russell_Howard.png","TRUE","pictures/stimuli/E","pictures/stimuli/E","F","M","4","6140620d3e937d82f30ce289","06/30/2022, 11:43:38",-0.0182836105312997,"25","Male","left",0,1,0,0,TRUE,"E_F_Sarah_Millican.png E_M_Russell_Howard.png"
984,"E_F_Sarah_Millican.png","E_M_Simon_Pegg.png","TRUE","pictures/stimuli/E","pictures/stimuli/E","F","M","4","6140620d3e937d82f30ce289","06/30/2022, 11:43:38",-0.0182836105312997,"25","Male","left",0,0,0,0,TRUE,"E_F_Sarah_Millican.png E_M_Simon_Pegg.png"
1663,"E_M_Russell_Howard.png","P_M_david_camer.png","FALSE","pictures/stimuli/E","pictures/stimuli/P","M","M","4","6140620d3e937d82f30ce289","06/30/2022, 11:43:38",-0.0182836105312997,"25","Male","left",1,1,0,0,TRUE,"E_M_Russell_Howard.png P_M_david_camer.png"
1895,"E_M_Ewan_McGregor.png","E_M_Peter_Kay.png","TRUE","pictures/stimuli/E","pictures/stimuli/E","M","M","5","6140620d3e937d82f30ce289","06/30/2022, 11:43:38",1.13967838978433,"25","Male","left",0,1,0,0,TRUE,"E_M_Ewan_McGregor.png E_M_Peter_Kay.png"
1097,"E_M_Jimmy_Carr.png","P_M_jeremy_corbyn.png","FALSE","pictures/stimuli/E","pictures/stimuli/P","M","M","4","6140620d3e937d82f30ce289","06/30/2022, 11:43:38",-0.0182836105312997,"25","Male","left",1,1,0,0,TRUE,"E_M_Jimmy_Carr.png P_M_jeremy_corbyn.png"
3214,"E_M_Michael_McIntyr.png","P_M_Gordon_Brown.png","FALSE","pictures/stimuli/E","pictures/stimuli/P","M","M","4","6140620d3e937d82f30ce289","06/30/2022, 11:43:38",-0.0182836105312997,"25","Male","left",1,1,0,0,TRUE,"E_M_Michael_McIntyr.png P_M_Gordon_Brown.png"
2697,"E_F_Jennifer_Saunders.png","E_M_Russell_Howard.png","TRUE","pictures/stimuli/E","pictures/stimuli/E","F","M","4","6140620d3e937d82f30ce289","06/30/2022, 11:43:38",-0.0182836105312997,"25","Male","left",0,1,0,0,TRUE,"E_F_Jennifer_Saunders.png E_M_Russell_Howard.png"
1499,"E_M_Russell_Howard.png","P_M_Sajid_Javid.png","FALSE","pictures/stimuli/E","pictures/stimuli/P","M","M","3","6140620d3e937d82f30ce289","06/30/2022, 11:43:38",-1.17624561084693,"25","Male","left",1,1,0,0,TRUE,"E_M_Russell_Howard.png P_M_Sajid_Javid.png"
865,"E_F_Jennifer_Saunders.png","P_F_nicola_sturge.png","FALSE","pictures/stimuli/E","pictures/stimuli/P","F","F","4","6140620d3e937d82f30ce289","06/30/2022, 11:43:38",-0.0182836105312997,"25","Male","left",0,1,0,0,TRUE,"E_F_Jennifer_Saunders.png P_F_nicola_sturge.png"
5526,"E_F_Jennifer_Saunders.png","E_M_Ewan_McGregor.png","TRUE","pictures/stimuli/E","pictures/stimuli/E","F","M","4","6140620d3e937d82f30ce289","06/30/2022, 11:43:38",-0.0182836105312997,"25","Male","left",0,0,0,0,TRUE,"E_F_Jennifer_Saunders.png E_M_Ewan_McGregor.png"
1240,"E_M_Jimmy_Carr.png","P_M_Sajid_Javid.png","FALSE","pictures/stimuli/E","pictures/stimuli/P","M","M","4","6140620d3e937d82f30ce289","06/30/2022, 11:43:38",-0.0182836105312997,"25","Male","left",1,1,0,0,TRUE,"E_M_Jimmy_Carr.png P_M_Sajid_Javid.png"
3041,"E_F_Jennifer_Saunders.png","E_M_Peter_Kay.png","TRUE","pictures/stimuli/E","pictures/stimuli/E","F","M","5","6140620d3e937d82f30ce289","06/30/2022, 11:43:38",1.13967838978433,"25","Male","left",0,1,0,0,TRUE,"E_F_Jennifer_Saunders.png E_M_Peter_Kay.png"
1306,"P_M_david_camer.png","P_M_Michael_Gove.png","TRUE","pictures/stimuli/P","pictures/stimuli/P","M","M","3","6140620d3e937d82f30ce289","06/30/2022, 11:43:38",-1.17624561084693,"25","Male","left",1,1,0,0,TRUE,"P_M_david_camer.png P_M_Michael_Gove.png"
1075,"P_M_nigel_farage.png","P_M_Tony_Blair.png","TRUE","pictures/stimuli/P","pictures/stimuli/P","M","M","4","6140620d3e937d82f30ce289","06/30/2022, 11:43:38",-0.0182836105312997,"25","Male","left",1,1,0,0,TRUE,"P_M_nigel_farage.png P_M_Tony_Blair.png"
1333,"E_F_Sarah_Millican.png","E_M_Michael_McIntyr.png","TRUE","pictures/stimuli/E","pictures/stimuli/E","F","M","3","6140620d3e937d82f30ce289","06/30/2022, 11:43:38",-1.17624561084693,"25","Male","left",0,1,0,0,TRUE,"E_F_Sarah_Millican.png E_M_Michael_McIntyr.png"
2436,"P_M_Gordon_Brown.png","P_M_keir_starmer.png","TRUE","pictures/stimuli/P","pictures/stimuli/P","M","M","3","6140620d3e937d82f30ce289","06/30/2022, 11:43:38",-1.17624561084693,"25","Male","left",1,1,0,0,TRUE,"P_M_Gordon_Brown.png P_M_keir_starmer.png"
2384,"E_F_Jennifer_Saunders.png","P_M_Michael_Gove.png","FALSE","pictures/stimuli/E","pictures/stimuli/P","F","M","4","6140620d3e937d82f30ce289","06/30/2022, 11:43:38",-0.0182836105312997,"25","Male","left",0,1,0,0,TRUE,"E_F_Jennifer_Saunders.png P_M_Michael_Gove.png"
1227,"E_F_Julie_Walters.png","P_M_Sajid_Javid.png","FALSE","pictures/stimuli/E","pictures/stimuli/P","F","M","4","6140620d3e937d82f30ce289","06/30/2022, 11:43:38",-0.0182836105312997,"25","Male","left",0,1,0,0,TRUE,"E_F_Julie_Walters.png P_M_Sajid_Javid.png"
1038,"E_M_Peter_Kay.png","P_M_jeremy_corbyn.png","FALSE","pictures/stimuli/E","pictures/stimuli/P","M","M","3","6140620d3e937d82f30ce289","06/30/2022, 11:43:38",-1.17624561084693,"25","Male","left",1,1,0,0,TRUE,"E_M_Peter_Kay.png P_M_jeremy_corbyn.png"
2561,"P_F_nicola_sturge.png","P_M_Sajid_Javid.png","TRUE","pictures/stimuli/P","pictures/stimuli/P","F","M","5","6140620d3e937d82f30ce289","06/30/2022, 11:43:38",1.13967838978433,"25","Male","left",1,1,0,0,TRUE,"P_F_nicola_sturge.png P_M_Sajid_Javid.png"
2395,"E_M_Peter_Kay.png","P_M_david_camer.png","FALSE","pictures/stimuli/E","pictures/stimuli/P","M","M","5","6140620d3e937d82f30ce289","06/30/2022, 11:43:38",1.13967838978433,"25","Male","left",1,1,0,0,TRUE,"E_M_Peter_Kay.png P_M_david_camer.png"
2097,"P_M_Sajid_Javid.png","P_M_Tony_Blair.png","TRUE","pictures/stimuli/P","pictures/stimuli/P","M","M","3","6140620d3e937d82f30ce289","06/30/2022, 11:43:38",-1.17624561084693,"25","Male","left",1,1,0,0,TRUE,"P_M_Sajid_Javid.png P_M_Tony_Blair.png"
4408,"P_M_david_camer.png","P_M_Gordon_Brown.png","TRUE","pictures/stimuli/P","pictures/stimuli/P","M","M","2","6140620d3e937d82f30ce289","06/30/2022, 11:43:38",-2.33420761116256,"25","Male","left",1,1,0,0,TRUE,"P_M_david_camer.png P_M_Gordon_Brown.png"
9038,"E_M_Ewan_McGregor.png","E_M_Russell_Howard.png","TRUE","pictures/stimuli/E","pictures/stimuli/E","M","M","5","6140620d3e937d82f30ce289","06/30/2022, 11:43:38",1.13967838978433,"25","Male","left",0,1,0,0,TRUE,"E_M_Ewan_McGregor.png E_M_Russell_Howard.png"
1471,"E_M_Russell_Howard.png","P_M_jeremy_corbyn.png","FALSE","pictures/stimuli/E","pictures/stimuli/P","M","M","3","6140620d3e937d82f30ce289","06/30/2022, 11:43:38",-1.17624561084693,"25","Male","left",1,1,0,0,TRUE,"E_M_Russell_Howard.png P_M_jeremy_corbyn.png"
1231,"E_F_Julie_Walters.png","P_F_Theresa_May.png","FALSE","pictures/stimuli/E","pictures/stimuli/P","F","F","4","6140620d3e937d82f30ce289","06/30/2022, 11:43:38",-0.0182836105312997,"25","Male","left",0,1,0,0,TRUE,"E_F_Julie_Walters.png P_F_Theresa_May.png"
915,"E_F_Jennifer_Saunders.png","P_M_Sajid_Javid.png","FALSE","pictures/stimuli/E","pictures/stimuli/P","F","M","3","6140620d3e937d82f30ce289","06/30/2022, 11:43:38",-1.17624561084693,"25","Male","left",0,1,0,0,TRUE,"E_F_Jennifer_Saunders.png P_M_Sajid_Javid.png"
1415,"E_F_Dawn_Roma_French.png","P_M_Michael_Gove.png","FALSE","pictures/stimuli/E","pictures/stimuli/P","F","M","3","6140620d3e937d82f30ce289","06/30/2022, 11:43:38",-1.17624561084693,"25","Male","left",0,1,0,0,TRUE,"E_F_Dawn_Roma_French.png P_M_Michael_Gove.png"
1981,"E_M_Peter_Kay.png","P_M_nigel_farage.png","FALSE","pictures/stimuli/E","pictures/stimuli/P","M","M","6","6140620d3e937d82f30ce289","06/30/2022, 11:43:38",2.29764039009996,"25","Male","left",1,1,0,0,TRUE,"E_M_Peter_Kay.png P_M_nigel_farage.png"
1114,"E_M_Russell_Howard.png","P_F_nicola_sturge.png","FALSE","pictures/stimuli/E","pictures/stimuli/P","M","F","4","6140620d3e937d82f30ce289","06/30/2022, 11:43:38",-0.0182836105312997,"25","Male","left",1,1,0,0,TRUE,"E_M_Russell_Howard.png P_F_nicola_sturge.png"
7048,"E_F_Jennifer_Saunders.png","P_F_Theresa_May.png","FALSE","pictures/stimuli/E","pictures/stimuli/P","F","F","4","6140620d3e937d82f30ce289","06/30/2022, 11:43:38",-0.0182836105312997,"25","Male","left",0,1,0,0,TRUE,"E_F_Jennifer_Saunders.png P_F_Theresa_May.png"
2048,"E_M_Simon_Pegg.png","P_M_jeremy_corbyn.png","FALSE","pictures/stimuli/E","pictures/stimuli/P","M","M","5","6140620d3e937d82f30ce289","06/30/2022, 11:43:38",1.13967838978433,"25","Male","left",0,1,0,0,TRUE,"E_M_Simon_Pegg.png P_M_jeremy_corbyn.png"
719,"E_M_Russell_Howard.png","E_M_Simon_Pegg.png","TRUE","pictures/stimuli/E","pictures/stimuli/E","M","M","5","6140620d3e937d82f30ce289","06/30/2022, 11:43:38",1.13967838978433,"25","Male","left",1,0,0,0,TRUE,"E_M_Russell_Howard.png E_M_Simon_Pegg.png"
806,"P_F_Theresa_May.png","P_M_david_camer.png","TRUE","pictures/stimuli/P","pictures/stimuli/P","F","M","4","6140620d3e937d82f30ce289","06/30/2022, 11:43:38",-0.0182836105312997,"25","Male","left",1,1,0,0,TRUE,"P_F_Theresa_May.png P_M_david_camer.png"
798,"E_F_Dawn_Roma_French.png","P_M_jeremy_corbyn.png","FALSE","pictures/stimuli/E","pictures/stimuli/P","F","M","5","6140620d3e937d82f30ce289","06/30/2022, 11:43:38",1.13967838978433,"25","Male","left",0,1,0,0,TRUE,"E_F_Dawn_Roma_French.png P_M_jeremy_corbyn.png"
1167,"E_M_Michael_McIntyr.png","P_M_nigel_farage.png","FALSE","pictures/stimuli/E","pictures/stimuli/P","M","M","5","6140620d3e937d82f30ce289","06/30/2022, 11:43:38",1.13967838978433,"25","Male","left",1,1,0,0,TRUE,"E_M_Michael_McIntyr.png P_M_nigel_farage.png"
873,"P_M_keir_starmer.png","P_M_Tony_Blair.png","TRUE","pictures/stimuli/P","pictures/stimuli/P","M","M","4","6140620d3e937d82f30ce289","06/30/2022, 11:43:38",-0.0182836105312997,"25","Male","left",1,1,0,0,TRUE,"P_M_keir_starmer.png P_M_Tony_Blair.png"
857,"E_M_Ewan_McGregor.png","P_M_Gordon_Brown.png","FALSE","pictures/stimuli/E","pictures/stimuli/P","M","M","4","6140620d3e937d82f30ce289","06/30/2022, 11:43:38",-0.0182836105312997,"25","Male","left",0,1,0,0,TRUE,"E_M_Ewan_McGregor.png P_M_Gordon_Brown.png"
2077,"E_F_Sarah_Millican.png","P_M_jeremy_corbyn.png","FALSE","pictures/stimuli/E","pictures/stimuli/P","F","M","5","6140620d3e937d82f30ce289","06/30/2022, 11:43:38",1.13967838978433,"25","Male","left",0,1,0,0,TRUE,"E_F_Sarah_Millican.png P_M_jeremy_corbyn.png"
1139,"P_F_nicola_sturge.png","P_M_keir_starmer.png","TRUE","pictures/stimuli/P","pictures/stimuli/P","F","M","4","6140620d3e937d82f30ce289","06/30/2022, 11:43:38",-0.0182836105312997,"25","Male","left",1,1,0,0,TRUE,"P_F_nicola_sturge.png P_M_keir_starmer.png"
931,"E_F_Sarah_Millican.png","P_F_Theresa_May.png","FALSE","pictures/stimuli/E","pictures/stimuli/P","F","F","5","6140620d3e937d82f30ce289","06/30/2022, 11:43:38",1.13967838978433,"25","Male","left",0,1,0,0,TRUE,"E_F_Sarah_Millican.png P_F_Theresa_May.png"
1401,"E_M_Michael_McIntyr.png","P_F_Theresa_May.png","FALSE","pictures/stimuli/E","pictures/stimuli/P","M","F","4","6140620d3e937d82f30ce289","06/30/2022, 11:43:38",-0.0182836105312997,"25","Male","left",1,1,0,0,TRUE,"E_M_Michael_McIntyr.png P_F_Theresa_May.png"
874,"P_M_jeremy_corbyn.png","P_M_Michael_Gove.png","TRUE","pictures/stimuli/P","pictures/stimuli/P","M","M","5","6140620d3e937d82f30ce289","06/30/2022, 11:43:38",1.13967838978433,"25","Male","left",1,1,0,0,TRUE,"P_M_jeremy_corbyn.png P_M_Michael_Gove.png"
883,"P_F_Theresa_May.png","P_M_keir_starmer.png","TRUE","pictures/stimuli/P","pictures/stimuli/P","F","M","4","6140620d3e937d82f30ce289","06/30/2022, 11:43:38",-0.0182836105312997,"25","Male","left",1,1,0,0,TRUE,"P_F_Theresa_May.png P_M_keir_starmer.png"
893,"E_M_Ewan_McGregor.png","P_M_Tony_Blair.png","FALSE","pictures/stimuli/E","pictures/stimuli/P","M","M","3","6140620d3e937d82f30ce289","06/30/2022, 11:43:38",-1.17624561084693,"25","Male","left",0,1,0,0,TRUE,"E_M_Ewan_McGregor.png P_M_Tony_Blair.png"
1022,"E_M_Jimmy_Carr.png","E_M_Russell_Howard.png","TRUE","pictures/stimuli/E","pictures/stimuli/E","M","M","4","6140620d3e937d82f30ce289","06/30/2022, 11:43:38",-0.0182836105312997,"25","Male","left",1,1,0,0,TRUE,"E_M_Jimmy_Carr.png E_M_Russell_Howard.png"
975,"E_F_Julie_Walters.png","E_M_Peter_Kay.png","TRUE","pictures/stimuli/E","pictures/stimuli/E","F","M","4","6140620d3e937d82f30ce289","06/30/2022, 11:43:38",-0.0182836105312997,"25","Male","left",0,1,0,0,TRUE,"E_F_Julie_Walters.png E_M_Peter_Kay.png"
1531,"E_M_Ewan_McGregor.png","P_F_nicola_sturge.png","FALSE","pictures/stimuli/E","pictures/stimuli/P","M","F","4","6140620d3e937d82f30ce289","06/30/2022, 11:43:38",-0.0182836105312997,"25","Male","left",0,1,0,0,TRUE,"E_M_Ewan_McGregor.png P_F_nicola_sturge.png"
949,"E_M_Peter_Kay.png","P_M_Sajid_Javid.png","FALSE","pictures/stimuli/E","pictures/stimuli/P","M","M","4","6140620d3e937d82f30ce289","06/30/2022, 11:43:38",-0.0182836105312997,"25","Male","left",1,1,0,0,TRUE,"E_M_Peter_Kay.png P_M_Sajid_Javid.png"
1002,"E_M_Simon_Pegg.png","P_M_Michael_Gove.png","FALSE","pictures/stimuli/E","pictures/stimuli/P","M","M","4","6140620d3e937d82f30ce289","06/30/2022, 11:43:38",-0.0182836105312997,"25","Male","left",0,1,0,0,TRUE,"E_M_Simon_Pegg.png P_M_Michael_Gove.png"
1387,"P_M_jeremy_corbyn.png","P_M_Tony_Blair.png","TRUE","pictures/stimuli/P","pictures/stimuli/P","M","M","4","6140620d3e937d82f30ce289","06/30/2022, 11:43:38",-0.0182836105312997,"25","Male","left",1,1,0,0,TRUE,"P_M_jeremy_corbyn.png P_M_Tony_Blair.png"
747,"E_M_Michael_McIntyr.png","P_F_nicola_sturge.png","FALSE","pictures/stimuli/E","pictures/stimuli/P","M","F","4","6140620d3e937d82f30ce289","06/30/2022, 11:43:38",-0.0182836105312997,"25","Male","left",1,1,0,0,TRUE,"E_M_Michael_McIntyr.png P_F_nicola_sturge.png"
2681,"E_F_Jennifer_Saunders.png","P_M_nigel_farage.png","FALSE","pictures/stimuli/E","pictures/stimuli/P","F","M","4","6140620d3e937d82f30ce289","06/30/2022, 11:43:38",-0.0182836105312997,"25","Male","left",0,1,0,0,TRUE,"E_F_Jennifer_Saunders.png P_M_nigel_farage.png"
690,"E_M_Michael_McIntyr.png","P_M_Sajid_Javid.png","FALSE","pictures/stimuli/E","pictures/stimuli/P","M","M","4","6140620d3e937d82f30ce289","06/30/2022, 11:43:38",-0.0182836105312997,"25","Male","left",1,1,0,0,TRUE,"E_M_Michael_McIntyr.png P_M_Sajid_Javid.png"
674,"P_M_keir_starmer.png","P_M_Sajid_Javid.png","TRUE","pictures/stimuli/P","pictures/stimuli/P","M","M","4","6140620d3e937d82f30ce289","06/30/2022, 11:43:38",-0.0182836105312997,"25","Male","left",1,1,0,0,TRUE,"P_M_keir_starmer.png P_M_Sajid_Javid.png"
2205,"E_M_Peter_Kay.png","P_F_nicola_sturge.png","FALSE","pictures/stimuli/E","pictures/stimuli/P","M","F","3","6140620d3e937d82f30ce289","06/30/2022, 11:43:38",-1.17624561084693,"25","Male","left",1,1,0,0,TRUE,"E_M_Peter_Kay.png P_F_nicola_sturge.png"
3465,"P_F_nicola_sturge.png","P_M_jeremy_corbyn.png","TRUE","pictures/stimuli/P","pictures/stimuli/P","F","M","2","6140620d3e937d82f30ce289","06/30/2022, 11:43:38",-2.33420761116256,"25","Male","left",1,1,0,0,TRUE,"P_F_nicola_sturge.png P_M_jeremy_corbyn.png"
1701,"E_F_Jennifer_Saunders.png","E_F_Sarah_Millican.png","TRUE","pictures/stimuli/E","pictures/stimuli/E","F","F","4","6140620d3e937d82f30ce289","06/30/2022, 11:43:38",-0.0182836105312997,"25","Male","left",0,0,0,0,TRUE,"E_F_Jennifer_Saunders.png E_F_Sarah_Millican.png"
3290,"E_M_Russell_Howard.png","P_M_Michael_Gove.png","FALSE","pictures/stimuli/E","pictures/stimuli/P","M","M","5","6140620d3e937d82f30ce289","06/30/2022, 11:43:38",1.13967838978433,"25","Male","left",1,1,0,0,TRUE,"E_M_Russell_Howard.png P_M_Michael_Gove.png"
3018,"P_M_keir_starmer.png","P_M_nigel_farage.png","TRUE","pictures/stimuli/P","pictures/stimuli/P","M","M","6","6140620d3e937d82f30ce289","06/30/2022, 11:43:38",2.29764039009996,"25","Male","left",1,1,0,0,TRUE,"P_M_keir_starmer.png P_M_nigel_farage.png"
1638,"E_F_Sarah_Millican.png","P_M_Tony_Blair.png","FALSE","pictures/stimuli/E","pictures/stimuli/P","F","M","4","6140620d3e937d82f30ce289","06/30/2022, 11:43:38",-0.0182836105312997,"25","Male","left",0,1,0,0,TRUE,"E_F_Sarah_Millican.png P_M_Tony_Blair.png"
2798,"E_M_Peter_Kay.png","E_M_Russell_Howard.png","TRUE","pictures/stimuli/E","pictures/stimuli/E","M","M","2","6140620d3e937d82f30ce289","06/30/2022, 11:43:38",-2.33420761116256,"25","Male","left",1,1,0,0,TRUE,"E_M_Peter_Kay.png E_M_Russell_Howard.png"
1796,"E_F_Jennifer_Saunders.png","E_F_Julie_Walters.png","TRUE","pictures/stimuli/E","pictures/stimuli/E","F","F","4","6140620d3e937d82f30ce289","06/30/2022, 11:43:38",-0.0182836105312997,"25","Male","left",0,0,0,0,TRUE,"E_F_Jennifer_Saunders.png E_F_Julie_Walters.png"
1453,"E_M_Ewan_McGregor.png","P_M_david_camer.png","FALSE","pictures/stimuli/E","pictures/stimuli/P","M","M","4","6140620d3e937d82f30ce289","06/30/2022, 11:43:38",-0.0182836105312997,"25","Male","left",0,1,0,0,TRUE,"E_M_Ewan_McGregor.png P_M_david_camer.png"
2210,"E_M_Peter_Kay.png","P_F_Theresa_May.png","FALSE","pictures/stimuli/E","pictures/stimuli/P","M","F","4","6140620d3e937d82f30ce289","06/30/2022, 11:43:38",-0.0182836105312997,"25","Male","left",1,1,0,0,TRUE,"E_M_Peter_Kay.png P_F_Theresa_May.png"
657,"E_M_Simon_Pegg.png","P_M_Tony_Blair.png","FALSE","pictures/stimuli/E","pictures/stimuli/P","M","M","4","6140620d3e937d82f30ce289","06/30/2022, 11:43:38",-0.0182836105312997,"25","Male","left",0,1,0,0,TRUE,"E_M_Simon_Pegg.png P_M_Tony_Blair.png"
732,"E_F_Dawn_Roma_French.png","E_M_Jimmy_Carr.png","TRUE","pictures/stimuli/E","pictures/stimuli/E","F","M","4","6140620d3e937d82f30ce289","06/30/2022, 11:43:38",-0.0182836105312997,"25","Male","left",0,1,0,0,TRUE,"E_F_Dawn_Roma_French.png E_M_Jimmy_Carr.png"
943,"E_M_Ewan_McGregor.png","P_M_nigel_farage.png","FALSE","pictures/stimuli/E","pictures/stimuli/P","M","M","4","6140620d3e937d82f30ce289","06/30/2022, 11:43:38",-0.0182836105312997,"25","Male","left",0,1,0,0,TRUE,"E_M_Ewan_McGregor.png P_M_nigel_farage.png"
2188,"E_M_Simon_Pegg.png","P_M_keir_starmer.png","FALSE","pictures/stimuli/E","pictures/stimuli/P","M","M","4","6140620d3e937d82f30ce289","06/30/2022, 11:43:38",-0.0182836105312997,"25","Male","left",0,1,0,0,TRUE,"E_M_Simon_Pegg.png P_M_keir_starmer.png"
1064,"E_F_Sarah_Millican.png","E_M_Jimmy_Carr.png","TRUE","pictures/stimuli/E","pictures/stimuli/E","F","M","5","6140620d3e937d82f30ce289","06/30/2022, 11:43:38",1.13967838978433,"25","Male","left",0,1,0,0,TRUE,"E_F_Sarah_Millican.png E_M_Jimmy_Carr.png"
782,"P_M_nigel_farage.png","P_M_Sajid_Javid.png","TRUE","pictures/stimuli/P","pictures/stimuli/P","M","M","5","6140620d3e937d82f30ce289","06/30/2022, 11:43:38",1.13967838978433,"25","Male","left",1,1,0,0,TRUE,"P_M_nigel_farage.png P_M_Sajid_Javid.png"
751,"P_F_Theresa_May.png","P_M_Tony_Blair.png","TRUE","pictures/stimuli/P","pictures/stimuli/P","F","M","5","6140620d3e937d82f30ce289","06/30/2022, 11:43:38",1.13967838978433,"25","Male","left",1,1,0,0,TRUE,"P_F_Theresa_May.png P_M_Tony_Blair.png"
906,"E_F_Sarah_Millican.png","E_M_Peter_Kay.png","TRUE","pictures/stimuli/E","pictures/stimuli/E","F","M","4","6140620d3e937d82f30ce289","06/30/2022, 11:43:38",-0.0182836105312997,"25","Male","left",0,1,0,0,TRUE,"E_F_Sarah_Millican.png E_M_Peter_Kay.png"
920,"E_F_Dawn_Roma_French.png","P_M_Tony_Blair.png","FALSE","pictures/stimuli/E","pictures/stimuli/P","F","M","4","6140620d3e937d82f30ce289","06/30/2022, 11:43:38",-0.0182836105312997,"25","Male","left",0,1,0,0,TRUE,"E_F_Dawn_Roma_French.png P_M_Tony_Blair.png"
754,"P_M_david_camer.png","P_M_jeremy_corbyn.png","TRUE","pictures/stimuli/P","pictures/stimuli/P","M","M","4","6140620d3e937d82f30ce289","06/30/2022, 11:43:38",-0.0182836105312997,"25","Male","left",1,1,0,0,TRUE,"P_M_david_camer.png P_M_jeremy_corbyn.png"
2172,"E_F_Sarah_Millican.png","E_M_Ewan_McGregor.png","TRUE","pictures/stimuli/E","pictures/stimuli/E","F","M","4","6140620d3e937d82f30ce289","06/30/2022, 11:43:38",-0.0182836105312997,"25","Male","left",0,0,0,0,TRUE,"E_F_Sarah_Millican.png E_M_Ewan_McGregor.png"
1819,"E_F_Dawn_Roma_French.png","E_M_Simon_Pegg.png","TRUE","pictures/stimuli/E","pictures/stimuli/E","F","M","4","6140620d3e937d82f30ce289","06/30/2022, 11:43:38",-0.0182836105312997,"25","Male","left",0,0,0,0,TRUE,"E_F_Dawn_Roma_French.png E_M_Simon_Pegg.png"
3077,"P_M_jeremy_corbyn.png","P_M_nigel_farage.png","TRUE","pictures/stimuli/P","pictures/stimuli/P","M","M","6","6140620d3e937d82f30ce289","06/30/2022, 11:43:38",2.29764039009996,"25","Male","left",1,1,0,0,TRUE,"P_M_jeremy_corbyn.png P_M_nigel_farage.png"
5545,"P_M_jeremy_corbyn.png","P_M_keir_starmer.png","TRUE","pictures/stimuli/P","pictures/stimuli/P","M","M","3","6140620d3e937d82f30ce289","06/30/2022, 11:43:38",-1.17624561084693,"25","Male","left",1,1,0,0,TRUE,"P_M_jeremy_corbyn.png P_M_keir_starmer.png"
1633,"E_F_Dawn_Roma_French.png","P_M_david_camer.png","FALSE","pictures/stimuli/E","pictures/stimuli/P","F","M","4","6140620d3e937d82f30ce289","06/30/2022, 11:43:38",-0.0182836105312997,"25","Male","left",0,1,0,0,TRUE,"E_F_Dawn_Roma_French.png P_M_david_camer.png"
1376,"E_F_Julie_Walters.png","P_M_jeremy_corbyn.png","FALSE","pictures/stimuli/E","pictures/stimuli/P","F","M","4","6140620d3e937d82f30ce289","06/30/2022, 11:43:38",-0.0182836105312997,"25","Male","left",0,1,0,0,TRUE,"E_F_Julie_Walters.png P_M_jeremy_corbyn.png"
1185,"E_F_Julie_Walters.png","P_M_Michael_Gove.png","FALSE","pictures/stimuli/E","pictures/stimuli/P","F","M","4","6140620d3e937d82f30ce289","06/30/2022, 11:43:38",-0.0182836105312997,"25","Male","left",0,1,0,0,TRUE,"E_F_Julie_Walters.png P_M_Michael_Gove.png"
965,"E_M_Peter_Kay.png","P_M_Gordon_Brown.png","FALSE","pictures/stimuli/E","pictures/stimuli/P","M","M","4","6140620d3e937d82f30ce289","06/30/2022, 11:43:38",-0.0182836105312997,"25","Male","left",1,1,0,0,TRUE,"E_M_Peter_Kay.png P_M_Gordon_Brown.png"
803,"E_M_Michael_McIntyr.png","P_M_jeremy_corbyn.png","FALSE","pictures/stimuli/E","pictures/stimuli/P","M","M","4","6140620d3e937d82f30ce289","06/30/2022, 11:43:38",-0.0182836105312997,"25","Male","left",1,1,0,0,TRUE,"E_M_Michael_McIntyr.png P_M_jeremy_corbyn.png"
1177,"P_F_nicola_sturge.png","P_M_Gordon_Brown.png","TRUE","pictures/stimuli/P","pictures/stimuli/P","F","M","4","6140620d3e937d82f30ce289","06/30/2022, 11:43:38",-0.0182836105312997,"25","Male","left",1,1,0,0,TRUE,"P_F_nicola_sturge.png P_M_Gordon_Brown.png"
1175,"E_F_Jennifer_Saunders.png","P_M_Tony_Blair.png","FALSE","pictures/stimuli/E","pictures/stimuli/P","F","M","4","6140620d3e937d82f30ce289","06/30/2022, 11:43:38",-0.0182836105312997,"25","Male","left",0,1,0,0,TRUE,"E_F_Jennifer_Saunders.png P_M_Tony_Blair.png"
682,"P_M_david_camer.png","P_M_Sajid_Javid.png","TRUE","pictures/stimuli/P","pictures/stimuli/P","M","M","4","6140620d3e937d82f30ce289","06/30/2022, 11:43:38",-0.0182836105312997,"25","Male","left",1,1,0,0,TRUE,"P_M_david_camer.png P_M_Sajid_Javid.png"
1407,"P_F_Theresa_May.png","P_M_Sajid_Javid.png","TRUE","pictures/stimuli/P","pictures/stimuli/P","F","M","4","6140620d3e937d82f30ce289","06/30/2022, 11:43:38",-0.0182836105312997,"25","Male","left",1,1,0,0,TRUE,"P_F_Theresa_May.png P_M_Sajid_Javid.png"
5599,"E_M_Simon_Pegg.png","P_M_Gordon_Brown.png","FALSE","pictures/stimuli/E","pictures/stimuli/P","M","M","4","6140620d3e937d82f30ce289","06/30/2022, 11:43:38",-0.0182836105312997,"25","Male","left",0,1,0,0,TRUE,"E_M_Simon_Pegg.png P_M_Gordon_Brown.png"
1406,"E_M_Simon_Pegg.png","P_M_david_camer.png","FALSE","pictures/stimuli/E","pictures/stimuli/P","M","M","4","6140620d3e937d82f30ce289","06/30/2022, 11:43:38",-0.0182836105312997,"25","Male","left",0,1,0,0,TRUE,"E_M_Simon_Pegg.png P_M_david_camer.png"
2121,"P_F_Theresa_May.png","P_M_Michael_Gove.png","TRUE","pictures/stimuli/P","pictures/stimuli/P","F","M","3","6140620d3e937d82f30ce289","06/30/2022, 11:43:38",-1.17624561084693,"25","Male","left",1,1,0,0,TRUE,"P_F_Theresa_May.png P_M_Michael_Gove.png"
2175,"E_F_Jennifer_Saunders.png","P_M_keir_starmer.png","FALSE","pictures/stimuli/E","pictures/stimuli/P","F","M","4","6140620d3e937d82f30ce289","06/30/2022, 11:43:38",-0.0182836105312997,"25","Male","left",0,1,0,0,TRUE,"E_F_Jennifer_Saunders.png P_M_keir_starmer.png"
865,"P_M_Gordon_Brown.png","P_M_Sajid_Javid.png","TRUE","pictures/stimuli/P","pictures/stimuli/P","M","M","4","6140620d3e937d82f30ce289","06/30/2022, 11:43:38",-0.0182836105312997,"25","Male","left",1,1,0,0,TRUE,"P_M_Gordon_Brown.png P_M_Sajid_Javid.png"
1821,"E_F_Dawn_Roma_French.png","E_F_Julie_Walters.png","TRUE","pictures/stimuli/E","pictures/stimuli/E","F","F","4","6140620d3e937d82f30ce289","06/30/2022, 11:43:38",-0.0182836105312997,"25","Male","left",0,0,0,0,TRUE,"E_F_Dawn_Roma_French.png E_F_Julie_Walters.png"
2603,"E_M_Peter_Kay.png","P_M_Michael_Gove.png","FALSE","pictures/stimuli/E","pictures/stimuli/P","M","M","6","6140620d3e937d82f30ce289","06/30/2022, 11:43:38",2.29764039009996,"25","Male","left",1,1,0,0,TRUE,"E_M_Peter_Kay.png P_M_Michael_Gove.png"
2175,"E_M_Russell_Howard.png","P_M_Tony_Blair.png","FALSE","pictures/stimuli/E","pictures/stimuli/P","M","M","5","6140620d3e937d82f30ce289","06/30/2022, 11:43:38",1.13967838978433,"25","Male","left",1,1,0,0,TRUE,"E_M_Russell_Howard.png P_M_Tony_Blair.png"
1865,"E_F_Jennifer_Saunders.png","E_M_Michael_McIntyr.png","TRUE","pictures/stimuli/E","pictures/stimuli/E","F","M","5","6140620d3e937d82f30ce289","06/30/2022, 11:43:38",1.13967838978433,"25","Male","left",0,1,0,0,TRUE,"E_F_Jennifer_Saunders.png E_M_Michael_McIntyr.png"
1043,"E_F_Dawn_Roma_French.png","E_F_Sarah_Millican.png","TRUE","pictures/stimuli/E","pictures/stimuli/E","F","F","4","6140620d3e937d82f30ce289","06/30/2022, 11:43:38",-0.0182836105312997,"25","Male","left",0,0,0,0,TRUE,"E_F_Dawn_Roma_French.png E_F_Sarah_Millican.png"
923,"E_F_Julie_Walters.png","E_M_Ewan_McGregor.png","TRUE","pictures/stimuli/E","pictures/stimuli/E","F","M","4","6140620d3e937d82f30ce289","06/30/2022, 11:43:38",-0.0182836105312997,"25","Male","left",0,0,0,0,TRUE,"E_F_Julie_Walters.png E_M_Ewan_McGregor.png"
2622,"E_F_Dawn_Roma_French.png","E_M_Ewan_McGregor.png","TRUE","pictures/stimuli/E","pictures/stimuli/E","F","M","4","6140620d3e937d82f30ce289","06/30/2022, 11:43:38",-0.0182836105312997,"25","Male","left",0,0,0,0,TRUE,"E_F_Dawn_Roma_French.png E_M_Ewan_McGregor.png"
2239,"E_F_Jennifer_Saunders.png","P_M_jeremy_corbyn.png","FALSE","pictures/stimuli/E","pictures/stimuli/P","F","M","4","6140620d3e937d82f30ce289","06/30/2022, 11:43:38",-0.0182836105312997,"25","Male","left",0,1,0,0,TRUE,"E_F_Jennifer_Saunders.png P_M_jeremy_corbyn.png"
874,"P_M_Michael_Gove.png","P_M_nigel_farage.png","TRUE","pictures/stimuli/P","pictures/stimuli/P","M","M","4","6140620d3e937d82f30ce289","06/30/2022, 11:43:38",-0.0182836105312997,"25","Male","left",1,1,0,0,TRUE,"P_M_Michael_Gove.png P_M_nigel_farage.png"
3382,"P_F_nicola_sturge.png","P_F_Theresa_May.png","TRUE","pictures/stimuli/P","pictures/stimuli/P","F","F","5","6140620d3e937d82f30ce289","06/30/2022, 11:43:38",1.13967838978433,"25","Male","left",1,1,0,0,TRUE,"P_F_nicola_sturge.png P_F_Theresa_May.png"
1901,"E_F_Dawn_Roma_French.png","E_M_Michael_McIntyr.png","TRUE","pictures/stimuli/E","pictures/stimuli/E","F","M","4","6140620d3e937d82f30ce289","06/30/2022, 11:43:38",-0.0182836105312997,"25","Male","left",0,1,0,0,TRUE,"E_F_Dawn_Roma_French.png E_M_Michael_McIntyr.png"
1884,"E_M_Michael_McIntyr.png","E_M_Russell_Howard.png","TRUE","pictures/stimuli/E","pictures/stimuli/E","M","M","4","6140620d3e937d82f30ce289","06/30/2022, 11:43:38",-0.0182836105312997,"25","Male","left",1,1,0,0,TRUE,"E_M_Michael_McIntyr.png E_M_Russell_Howard.png"
1489,"E_F_Sarah_Millican.png","P_M_Gordon_Brown.png","FALSE","pictures/stimuli/E","pictures/stimuli/P","F","M","4","6140620d3e937d82f30ce289","06/30/2022, 11:43:38",-0.0182836105312997,"25","Male","left",0,1,0,0,TRUE,"E_F_Sarah_Millican.png P_M_Gordon_Brown.png"
3308,"P_M_Gordon_Brown.png","P_M_Michael_Gove.png","TRUE","pictures/stimuli/P","pictures/stimuli/P","M","M","5","6140620d3e937d82f30ce289","06/30/2022, 11:43:38",1.13967838978433,"25","Male","left",1,1,0,0,TRUE,"P_M_Gordon_Brown.png P_M_Michael_Gove.png"
2234,"E_F_Julie_Walters.png","E_F_Sarah_Millican.png","TRUE","pictures/stimuli/E","pictures/stimuli/E","F","F","5","6140620d3e937d82f30ce289","06/30/2022, 11:43:38",1.13967838978433,"25","Male","left",0,0,0,0,TRUE,"E_F_Julie_Walters.png E_F_Sarah_Millican.png"
2415,"P_M_Gordon_Brown.png","P_M_nigel_farage.png","TRUE","pictures/stimuli/P","pictures/stimuli/P","M","M","5","6140620d3e937d82f30ce289","06/30/2022, 11:43:38",1.13967838978433,"25","Male","left",1,1,0,0,TRUE,"P_M_Gordon_Brown.png P_M_nigel_farage.png"
2622,"P_M_Gordon_Brown.png","P_M_jeremy_corbyn.png","TRUE","pictures/stimuli/P","pictures/stimuli/P","M","M","2","6140620d3e937d82f30ce289","06/30/2022, 11:43:38",-2.33420761116256,"25","Male","left",1,1,0,0,TRUE,"P_M_Gordon_Brown.png P_M_jeremy_corbyn.png"
1365,"E_M_Jimmy_Carr.png","E_M_Simon_Pegg.png","TRUE","pictures/stimuli/E","pictures/stimuli/E","M","M","4","6140620d3e937d82f30ce289","06/30/2022, 11:43:38",-0.0182836105312997,"25","Male","left",1,0,0,0,TRUE,"E_M_Jimmy_Carr.png E_M_Simon_Pegg.png"
7485,"E_M_Michael_McIntyr.png","P_M_Tony_Blair.png","FALSE","pictures/stimuli/E","pictures/stimuli/P","M","M","3","6140620d3e937d82f30ce289","06/30/2022, 11:43:38",-1.17624561084693,"25","Male","left",1,1,0,0,TRUE,"E_M_Michael_McIntyr.png P_M_Tony_Blair.png"
947,"E_M_Michael_McIntyr.png","P_M_keir_starmer.png","FALSE","pictures/stimuli/E","pictures/stimuli/P","M","M","4","6140620d3e937d82f30ce289","06/30/2022, 11:43:38",-0.0182836105312997,"25","Male","left",1,1,0,0,TRUE,"E_M_Michael_McIntyr.png P_M_keir_starmer.png"
1210,"E_F_Julie_Walters.png","P_M_Tony_Blair.png","FALSE","pictures/stimuli/E","pictures/stimuli/P","F","M","3","6140620d3e937d82f30ce289","06/30/2022, 11:43:38",-1.17624561084693,"25","Male","left",0,1,0,0,TRUE,"E_F_Julie_Walters.png P_M_Tony_Blair.png"
604,"P_F_nicola_sturge.png","P_M_Tony_Blair.png","TRUE","pictures/stimuli/P","pictures/stimuli/P","F","M","4","6140620d3e937d82f30ce289","06/30/2022, 11:43:38",-0.0182836105312997,"25","Male","left",1,1,0,0,TRUE,"P_F_nicola_sturge.png P_M_Tony_Blair.png"
2924,"P_F_nicola_sturge.png","P_M_david_camer.png","TRUE","pictures/stimuli/P","pictures/stimuli/P","F","M","6","6140620d3e937d82f30ce289","06/30/2022, 11:43:38",2.29764039009996,"25","Male","left",1,1,0,0,TRUE,"P_F_nicola_sturge.png P_M_david_camer.png"
1203,"E_M_Michael_McIntyr.png","E_M_Simon_Pegg.png","TRUE","pictures/stimuli/E","pictures/stimuli/E","M","M","4","6140620d3e937d82f30ce289","06/30/2022, 11:43:38",-0.0182836105312997,"25","Male","left",1,0,0,0,TRUE,"E_M_Michael_McIntyr.png E_M_Simon_Pegg.png"
1480,"E_F_Sarah_Millican.png","P_M_david_camer.png","FALSE","pictures/stimuli/E","pictures/stimuli/P","F","M","4","6140620d3e937d82f30ce289","06/30/2022, 11:43:38",-0.0182836105312997,"25","Male","left",0,1,0,0,TRUE,"E_F_Sarah_Millican.png P_M_david_camer.png"
1109,"P_F_Theresa_May.png","P_M_jeremy_corbyn.png","TRUE","pictures/stimuli/P","pictures/stimuli/P","F","M","4","6140620d3e937d82f30ce289","06/30/2022, 11:43:38",-0.0182836105312997,"25","Male","left",1,1,0,0,TRUE,"P_F_Theresa_May.png P_M_jeremy_corbyn.png"
3351,"P_M_keir_starmer.png","P_M_Michael_Gove.png","TRUE","pictures/stimuli/P","pictures/stimuli/P","M","M","5","6140620d3e937d82f30ce289","06/30/2022, 11:43:38",1.13967838978433,"25","Male","left",1,1,0,0,TRUE,"P_M_keir_starmer.png P_M_Michael_Gove.png"
1792,"E_F_Julie_Walters.png","P_M_Gordon_Brown.png","FALSE","pictures/stimuli/E","pictures/stimuli/P","F","M","4","6140620d3e937d82f30ce289","06/30/2022, 11:43:38",-0.0182836105312997,"25","Male","left",0,1,0,0,TRUE,"E_F_Julie_Walters.png P_M_Gordon_Brown.png"
1396,"E_F_Julie_Walters.png","E_M_Michael_McIntyr.png","TRUE","pictures/stimuli/E","pictures/stimuli/E","F","M","4","6140620d3e937d82f30ce289","06/30/2022, 11:43:38",-0.0182836105312997,"25","Male","left",0,1,0,0,TRUE,"E_F_Julie_Walters.png E_M_Michael_McIntyr.png"
903,"E_F_Dawn_Roma_French.png","P_M_Gordon_Brown.png","FALSE","pictures/stimuli/E","pictures/stimuli/P","F","M","4","6140620d3e937d82f30ce289","06/30/2022, 11:43:38",-0.0182836105312997,"25","Male","left",0,1,0,0,TRUE,"E_F_Dawn_Roma_French.png P_M_Gordon_Brown.png"
794,"E_M_Peter_Kay.png","E_M_Simon_Pegg.png","TRUE","pictures/stimuli/E","pictures/stimuli/E","M","M","4","6140620d3e937d82f30ce289","06/30/2022, 11:43:38",-0.0182836105312997,"25","Male","left",1,0,0,0,TRUE,"E_M_Peter_Kay.png E_M_Simon_Pegg.png"
1185,"E_M_Ewan_McGregor.png","E_M_Simon_Pegg.png","TRUE","pictures/stimuli/E","pictures/stimuli/E","M","M","4","6140620d3e937d82f30ce289","06/30/2022, 11:43:38",-0.0182836105312997,"25","Male","left",0,0,0,0,TRUE,"E_M_Ewan_McGregor.png E_M_Simon_Pegg.png"
1238,"P_F_nicola_sturge.png","P_M_Michael_Gove.png","TRUE","pictures/stimuli/P","pictures/stimuli/P","F","M","4","6140620d3e937d82f30ce289","06/30/2022, 11:43:38",-0.0182836105312997,"25","Male","left",1,1,0,0,TRUE,"P_F_nicola_sturge.png P_M_Michael_Gove.png"
1594,"E_M_Russell_Howard.png","P_M_keir_starmer.png","FALSE","pictures/stimuli/E","pictures/stimuli/P","M","M","4","6140620d3e937d82f30ce289","06/30/2022, 11:43:38",-0.0182836105312997,"25","Male","left",1,1,0,0,TRUE,"E_M_Russell_Howard.png P_M_keir_starmer.png"
619,"E_F_Sarah_Millican.png","P_M_nigel_farage.png","FALSE","pictures/stimuli/E","pictures/stimuli/P","F","M","4","6140620d3e937d82f30ce289","06/30/2022, 11:43:38",-0.0182836105312997,"25","Male","left",0,1,0,0,TRUE,"E_F_Sarah_Millican.png P_M_nigel_farage.png"
782,"E_F_Jennifer_Saunders.png","P_M_Gordon_Brown.png","FALSE","pictures/stimuli/E","pictures/stimuli/P","F","M","4","6140620d3e937d82f30ce289","06/30/2022, 11:43:38",-0.0182836105312997,"25","Male","left",0,1,0,0,TRUE,"E_F_Jennifer_Saunders.png P_M_Gordon_Brown.png"
1840,"E_F_Dawn_Roma_French.png","P_M_nigel_farage.png","FALSE","pictures/stimuli/E","pictures/stimuli/P","F","M","5","6140620d3e937d82f30ce289","06/30/2022, 11:43:38",1.13967838978433,"25","Male","left",0,1,0,0,TRUE,"E_F_Dawn_Roma_French.png P_M_nigel_farage.png"
2492,"E_M_Michael_McIntyr.png","E_M_Peter_Kay.png","TRUE","pictures/stimuli/E","pictures/stimuli/E","M","M","2","6140620d3e937d82f30ce289","06/30/2022, 11:43:38",-2.33420761116256,"25","Male","left",1,1,0,0,TRUE,"E_M_Michael_McIntyr.png E_M_Peter_Kay.png"
2144,"E_M_Jimmy_Carr.png","P_M_Gordon_Brown.png","FALSE","pictures/stimuli/E","pictures/stimuli/P","M","M","5","6140620d3e937d82f30ce289","06/30/2022, 11:43:38",1.13967838978433,"25","Male","left",1,1,0,0,TRUE,"E_M_Jimmy_Carr.png P_M_Gordon_Brown.png"
1943,"E_F_Dawn_Roma_French.png","E_M_Peter_Kay.png","TRUE","pictures/stimuli/E","pictures/stimuli/E","F","M","4","6140620d3e937d82f30ce289","06/30/2022, 11:43:38",-0.0182836105312997,"25","Male","left",0,1,0,0,TRUE,"E_F_Dawn_Roma_French.png E_M_Peter_Kay.png"
1140,"E_F_Dawn_Roma_French.png","P_M_keir_starmer.png","FALSE","pictures/stimuli/E","pictures/stimuli/P","F","M","4","6140620d3e937d82f30ce289","06/30/2022, 11:43:38",-0.0182836105312997,"25","Male","left",0,1,0,0,TRUE,"E_F_Dawn_Roma_French.png P_M_keir_starmer.png"
1481,"E_F_Dawn_Roma_French.png","P_M_Sajid_Javid.png","FALSE","pictures/stimuli/E","pictures/stimuli/P","F","M","4","6140620d3e937d82f30ce289","06/30/2022, 11:43:38",-0.0182836105312997,"25","Male","left",0,1,0,0,TRUE,"E_F_Dawn_Roma_French.png P_M_Sajid_Javid.png"
709,"E_F_Julie_Walters.png","E_M_Jimmy_Carr.png","TRUE","pictures/stimuli/E","pictures/stimuli/E","F","M","4","6140620d3e937d82f30ce289","06/30/2022, 11:43:38",-0.0182836105312997,"25","Male","left",0,1,0,0,TRUE,"E_F_Julie_Walters.png E_M_Jimmy_Carr.png"
2964,"P_M_Michael_Gove.png","P_M_Tony_Blair.png","TRUE","pictures/stimuli/P","pictures/stimuli/P","M","M","3","6140620d3e937d82f30ce289","06/30/2022, 11:43:38",-1.17624561084693,"25","Male","left",1,1,0,0,TRUE,"P_M_Michael_Gove.png P_M_Tony_Blair.png"
1922,"E_M_Russell_Howard.png","P_F_Theresa_May.png","FALSE","pictures/stimuli/E","pictures/stimuli/P","M","F","5","6140620d3e937d82f30ce289","06/30/2022, 11:43:38",1.13967838978433,"25","Male","left",1,1,0,0,TRUE,"E_M_Russell_Howard.png P_F_Theresa_May.png"
2003,"E_M_Simon_Pegg.png","P_M_nigel_farage.png","FALSE","pictures/stimuli/E","pictures/stimuli/P","M","M","5","6140620d3e937d82f30ce289","06/30/2022, 11:43:38",1.13967838978433,"25","Male","left",0,1,0,0,TRUE,"E_M_Simon_Pegg.png P_M_nigel_farage.png"
1641,"P_F_nicola_sturge.png","P_M_nigel_farage.png","TRUE","pictures/stimuli/P","pictures/stimuli/P","F","M","6","6140620d3e937d82f30ce289","06/30/2022, 11:43:38",2.29764039009996,"25","Male","left",1,1,0,0,TRUE,"P_F_nicola_sturge.png P_M_nigel_farage.png"
1803,"E_M_Russell_Howard.png","P_M_nigel_farage.png","FALSE","pictures/stimuli/E","pictures/stimuli/P","M","M","6","6140620d3e937d82f30ce289","06/30/2022, 11:43:38",2.29764039009996,"25","Male","left",1,1,0,0,TRUE,"E_M_Russell_Howard.png P_M_nigel_farage.png"
2068,"E_M_Jimmy_Carr.png","E_M_Michael_McIntyr.png","TRUE","pictures/stimuli/E","pictures/stimuli/E","M","M","2","6140620d3e937d82f30ce289","06/30/2022, 11:43:38",-2.33420761116256,"25","Male","left",1,1,0,0,TRUE,"E_M_Jimmy_Carr.png E_M_Michael_McIntyr.png"
1513,"E_F_Julie_Walters.png","P_M_nigel_farage.png","FALSE","pictures/stimuli/E","pictures/stimuli/P","F","M","4","6140620d3e937d82f30ce289","06/30/2022, 11:43:38",-0.0182836105312997,"25","Male","left",0,1,0,0,TRUE,"E_F_Julie_Walters.png P_M_nigel_farage.png"
815,"E_F_Julie_Walters.png","P_M_keir_starmer.png","FALSE","pictures/stimuli/E","pictures/stimuli/P","F","M","4","6140620d3e937d82f30ce289","06/30/2022, 11:43:38",-0.0182836105312997,"25","Male","left",0,1,0,0,TRUE,"E_F_Julie_Walters.png P_M_keir_starmer.png"
830,"E_F_Julie_Walters.png","E_M_Russell_Howard.png","TRUE","pictures/stimuli/E","pictures/stimuli/E","F","M","4","6140620d3e937d82f30ce289","06/30/2022, 11:43:38",-0.0182836105312997,"25","Male","left",0,1,0,0,TRUE,"E_F_Julie_Walters.png E_M_Russell_Howard.png"
747,"E_M_Ewan_McGregor.png","P_M_keir_starmer.png","FALSE","pictures/stimuli/E","pictures/stimuli/P","M","M","4","6140620d3e937d82f30ce289","06/30/2022, 11:43:38",-0.0182836105312997,"25","Male","left",0,1,0,0,TRUE,"E_M_Ewan_McGregor.png P_M_keir_starmer.png"
747,"P_F_Theresa_May.png","P_M_nigel_farage.png","TRUE","pictures/stimuli/P","pictures/stimuli/P","F","M","4","6140620d3e937d82f30ce289","06/30/2022, 11:43:38",-0.0182836105312997,"25","Male","left",1,1,0,0,TRUE,"P_F_Theresa_May.png P_M_nigel_farage.png"
3329,"E_M_Jimmy_Carr.png","P_M_nigel_farage.png","FALSE","pictures/stimuli/E","pictures/stimuli/P","M","M","6","6140620d3e937d82f30ce289","06/30/2022, 11:43:38",2.29764039009996,"25","Male","left",1,1,0,0,TRUE,"E_M_Jimmy_Carr.png P_M_nigel_farage.png"
1752,"E_F_Julie_Walters.png","P_F_nicola_sturge.png","FALSE","pictures/stimuli/E","pictures/stimuli/P","F","F","5","6140620d3e937d82f30ce289","06/30/2022, 11:43:38",1.13967838978433,"25","Male","left",0,1,0,0,TRUE,"E_F_Julie_Walters.png P_F_nicola_sturge.png"
854,"E_F_Sarah_Millican.png","P_M_Michael_Gove.png","FALSE","pictures/stimuli/E","pictures/stimuli/P","F","M","4","6140620d3e937d82f30ce289","06/30/2022, 11:43:38",-0.0182836105312997,"25","Male","left",0,1,0,0,TRUE,"E_F_Sarah_Millican.png P_M_Michael_Gove.png"
1796,"E_F_Dawn_Roma_French.png","E_M_Russell_Howard.png","TRUE","pictures/stimuli/E","pictures/stimuli/E","F","M","4","6140620d3e937d82f30ce289","06/30/2022, 11:43:38",-0.0182836105312997,"25","Male","left",0,1,0,0,TRUE,"E_F_Dawn_Roma_French.png E_M_Russell_Howard.png"
1179,"E_M_Peter_Kay.png","P_M_Tony_Blair.png","FALSE","pictures/stimuli/E","pictures/stimuli/P","M","M","4","6140620d3e937d82f30ce289","06/30/2022, 11:43:38",-0.0182836105312997,"25","Male","left",1,1,0,0,TRUE,"E_M_Peter_Kay.png P_M_Tony_Blair.png"
2201,"E_M_Jimmy_Carr.png","P_M_Michael_Gove.png","FALSE","pictures/stimuli/E","pictures/stimuli/P","M","M","3","6140620d3e937d82f30ce289","06/30/2022, 11:43:38",-1.17624561084693,"25","Male","left",1,1,0,0,TRUE,"E_M_Jimmy_Carr.png P_M_Michael_Gove.png"
2125,"E_F_Dawn_Roma_French.png","P_F_nicola_sturge.png","FALSE","pictures/stimuli/E","pictures/stimuli/P","F","F","5","6140620d3e937d82f30ce289","06/30/2022, 11:43:38",1.13967838978433,"25","Male","left",0,1,0,0,TRUE,"E_F_Dawn_Roma_French.png P_F_nicola_sturge.png"
1014,"E_M_Jimmy_Carr.png","P_F_Theresa_May.png","FALSE","pictures/stimuli/E","pictures/stimuli/P","M","F","4","6140620d3e937d82f30ce289","06/30/2022, 11:43:38",-0.0182836105312997,"25","Male","left",1,1,0,0,TRUE,"E_M_Jimmy_Carr.png P_F_Theresa_May.png"
921,"E_F_Julie_Walters.png","P_M_david_camer.png","FALSE","pictures/stimuli/E","pictures/stimuli/P","F","M","4","6140620d3e937d82f30ce289","06/30/2022, 11:43:38",-0.0182836105312997,"25","Male","left",0,1,0,0,TRUE,"E_F_Julie_Walters.png P_M_david_camer.png"
2365,"E_M_Ewan_McGregor.png","P_M_jeremy_corbyn.png","FALSE","pictures/stimuli/E","pictures/stimuli/P","M","M","4","6140620d3e937d82f30ce289","06/30/2022, 11:43:38",-0.0182836105312997,"25","Male","left",0,1,0,0,TRUE,"E_M_Ewan_McGregor.png P_M_jeremy_corbyn.png"
1797,"E_F_Jennifer_Saunders.png","E_M_Jimmy_Carr.png","TRUE","pictures/stimuli/E","pictures/stimuli/E","F","M","3","6140620d3e937d82f30ce289","06/30/2022, 11:43:38",-1.17624561084693,"25","Male","left",0,1,0,0,TRUE,"E_F_Jennifer_Saunders.png E_M_Jimmy_Carr.png"
1142,"E_M_Simon_Pegg.png","P_M_Sajid_Javid.png","FALSE","pictures/stimuli/E","pictures/stimuli/P","M","M","4","6140620d3e937d82f30ce289","06/30/2022, 11:43:38",-0.0182836105312997,"25","Male","left",0,1,0,0,TRUE,"E_M_Simon_Pegg.png P_M_Sajid_Javid.png"
763,"P_M_david_camer.png","P_M_keir_starmer.png","TRUE","pictures/stimuli/P","pictures/stimuli/P","M","M","5","6140620d3e937d82f30ce289","06/30/2022, 11:43:38",1.13967838978433,"25","Male","left",1,1,0,0,TRUE,"P_M_david_camer.png P_M_keir_starmer.png"
753,"E_M_Simon_Pegg.png","P_F_nicola_sturge.png","FALSE","pictures/stimuli/E","pictures/stimuli/P","M","F","4","6140620d3e937d82f30ce289","06/30/2022, 11:43:38",-0.0182836105312997,"25","Male","left",0,1,0,0,TRUE,"E_M_Simon_Pegg.png P_F_nicola_sturge.png"
3465,"E_M_Jimmy_Carr.png","P_F_nicola_sturge.png","FALSE","pictures/stimuli/E","pictures/stimuli/P","M","F","6","6140620d3e937d82f30ce289","06/30/2022, 11:43:38",2.29764039009996,"25","Male","left",1,1,0,0,TRUE,"E_M_Jimmy_Carr.png P_F_nicola_sturge.png"
1050,"E_M_Ewan_McGregor.png","P_F_Theresa_May.png","FALSE","pictures/stimuli/E","pictures/stimuli/P","M","F","4","6140620d3e937d82f30ce289","06/30/2022, 11:43:38",-0.0182836105312997,"25","Male","left",0,1,0,0,TRUE,"E_M_Ewan_McGregor.png P_F_Theresa_May.png"
798,"E_F_Julie_Walters.png","E_M_Simon_Pegg.png","TRUE","pictures/stimuli/E","pictures/stimuli/E","F","M","4","6140620d3e937d82f30ce289","06/30/2022, 11:43:38",-0.0182836105312997,"25","Male","left",0,0,0,0,TRUE,"E_F_Julie_Walters.png E_M_Simon_Pegg.png"
819,"E_M_Jimmy_Carr.png","P_M_david_camer.png","FALSE","pictures/stimuli/E","pictures/stimuli/P","M","M","3","6140620d3e937d82f30ce289","06/30/2022, 11:43:38",-1.17624561084693,"25","Male","left",1,1,0,0,TRUE,"E_M_Jimmy_Carr.png P_M_david_camer.png"
963,"E_M_Ewan_McGregor.png","E_M_Michael_McIntyr.png","TRUE","pictures/stimuli/E","pictures/stimuli/E","M","M","4","6140620d3e937d82f30ce289","06/30/2022, 11:43:38",-0.0182836105312997,"25","Male","left",0,1,0,0,TRUE,"E_M_Ewan_McGregor.png E_M_Michael_McIntyr.png"
6867,"E_M_Peter_Kay.png","P_M_david_camer.png","FALSE","pictures/stimuli/E","pictures/stimuli/P","M","M","6","614afe29d2edbc484f004cc6","06/30/2022, 12:02:23",1.18842836332637,"33","Male","ambidextrous",1,1,0,0,FALSE,"E_M_Peter_Kay.png P_M_david_camer.png"
3130,"E_M_Simon_Pegg.png","P_M_Tony_Blair.png","FALSE","pictures/stimuli/E","pictures/stimuli/P","M","M","6","614afe29d2edbc484f004cc6","06/30/2022, 12:02:23",1.18842836332637,"33","Male","ambidextrous",1,1,0,0,FALSE,"E_M_Simon_Pegg.png P_M_Tony_Blair.png"
3011,"E_F_Jennifer_Saunders.png","P_M_keir_starmer.png","FALSE","pictures/stimuli/E","pictures/stimuli/P","F","M","4","614afe29d2edbc484f004cc6","06/30/2022, 12:02:23",0.120809502654926,"33","Male","ambidextrous",1,1,0,0,FALSE,"E_F_Jennifer_Saunders.png P_M_keir_starmer.png"
2633,"E_M_Simon_Pegg.png","P_F_nicola_sturge.png","FALSE","pictures/stimuli/E","pictures/stimuli/P","M","F","6","614afe29d2edbc484f004cc6","06/30/2022, 12:02:23",1.18842836332637,"33","Male","ambidextrous",1,1,0,0,FALSE,"E_M_Simon_Pegg.png P_F_nicola_sturge.png"
3221,"E_M_Simon_Pegg.png","P_M_jeremy_corbyn.png","FALSE","pictures/stimuli/E","pictures/stimuli/P","M","M","6","614afe29d2edbc484f004cc6","06/30/2022, 12:02:23",1.18842836332637,"33","Male","ambidextrous",1,1,0,0,FALSE,"E_M_Simon_Pegg.png P_M_jeremy_corbyn.png"
3380,"E_F_Julie_Walters.png","E_M_Ewan_McGregor.png","TRUE","pictures/stimuli/E","pictures/stimuli/E","F","M","3","614afe29d2edbc484f004cc6","06/30/2022, 12:02:23",-0.412999927680795,"33","Male","ambidextrous",1,1,0,0,FALSE,"E_F_Julie_Walters.png E_M_Ewan_McGregor.png"
6231,"P_M_keir_starmer.png","P_M_nigel_farage.png","TRUE","pictures/stimuli/P","pictures/stimuli/P","M","M","4","614afe29d2edbc484f004cc6","06/30/2022, 12:02:23",0.120809502654926,"33","Male","ambidextrous",1,1,0,0,FALSE,"P_M_keir_starmer.png P_M_nigel_farage.png"
4736,"E_M_Russell_Howard.png","E_M_Simon_Pegg.png","TRUE","pictures/stimuli/E","pictures/stimuli/E","M","M","2","614afe29d2edbc484f004cc6","06/30/2022, 12:02:23",-0.946809358016516,"33","Male","ambidextrous",1,1,0,0,FALSE,"E_M_Russell_Howard.png E_M_Simon_Pegg.png"
4066,"E_F_Jennifer_Saunders.png","P_M_david_camer.png","FALSE","pictures/stimuli/E","pictures/stimuli/P","F","M","6","614afe29d2edbc484f004cc6","06/30/2022, 12:02:23",1.18842836332637,"33","Male","ambidextrous",1,1,0,0,FALSE,"E_F_Jennifer_Saunders.png P_M_david_camer.png"
3454,"E_F_Sarah_Millican.png","P_F_Theresa_May.png","FALSE","pictures/stimuli/E","pictures/stimuli/P","F","F","5","614afe29d2edbc484f004cc6","06/30/2022, 12:02:23",0.654618932990648,"33","Male","ambidextrous",1,1,0,0,FALSE,"E_F_Sarah_Millican.png P_F_Theresa_May.png"
4897,"P_M_david_camer.png","P_M_Gordon_Brown.png","TRUE","pictures/stimuli/P","pictures/stimuli/P","M","M","2","614afe29d2edbc484f004cc6","06/30/2022, 12:02:23",-0.946809358016516,"33","Male","ambidextrous",1,1,0,0,FALSE,"P_M_david_camer.png P_M_Gordon_Brown.png"
2779,"P_M_jeremy_corbyn.png","P_M_Michael_Gove.png","TRUE","pictures/stimuli/P","pictures/stimuli/P","M","M","3","614afe29d2edbc484f004cc6","06/30/2022, 12:02:23",-0.412999927680795,"33","Male","ambidextrous",1,1,0,0,FALSE,"P_M_jeremy_corbyn.png P_M_Michael_Gove.png"
3796,"E_M_Peter_Kay.png","P_M_Tony_Blair.png","FALSE","pictures/stimuli/E","pictures/stimuli/P","M","M","6","614afe29d2edbc484f004cc6","06/30/2022, 12:02:23",1.18842836332637,"33","Male","ambidextrous",1,1,0,0,FALSE,"E_M_Peter_Kay.png P_M_Tony_Blair.png"
5963,"E_F_Dawn_Roma_French.png","E_F_Jennifer_Saunders.png","TRUE","pictures/stimuli/E","pictures/stimuli/E","F","F","1","614afe29d2edbc484f004cc6","06/30/2022, 12:02:23",-1.48061878835224,"33","Male","ambidextrous",1,1,0,0,FALSE,"E_F_Dawn_Roma_French.png E_F_Jennifer_Saunders.png"
3209,"E_F_Dawn_Roma_French.png","E_M_Michael_McIntyr.png","TRUE","pictures/stimuli/E","pictures/stimuli/E","F","M","2","614afe29d2edbc484f004cc6","06/30/2022, 12:02:23",-0.946809358016516,"33","Male","ambidextrous",1,1,0,0,FALSE,"E_F_Dawn_Roma_French.png E_M_Michael_McIntyr.png"
3577,"P_F_nicola_sturge.png","P_M_keir_starmer.png","TRUE","pictures/stimuli/P","pictures/stimuli/P","F","M","2","614afe29d2edbc484f004cc6","06/30/2022, 12:02:23",-0.946809358016516,"33","Male","ambidextrous",1,1,0,0,FALSE,"P_F_nicola_sturge.png P_M_keir_starmer.png"
2855,"E_M_Michael_McIntyr.png","P_M_Sajid_Javid.png","FALSE","pictures/stimuli/E","pictures/stimuli/P","M","M","4","614afe29d2edbc484f004cc6","06/30/2022, 12:02:23",0.120809502654926,"33","Male","ambidextrous",1,1,0,0,FALSE,"E_M_Michael_McIntyr.png P_M_Sajid_Javid.png"
3649,"P_M_jeremy_corbyn.png","P_M_nigel_farage.png","TRUE","pictures/stimuli/P","pictures/stimuli/P","M","M","2","614afe29d2edbc484f004cc6","06/30/2022, 12:02:23",-0.946809358016516,"33","Male","ambidextrous",1,1,0,0,FALSE,"P_M_jeremy_corbyn.png P_M_nigel_farage.png"
2880,"E_F_Sarah_Millican.png","E_M_Michael_McIntyr.png","TRUE","pictures/stimuli/E","pictures/stimuli/E","F","M","2","614afe29d2edbc484f004cc6","06/30/2022, 12:02:23",-0.946809358016516,"33","Male","ambidextrous",1,1,0,0,FALSE,"E_F_Sarah_Millican.png E_M_Michael_McIntyr.png"
6271,"E_F_Sarah_Millican.png","P_M_Gordon_Brown.png","FALSE","pictures/stimuli/E","pictures/stimuli/P","F","M","6","614afe29d2edbc484f004cc6","06/30/2022, 12:02:23",1.18842836332637,"33","Male","ambidextrous",1,1,0,0,FALSE,"E_F_Sarah_Millican.png P_M_Gordon_Brown.png"
3319,"E_M_Ewan_McGregor.png","E_M_Russell_Howard.png","TRUE","pictures/stimuli/E","pictures/stimuli/E","M","M","2","614afe29d2edbc484f004cc6","06/30/2022, 12:02:23",-0.946809358016516,"33","Male","ambidextrous",1,1,0,0,FALSE,"E_M_Ewan_McGregor.png E_M_Russell_Howard.png"
3331,"P_M_jeremy_corbyn.png","P_M_Tony_Blair.png","TRUE","pictures/stimuli/P","pictures/stimuli/P","M","M","2","614afe29d2edbc484f004cc6","06/30/2022, 12:02:23",-0.946809358016516,"33","Male","ambidextrous",1,1,0,0,FALSE,"P_M_jeremy_corbyn.png P_M_Tony_Blair.png"
2390,"P_F_nicola_sturge.png","P_M_Michael_Gove.png","TRUE","pictures/stimuli/P","pictures/stimuli/P","F","M","3","614afe29d2edbc484f004cc6","06/30/2022, 12:02:23",-0.412999927680795,"33","Male","ambidextrous",1,1,0,0,FALSE,"P_F_nicola_sturge.png P_M_Michael_Gove.png"
6420,"E_M_Jimmy_Carr.png","P_F_Theresa_May.png","FALSE","pictures/stimuli/E","pictures/stimuli/P","M","F","6","614afe29d2edbc484f004cc6","06/30/2022, 12:02:23",1.18842836332637,"33","Male","ambidextrous",1,1,0,0,FALSE,"E_M_Jimmy_Carr.png P_F_Theresa_May.png"
6318,"P_M_david_camer.png","P_M_keir_starmer.png","TRUE","pictures/stimuli/P","pictures/stimuli/P","M","M","2","614afe29d2edbc484f004cc6","06/30/2022, 12:02:23",-0.946809358016516,"33","Male","ambidextrous",1,1,0,0,FALSE,"P_M_david_camer.png P_M_keir_starmer.png"
3038,"E_F_Dawn_Roma_French.png","E_M_Ewan_McGregor.png","TRUE","pictures/stimuli/E","pictures/stimuli/E","F","M","3","614afe29d2edbc484f004cc6","06/30/2022, 12:02:23",-0.412999927680795,"33","Male","ambidextrous",1,1,0,0,FALSE,"E_F_Dawn_Roma_French.png E_M_Ewan_McGregor.png"
3848,"E_M_Peter_Kay.png","E_M_Russell_Howard.png","TRUE","pictures/stimuli/E","pictures/stimuli/E","M","M","2","614afe29d2edbc484f004cc6","06/30/2022, 12:02:23",-0.946809358016516,"33","Male","ambidextrous",1,1,0,0,FALSE,"E_M_Peter_Kay.png E_M_Russell_Howard.png"
3027,"P_M_Michael_Gove.png","P_M_Tony_Blair.png","TRUE","pictures/stimuli/P","pictures/stimuli/P","M","M","2","614afe29d2edbc484f004cc6","06/30/2022, 12:02:23",-0.946809358016516,"33","Male","ambidextrous",1,1,0,0,FALSE,"P_M_Michael_Gove.png P_M_Tony_Blair.png"
4887,"P_M_david_camer.png","P_M_Michael_Gove.png","TRUE","pictures/stimuli/P","pictures/stimuli/P","M","M","1","614afe29d2edbc484f004cc6","06/30/2022, 12:02:23",-1.48061878835224,"33","Male","ambidextrous",1,1,0,0,FALSE,"P_M_david_camer.png P_M_Michael_Gove.png"
2966,"P_F_Theresa_May.png","P_M_nigel_farage.png","TRUE","pictures/stimuli/P","pictures/stimuli/P","F","M","3","614afe29d2edbc484f004cc6","06/30/2022, 12:02:23",-0.412999927680795,"33","Male","ambidextrous",1,1,0,0,FALSE,"P_F_Theresa_May.png P_M_nigel_farage.png"
5794,"E_M_Michael_McIntyr.png","E_M_Russell_Howard.png","TRUE","pictures/stimuli/E","pictures/stimuli/E","M","M","1","614afe29d2edbc484f004cc6","06/30/2022, 12:02:23",-1.48061878835224,"33","Male","ambidextrous",1,1,0,0,FALSE,"E_M_Michael_McIntyr.png E_M_Russell_Howard.png"
4522,"E_M_Ewan_McGregor.png","P_M_nigel_farage.png","FALSE","pictures/stimuli/E","pictures/stimuli/P","M","M","6","614afe29d2edbc484f004cc6","06/30/2022, 12:02:23",1.18842836332637,"33","Male","ambidextrous",1,1,0,0,FALSE,"E_M_Ewan_McGregor.png P_M_nigel_farage.png"
3221,"E_M_Ewan_McGregor.png","E_M_Peter_Kay.png","TRUE","pictures/stimuli/E","pictures/stimuli/E","M","M","2","614afe29d2edbc484f004cc6","06/30/2022, 12:02:23",-0.946809358016516,"33","Male","ambidextrous",1,1,0,0,FALSE,"E_M_Ewan_McGregor.png E_M_Peter_Kay.png"
4534,"E_M_Russell_Howard.png","P_F_nicola_sturge.png","FALSE","pictures/stimuli/E","pictures/stimuli/P","M","F","5","614afe29d2edbc484f004cc6","06/30/2022, 12:02:23",0.654618932990648,"33","Male","ambidextrous",1,1,0,0,FALSE,"E_M_Russell_Howard.png P_F_nicola_sturge.png"
5611,"P_M_jeremy_corbyn.png","P_M_keir_starmer.png","TRUE","pictures/stimuli/P","pictures/stimuli/P","M","M","2","614afe29d2edbc484f004cc6","06/30/2022, 12:02:23",-0.946809358016516,"33","Male","ambidextrous",1,1,0,0,FALSE,"P_M_jeremy_corbyn.png P_M_keir_starmer.png"
6063,"E_M_Michael_McIntyr.png","P_M_Michael_Gove.png","FALSE","pictures/stimuli/E","pictures/stimuli/P","M","M","6","614afe29d2edbc484f004cc6","06/30/2022, 12:02:23",1.18842836332637,"33","Male","ambidextrous",1,1,0,0,FALSE,"E_M_Michael_McIntyr.png P_M_Michael_Gove.png"
4165,"E_F_Julie_Walters.png","P_M_Michael_Gove.png","FALSE","pictures/stimuli/E","pictures/stimuli/P","F","M","6","614afe29d2edbc484f004cc6","06/30/2022, 12:02:23",1.18842836332637,"33","Male","ambidextrous",1,1,0,0,FALSE,"E_F_Julie_Walters.png P_M_Michael_Gove.png"
3454,"E_M_Jimmy_Carr.png","E_M_Peter_Kay.png","TRUE","pictures/stimuli/E","pictures/stimuli/E","M","M","2","614afe29d2edbc484f004cc6","06/30/2022, 12:02:23",-0.946809358016516,"33","Male","ambidextrous",1,1,0,0,FALSE,"E_M_Jimmy_Carr.png E_M_Peter_Kay.png"
4362,"E_F_Julie_Walters.png","E_M_Jimmy_Carr.png","TRUE","pictures/stimuli/E","pictures/stimuli/E","F","M","2","614afe29d2edbc484f004cc6","06/30/2022, 12:02:23",-0.946809358016516,"33","Male","ambidextrous",1,1,0,0,FALSE,"E_F_Julie_Walters.png E_M_Jimmy_Carr.png"
4423,"P_M_Gordon_Brown.png","P_M_Sajid_Javid.png","TRUE","pictures/stimuli/P","pictures/stimuli/P","M","M","3","614afe29d2edbc484f004cc6","06/30/2022, 12:02:23",-0.412999927680795,"33","Male","ambidextrous",1,1,0,0,FALSE,"P_M_Gordon_Brown.png P_M_Sajid_Javid.png"
3247,"E_F_Sarah_Millican.png","P_M_Michael_Gove.png","FALSE","pictures/stimuli/E","pictures/stimuli/P","F","M","6","614afe29d2edbc484f004cc6","06/30/2022, 12:02:23",1.18842836332637,"33","Male","ambidextrous",1,1,0,0,FALSE,"E_F_Sarah_Millican.png P_M_Michael_Gove.png"
3063,"E_M_Simon_Pegg.png","P_M_Sajid_Javid.png","FALSE","pictures/stimuli/E","pictures/stimuli/P","M","M","5","614afe29d2edbc484f004cc6","06/30/2022, 12:02:23",0.654618932990648,"33","Male","ambidextrous",1,1,0,0,FALSE,"E_M_Simon_Pegg.png P_M_Sajid_Javid.png"
4594,"E_F_Dawn_Roma_French.png","P_M_keir_starmer.png","FALSE","pictures/stimuli/E","pictures/stimuli/P","F","M","6","614afe29d2edbc484f004cc6","06/30/2022, 12:02:23",1.18842836332637,"33","Male","ambidextrous",1,1,0,0,FALSE,"E_F_Dawn_Roma_French.png P_M_keir_starmer.png"
3368,"E_F_Jennifer_Saunders.png","P_M_Gordon_Brown.png","FALSE","pictures/stimuli/E","pictures/stimuli/P","F","M","5","614afe29d2edbc484f004cc6","06/30/2022, 12:02:23",0.654618932990648,"33","Male","ambidextrous",1,1,0,0,FALSE,"E_F_Jennifer_Saunders.png P_M_Gordon_Brown.png"
6468,"P_F_nicola_sturge.png","P_F_Theresa_May.png","TRUE","pictures/stimuli/P","pictures/stimuli/P","F","F","2","614afe29d2edbc484f004cc6","06/30/2022, 12:02:23",-0.946809358016516,"33","Male","ambidextrous",1,1,0,0,FALSE,"P_F_nicola_sturge.png P_F_Theresa_May.png"
4167,"E_F_Jennifer_Saunders.png","P_M_Sajid_Javid.png","FALSE","pictures/stimuli/E","pictures/stimuli/P","F","M","5","614afe29d2edbc484f004cc6","06/30/2022, 12:02:23",0.654618932990648,"33","Male","ambidextrous",1,1,0,0,FALSE,"E_F_Jennifer_Saunders.png P_M_Sajid_Javid.png"
6578,"E_M_Michael_McIntyr.png","P_M_jeremy_corbyn.png","FALSE","pictures/stimuli/E","pictures/stimuli/P","M","M","6","614afe29d2edbc484f004cc6","06/30/2022, 12:02:23",1.18842836332637,"33","Male","ambidextrous",1,1,0,0,FALSE,"E_M_Michael_McIntyr.png P_M_jeremy_corbyn.png"
7020,"E_M_Michael_McIntyr.png","P_F_nicola_sturge.png","FALSE","pictures/stimuli/E","pictures/stimuli/P","M","F","6","614afe29d2edbc484f004cc6","06/30/2022, 12:02:23",1.18842836332637,"33","Male","ambidextrous",1,1,0,0,FALSE,"E_M_Michael_McIntyr.png P_F_nicola_sturge.png"
2942,"P_F_nicola_sturge.png","P_M_david_camer.png","TRUE","pictures/stimuli/P","pictures/stimuli/P","F","M","6","614afe29d2edbc484f004cc6","06/30/2022, 12:02:23",1.18842836332637,"33","Male","ambidextrous",1,1,0,0,FALSE,"P_F_nicola_sturge.png P_M_david_camer.png"
3884,"E_M_Simon_Pegg.png","P_M_Michael_Gove.png","FALSE","pictures/stimuli/E","pictures/stimuli/P","M","M","6","614afe29d2edbc484f004cc6","06/30/2022, 12:02:23",1.18842836332637,"33","Male","ambidextrous",1,1,0,0,FALSE,"E_M_Simon_Pegg.png P_M_Michael_Gove.png"
2858,"E_F_Dawn_Roma_French.png","P_F_nicola_sturge.png","FALSE","pictures/stimuli/E","pictures/stimuli/P","F","F","6","614afe29d2edbc484f004cc6","06/30/2022, 12:02:23",1.18842836332637,"33","Male","ambidextrous",1,1,0,0,FALSE,"E_F_Dawn_Roma_French.png P_F_nicola_sturge.png"
2977,"E_M_Peter_Kay.png","P_F_nicola_sturge.png","FALSE","pictures/stimuli/E","pictures/stimuli/P","M","F","6","614afe29d2edbc484f004cc6","06/30/2022, 12:02:23",1.18842836332637,"33","Male","ambidextrous",1,1,0,0,FALSE,"E_M_Peter_Kay.png P_F_nicola_sturge.png"
3396,"E_M_Ewan_McGregor.png","P_M_Tony_Blair.png","FALSE","pictures/stimuli/E","pictures/stimuli/P","M","M","5","614afe29d2edbc484f004cc6","06/30/2022, 12:02:23",0.654618932990648,"33","Male","ambidextrous",1,1,0,0,FALSE,"E_M_Ewan_McGregor.png P_M_Tony_Blair.png"
3727,"E_F_Julie_Walters.png","P_M_keir_starmer.png","FALSE","pictures/stimuli/E","pictures/stimuli/P","F","M","6","614afe29d2edbc484f004cc6","06/30/2022, 12:02:23",1.18842836332637,"33","Male","ambidextrous",1,1,0,0,FALSE,"E_F_Julie_Walters.png P_M_keir_starmer.png"
2489,"E_M_Jimmy_Carr.png","P_M_Michael_Gove.png","FALSE","pictures/stimuli/E","pictures/stimuli/P","M","M","6","614afe29d2edbc484f004cc6","06/30/2022, 12:02:23",1.18842836332637,"33","Male","ambidextrous",1,1,0,0,FALSE,"E_M_Jimmy_Carr.png P_M_Michael_Gove.png"
4841,"E_F_Dawn_Roma_French.png","P_M_Gordon_Brown.png","FALSE","pictures/stimuli/E","pictures/stimuli/P","F","M","6","614afe29d2edbc484f004cc6","06/30/2022, 12:02:23",1.18842836332637,"33","Male","ambidextrous",1,1,0,0,FALSE,"E_F_Dawn_Roma_French.png P_M_Gordon_Brown.png"
3873,"E_F_Sarah_Millican.png","P_F_nicola_sturge.png","FALSE","pictures/stimuli/E","pictures/stimuli/P","F","F","4","614afe29d2edbc484f004cc6","06/30/2022, 12:02:23",0.120809502654926,"33","Male","ambidextrous",1,1,0,0,FALSE,"E_F_Sarah_Millican.png P_F_nicola_sturge.png"
4142,"E_F_Jennifer_Saunders.png","E_M_Peter_Kay.png","TRUE","pictures/stimuli/E","pictures/stimuli/E","F","M","2","614afe29d2edbc484f004cc6","06/30/2022, 12:02:23",-0.946809358016516,"33","Male","ambidextrous",1,1,0,0,FALSE,"E_F_Jennifer_Saunders.png E_M_Peter_Kay.png"
5415,"P_M_keir_starmer.png","P_M_Tony_Blair.png","TRUE","pictures/stimuli/P","pictures/stimuli/P","M","M","1","614afe29d2edbc484f004cc6","06/30/2022, 12:02:23",-1.48061878835224,"33","Male","ambidextrous",1,1,0,0,FALSE,"P_M_keir_starmer.png P_M_Tony_Blair.png"
4818,"E_M_Peter_Kay.png","P_M_keir_starmer.png","FALSE","pictures/stimuli/E","pictures/stimuli/P","M","M","3","614afe29d2edbc484f004cc6","06/30/2022, 12:02:23",-0.412999927680795,"33","Male","ambidextrous",1,1,0,0,FALSE,"E_M_Peter_Kay.png P_M_keir_starmer.png"
3370,"E_M_Jimmy_Carr.png","P_F_nicola_sturge.png","FALSE","pictures/stimuli/E","pictures/stimuli/P","M","F","5","614afe29d2edbc484f004cc6","06/30/2022, 12:02:23",0.654618932990648,"33","Male","ambidextrous",1,1,0,0,FALSE,"E_M_Jimmy_Carr.png P_F_nicola_sturge.png"
3872,"E_F_Sarah_Millican.png","E_M_Jimmy_Carr.png","TRUE","pictures/stimuli/E","pictures/stimuli/E","F","M","2","614afe29d2edbc484f004cc6","06/30/2022, 12:02:23",-0.946809358016516,"33","Male","ambidextrous",1,1,0,0,FALSE,"E_F_Sarah_Millican.png E_M_Jimmy_Carr.png"
4767,"E_M_Jimmy_Carr.png","P_M_jeremy_corbyn.png","FALSE","pictures/stimuli/E","pictures/stimuli/P","M","M","5","614afe29d2edbc484f004cc6","06/30/2022, 12:02:23",0.654618932990648,"33","Male","ambidextrous",1,1,0,0,FALSE,"E_M_Jimmy_Carr.png P_M_jeremy_corbyn.png"
3261,"P_M_nigel_farage.png","P_M_Tony_Blair.png","TRUE","pictures/stimuli/P","pictures/stimuli/P","M","M","3","614afe29d2edbc484f004cc6","06/30/2022, 12:02:23",-0.412999927680795,"33","Male","ambidextrous",1,1,0,0,FALSE,"P_M_nigel_farage.png P_M_Tony_Blair.png"
3496,"P_M_jeremy_corbyn.png","P_M_Sajid_Javid.png","TRUE","pictures/stimuli/P","pictures/stimuli/P","M","M","3","614afe29d2edbc484f004cc6","06/30/2022, 12:02:23",-0.412999927680795,"33","Male","ambidextrous",1,1,0,0,FALSE,"P_M_jeremy_corbyn.png P_M_Sajid_Javid.png"
3321,"P_M_keir_starmer.png","P_M_Michael_Gove.png","TRUE","pictures/stimuli/P","pictures/stimuli/P","M","M","3","614afe29d2edbc484f004cc6","06/30/2022, 12:02:23",-0.412999927680795,"33","Male","ambidextrous",1,1,0,0,FALSE,"P_M_keir_starmer.png P_M_Michael_Gove.png"
6126,"E_F_Sarah_Millican.png","P_M_Tony_Blair.png","FALSE","pictures/stimuli/E","pictures/stimuli/P","F","M","6","614afe29d2edbc484f004cc6","06/30/2022, 12:02:23",1.18842836332637,"33","Male","ambidextrous",1,1,0,0,FALSE,"E_F_Sarah_Millican.png P_M_Tony_Blair.png"
3592,"P_M_david_camer.png","P_M_Sajid_Javid.png","TRUE","pictures/stimuli/P","pictures/stimuli/P","M","M","2","614afe29d2edbc484f004cc6","06/30/2022, 12:02:23",-0.946809358016516,"33","Male","ambidextrous",1,1,0,0,FALSE,"P_M_david_camer.png P_M_Sajid_Javid.png"
8418,"E_M_Ewan_McGregor.png","P_F_nicola_sturge.png","FALSE","pictures/stimuli/E","pictures/stimuli/P","M","F","3","614afe29d2edbc484f004cc6","06/30/2022, 12:02:23",-0.412999927680795,"33","Male","ambidextrous",1,1,0,0,FALSE,"E_M_Ewan_McGregor.png P_F_nicola_sturge.png"
4081,"E_M_Peter_Kay.png","P_M_Michael_Gove.png","FALSE","pictures/stimuli/E","pictures/stimuli/P","M","M","5","614afe29d2edbc484f004cc6","06/30/2022, 12:02:23",0.654618932990648,"33","Male","ambidextrous",1,1,0,0,FALSE,"E_M_Peter_Kay.png P_M_Michael_Gove.png"
4045,"E_F_Dawn_Roma_French.png","E_M_Peter_Kay.png","TRUE","pictures/stimuli/E","pictures/stimuli/E","F","M","1","614afe29d2edbc484f004cc6","06/30/2022, 12:02:23",-1.48061878835224,"33","Male","ambidextrous",1,1,0,0,FALSE,"E_F_Dawn_Roma_French.png E_M_Peter_Kay.png"
5001,"E_F_Julie_Walters.png","E_M_Michael_McIntyr.png","TRUE","pictures/stimuli/E","pictures/stimuli/E","F","M","2","614afe29d2edbc484f004cc6","06/30/2022, 12:02:23",-0.946809358016516,"33","Male","ambidextrous",1,1,0,0,FALSE,"E_F_Julie_Walters.png E_M_Michael_McIntyr.png"
5479,"E_M_Simon_Pegg.png","P_M_david_camer.png","FALSE","pictures/stimuli/E","pictures/stimuli/P","M","M","3","614afe29d2edbc484f004cc6","06/30/2022, 12:02:23",-0.412999927680795,"33","Male","ambidextrous",1,1,0,0,FALSE,"E_M_Simon_Pegg.png P_M_david_camer.png"
7500,"E_F_Julie_Walters.png","E_F_Sarah_Millican.png","TRUE","pictures/stimuli/E","pictures/stimuli/E","F","F","1","614afe29d2edbc484f004cc6","06/30/2022, 12:02:23",-1.48061878835224,"33","Male","ambidextrous",1,1,0,0,FALSE,"E_F_Julie_Walters.png E_F_Sarah_Millican.png"
4044,"E_F_Jennifer_Saunders.png","P_M_Tony_Blair.png","FALSE","pictures/stimuli/E","pictures/stimuli/P","F","M","6","614afe29d2edbc484f004cc6","06/30/2022, 12:02:23",1.18842836332637,"33","Male","ambidextrous",1,1,0,0,FALSE,"E_F_Jennifer_Saunders.png P_M_Tony_Blair.png"
3312,"E_M_Jimmy_Carr.png","E_M_Simon_Pegg.png","TRUE","pictures/stimuli/E","pictures/stimuli/E","M","M","1","614afe29d2edbc484f004cc6","06/30/2022, 12:02:23",-1.48061878835224,"33","Male","ambidextrous",1,1,0,0,FALSE,"E_M_Jimmy_Carr.png E_M_Simon_Pegg.png"
5615,"P_F_Theresa_May.png","P_M_Sajid_Javid.png","TRUE","pictures/stimuli/P","pictures/stimuli/P","F","M","1","614afe29d2edbc484f004cc6","06/30/2022, 12:02:23",-1.48061878835224,"33","Male","ambidextrous",1,1,0,0,FALSE,"P_F_Theresa_May.png P_M_Sajid_Javid.png"
6033,"E_M_Michael_McIntyr.png","P_F_Theresa_May.png","FALSE","pictures/stimuli/E","pictures/stimuli/P","M","F","5","614afe29d2edbc484f004cc6","06/30/2022, 12:02:23",0.654618932990648,"33","Male","ambidextrous",1,1,0,0,FALSE,"E_M_Michael_McIntyr.png P_F_Theresa_May.png"
3851,"E_M_Simon_Pegg.png","P_M_keir_starmer.png","FALSE","pictures/stimuli/E","pictures/stimuli/P","M","M","6","614afe29d2edbc484f004cc6","06/30/2022, 12:02:23",1.18842836332637,"33","Male","ambidextrous",1,1,0,0,FALSE,"E_M_Simon_Pegg.png P_M_keir_starmer.png"
4244,"E_F_Dawn_Roma_French.png","E_F_Julie_Walters.png","TRUE","pictures/stimuli/E","pictures/stimuli/E","F","F","1","614afe29d2edbc484f004cc6","06/30/2022, 12:02:23",-1.48061878835224,"33","Male","ambidextrous",1,1,0,0,FALSE,"E_F_Dawn_Roma_French.png E_F_Julie_Walters.png"
5274,"E_M_Russell_Howard.png","P_M_keir_starmer.png","FALSE","pictures/stimuli/E","pictures/stimuli/P","M","M","4","614afe29d2edbc484f004cc6","06/30/2022, 12:02:23",0.120809502654926,"33","Male","ambidextrous",1,1,0,0,FALSE,"E_M_Russell_Howard.png P_M_keir_starmer.png"
2932,"P_M_david_camer.png","P_M_nigel_farage.png","TRUE","pictures/stimuli/P","pictures/stimuli/P","M","M","3","614afe29d2edbc484f004cc6","06/30/2022, 12:02:23",-0.412999927680795,"33","Male","ambidextrous",1,1,0,0,FALSE,"P_M_david_camer.png P_M_nigel_farage.png"
4501,"E_M_Michael_McIntyr.png","P_M_nigel_farage.png","FALSE","pictures/stimuli/E","pictures/stimuli/P","M","M","6","614afe29d2edbc484f004cc6","06/30/2022, 12:02:23",1.18842836332637,"33","Male","ambidextrous",1,1,0,0,FALSE,"E_M_Michael_McIntyr.png P_M_nigel_farage.png"
3961,"E_F_Julie_Walters.png","P_M_Sajid_Javid.png","FALSE","pictures/stimuli/E","pictures/stimuli/P","F","M","6","614afe29d2edbc484f004cc6","06/30/2022, 12:02:23",1.18842836332637,"33","Male","ambidextrous",1,1,0,0,FALSE,"E_F_Julie_Walters.png P_M_Sajid_Javid.png"
4133,"E_F_Jennifer_Saunders.png","E_F_Sarah_Millican.png","TRUE","pictures/stimuli/E","pictures/stimuli/E","F","F","1","614afe29d2edbc484f004cc6","06/30/2022, 12:02:23",-1.48061878835224,"33","Male","ambidextrous",1,1,0,0,FALSE,"E_F_Jennifer_Saunders.png E_F_Sarah_Millican.png"
4561,"E_F_Sarah_Millican.png","E_M_Peter_Kay.png","TRUE","pictures/stimuli/E","pictures/stimuli/E","F","M","2","614afe29d2edbc484f004cc6","06/30/2022, 12:02:23",-0.946809358016516,"33","Male","ambidextrous",1,1,0,0,FALSE,"E_F_Sarah_Millican.png E_M_Peter_Kay.png"
6868,"P_F_Theresa_May.png","P_M_david_camer.png","TRUE","pictures/stimuli/P","pictures/stimuli/P","F","M","1","614afe29d2edbc484f004cc6","06/30/2022, 12:02:23",-1.48061878835224,"33","Male","ambidextrous",1,1,0,0,FALSE,"P_F_Theresa_May.png P_M_david_camer.png"
3656,"E_M_Michael_McIntyr.png","E_M_Simon_Pegg.png","TRUE","pictures/stimuli/E","pictures/stimuli/E","M","M","1","614afe29d2edbc484f004cc6","06/30/2022, 12:02:23",-1.48061878835224,"33","Male","ambidextrous",1,1,0,0,FALSE,"E_M_Michael_McIntyr.png E_M_Simon_Pegg.png"
2957,"P_M_Gordon_Brown.png","P_M_Tony_Blair.png","TRUE","pictures/stimuli/P","pictures/stimuli/P","M","M","1","614afe29d2edbc484f004cc6","06/30/2022, 12:02:23",-1.48061878835224,"33","Male","ambidextrous",1,1,0,0,FALSE,"P_M_Gordon_Brown.png P_M_Tony_Blair.png"
2700,"E_F_Jennifer_Saunders.png","E_F_Julie_Walters.png","TRUE","pictures/stimuli/E","pictures/stimuli/E","F","F","1","614afe29d2edbc484f004cc6","06/30/2022, 12:02:23",-1.48061878835224,"33","Male","ambidextrous",1,1,0,0,FALSE,"E_F_Jennifer_Saunders.png E_F_Julie_Walters.png"
4711,"E_F_Jennifer_Saunders.png","E_M_Simon_Pegg.png","TRUE","pictures/stimuli/E","pictures/stimuli/E","F","M","2","614afe29d2edbc484f004cc6","06/30/2022, 12:02:23",-0.946809358016516,"33","Male","ambidextrous",1,1,0,0,FALSE,"E_F_Jennifer_Saunders.png E_M_Simon_Pegg.png"
3545,"E_M_Peter_Kay.png","P_M_nigel_farage.png","FALSE","pictures/stimuli/E","pictures/stimuli/P","M","M","6","614afe29d2edbc484f004cc6","06/30/2022, 12:02:23",1.18842836332637,"33","Male","ambidextrous",1,1,0,0,FALSE,"E_M_Peter_Kay.png P_M_nigel_farage.png"
4970,"P_F_Theresa_May.png","P_M_Gordon_Brown.png","TRUE","pictures/stimuli/P","pictures/stimuli/P","F","M","2","614afe29d2edbc484f004cc6","06/30/2022, 12:02:23",-0.946809358016516,"33","Male","ambidextrous",1,1,0,0,FALSE,"P_F_Theresa_May.png P_M_Gordon_Brown.png"
3227,"E_F_Julie_Walters.png","E_M_Simon_Pegg.png","TRUE","pictures/stimuli/E","pictures/stimuli/E","F","M","2","614afe29d2edbc484f004cc6","06/30/2022, 12:02:23",-0.946809358016516,"33","Male","ambidextrous",1,1,0,0,FALSE,"E_F_Julie_Walters.png E_M_Simon_Pegg.png"
3693,"E_F_Sarah_Millican.png","P_M_jeremy_corbyn.png","FALSE","pictures/stimuli/E","pictures/stimuli/P","F","M","6","614afe29d2edbc484f004cc6","06/30/2022, 12:02:23",1.18842836332637,"33","Male","ambidextrous",1,1,0,0,FALSE,"E_F_Sarah_Millican.png P_M_jeremy_corbyn.png"
3301,"E_M_Russell_Howard.png","P_M_nigel_farage.png","FALSE","pictures/stimuli/E","pictures/stimuli/P","M","M","6","614afe29d2edbc484f004cc6","06/30/2022, 12:02:23",1.18842836332637,"33","Male","ambidextrous",1,1,0,0,FALSE,"E_M_Russell_Howard.png P_M_nigel_farage.png"
3119,"E_M_Simon_Pegg.png","P_M_Gordon_Brown.png","FALSE","pictures/stimuli/E","pictures/stimuli/P","M","M","6","614afe29d2edbc484f004cc6","06/30/2022, 12:02:23",1.18842836332637,"33","Male","ambidextrous",1,1,0,0,FALSE,"E_M_Simon_Pegg.png P_M_Gordon_Brown.png"
4796,"E_M_Jimmy_Carr.png","P_M_nigel_farage.png","FALSE","pictures/stimuli/E","pictures/stimuli/P","M","M","6","614afe29d2edbc484f004cc6","06/30/2022, 12:02:23",1.18842836332637,"33","Male","ambidextrous",1,1,0,0,FALSE,"E_M_Jimmy_Carr.png P_M_nigel_farage.png"
34671,"P_F_nicola_sturge.png","P_M_Sajid_Javid.png","TRUE","pictures/stimuli/P","pictures/stimuli/P","F","M","2","614afe29d2edbc484f004cc6","06/30/2022, 12:02:23",-0.946809358016516,"33","Male","ambidextrous",1,1,0,0,TRUE,"P_F_nicola_sturge.png P_M_Sajid_Javid.png"
2873,"E_M_Michael_McIntyr.png","P_M_keir_starmer.png","FALSE","pictures/stimuli/E","pictures/stimuli/P","M","M","6","614afe29d2edbc484f004cc6","06/30/2022, 12:02:23",1.18842836332637,"33","Male","ambidextrous",1,1,0,0,FALSE,"E_M_Michael_McIntyr.png P_M_keir_starmer.png"
4659,"E_F_Jennifer_Saunders.png","E_M_Michael_McIntyr.png","TRUE","pictures/stimuli/E","pictures/stimuli/E","F","M","1","614afe29d2edbc484f004cc6","06/30/2022, 12:02:23",-1.48061878835224,"33","Male","ambidextrous",1,1,0,0,FALSE,"E_F_Jennifer_Saunders.png E_M_Michael_McIntyr.png"
3789,"E_F_Julie_Walters.png","P_M_Tony_Blair.png","FALSE","pictures/stimuli/E","pictures/stimuli/P","F","M","6","614afe29d2edbc484f004cc6","06/30/2022, 12:02:23",1.18842836332637,"33","Male","ambidextrous",1,1,0,0,FALSE,"E_F_Julie_Walters.png P_M_Tony_Blair.png"
3644,"E_F_Sarah_Millican.png","P_M_nigel_farage.png","FALSE","pictures/stimuli/E","pictures/stimuli/P","F","M","6","614afe29d2edbc484f004cc6","06/30/2022, 12:02:23",1.18842836332637,"33","Male","ambidextrous",1,1,0,0,FALSE,"E_F_Sarah_Millican.png P_M_nigel_farage.png"
3373,"E_F_Dawn_Roma_French.png","P_M_Sajid_Javid.png","FALSE","pictures/stimuli/E","pictures/stimuli/P","F","M","6","614afe29d2edbc484f004cc6","06/30/2022, 12:02:23",1.18842836332637,"33","Male","ambidextrous",1,1,0,0,FALSE,"E_F_Dawn_Roma_French.png P_M_Sajid_Javid.png"
2491,"E_M_Jimmy_Carr.png","E_M_Russell_Howard.png","TRUE","pictures/stimuli/E","pictures/stimuli/E","M","M","1","614afe29d2edbc484f004cc6","06/30/2022, 12:02:23",-1.48061878835224,"33","Male","ambidextrous",1,1,0,0,FALSE,"E_M_Jimmy_Carr.png E_M_Russell_Howard.png"
3239,"E_M_Russell_Howard.png","P_F_Theresa_May.png","FALSE","pictures/stimuli/E","pictures/stimuli/P","M","F","5","614afe29d2edbc484f004cc6","06/30/2022, 12:02:23",0.654618932990648,"33","Male","ambidextrous",1,1,0,0,FALSE,"E_M_Russell_Howard.png P_F_Theresa_May.png"
5778,"P_F_nicola_sturge.png","P_M_Gordon_Brown.png","TRUE","pictures/stimuli/P","pictures/stimuli/P","F","M","1","614afe29d2edbc484f004cc6","06/30/2022, 12:02:23",-1.48061878835224,"33","Male","ambidextrous",1,1,0,0,FALSE,"P_F_nicola_sturge.png P_M_Gordon_Brown.png"
4381,"E_M_Peter_Kay.png","P_M_Sajid_Javid.png","FALSE","pictures/stimuli/E","pictures/stimuli/P","M","M","6","614afe29d2edbc484f004cc6","06/30/2022, 12:02:23",1.18842836332637,"33","Male","ambidextrous",1,1,0,0,FALSE,"E_M_Peter_Kay.png P_M_Sajid_Javid.png"
4880,"E_M_Ewan_McGregor.png","P_M_Michael_Gove.png","FALSE","pictures/stimuli/E","pictures/stimuli/P","M","M","4","614afe29d2edbc484f004cc6","06/30/2022, 12:02:23",0.120809502654926,"33","Male","ambidextrous",1,1,0,0,FALSE,"E_M_Ewan_McGregor.png P_M_Michael_Gove.png"
3401,"E_F_Jennifer_Saunders.png","E_M_Jimmy_Carr.png","TRUE","pictures/stimuli/E","pictures/stimuli/E","F","M","2","614afe29d2edbc484f004cc6","06/30/2022, 12:02:23",-0.946809358016516,"33","Male","ambidextrous",1,1,0,0,FALSE,"E_F_Jennifer_Saunders.png E_M_Jimmy_Carr.png"
6609,"E_M_Ewan_McGregor.png","E_M_Simon_Pegg.png","TRUE","pictures/stimuli/E","pictures/stimuli/E","M","M","3","614afe29d2edbc484f004cc6","06/30/2022, 12:02:23",-0.412999927680795,"33","Male","ambidextrous",1,1,0,0,FALSE,"E_M_Ewan_McGregor.png E_M_Simon_Pegg.png"
4061,"E_M_Michael_McIntyr.png","P_M_Tony_Blair.png","FALSE","pictures/stimuli/E","pictures/stimuli/P","M","M","4","614afe29d2edbc484f004cc6","06/30/2022, 12:02:23",0.120809502654926,"33","Male","ambidextrous",1,1,0,0,FALSE,"E_M_Michael_McIntyr.png P_M_Tony_Blair.png"
4720,"E_F_Dawn_Roma_French.png","P_M_Michael_Gove.png","FALSE","pictures/stimuli/E","pictures/stimuli/P","F","M","5","614afe29d2edbc484f004cc6","06/30/2022, 12:02:23",0.654618932990648,"33","Male","ambidextrous",1,1,0,0,FALSE,"E_F_Dawn_Roma_French.png P_M_Michael_Gove.png"
5187,"P_M_Michael_Gove.png","P_M_Sajid_Javid.png","TRUE","pictures/stimuli/P","pictures/stimuli/P","M","M","1","614afe29d2edbc484f004cc6","06/30/2022, 12:02:23",-1.48061878835224,"33","Male","ambidextrous",1,1,0,0,FALSE,"P_M_Michael_Gove.png P_M_Sajid_Javid.png"
4097,"P_F_Theresa_May.png","P_M_jeremy_corbyn.png","TRUE","pictures/stimuli/P","pictures/stimuli/P","F","M","3","614afe29d2edbc484f004cc6","06/30/2022, 12:02:23",-0.412999927680795,"33","Male","ambidextrous",1,1,0,0,FALSE,"P_F_Theresa_May.png P_M_jeremy_corbyn.png"
3031,"E_F_Sarah_Millican.png","E_M_Simon_Pegg.png","TRUE","pictures/stimuli/E","pictures/stimuli/E","F","M","2","614afe29d2edbc484f004cc6","06/30/2022, 12:02:23",-0.946809358016516,"33","Male","ambidextrous",1,1,0,0,FALSE,"E_F_Sarah_Millican.png E_M_Simon_Pegg.png"
3730,"E_F_Sarah_Millican.png","E_M_Russell_Howard.png","TRUE","pictures/stimuli/E","pictures/stimuli/E","F","M","2","614afe29d2edbc484f004cc6","06/30/2022, 12:02:23",-0.946809358016516,"33","Male","ambidextrous",1,1,0,0,FALSE,"E_F_Sarah_Millican.png E_M_Russell_Howard.png"
5434,"P_F_Theresa_May.png","P_M_keir_starmer.png","TRUE","pictures/stimuli/P","pictures/stimuli/P","F","M","2","614afe29d2edbc484f004cc6","06/30/2022, 12:02:23",-0.946809358016516,"33","Male","ambidextrous",1,1,0,0,FALSE,"P_F_Theresa_May.png P_M_keir_starmer.png"
10629,"E_M_Russell_Howard.png","P_M_Michael_Gove.png","FALSE","pictures/stimuli/E","pictures/stimuli/P","M","M","4","614afe29d2edbc484f004cc6","06/30/2022, 12:02:23",0.120809502654926,"33","Male","ambidextrous",1,1,0,0,FALSE,"E_M_Russell_Howard.png P_M_Michael_Gove.png"
2737,"E_M_Jimmy_Carr.png","E_M_Michael_McIntyr.png","TRUE","pictures/stimuli/E","pictures/stimuli/E","M","M","1","614afe29d2edbc484f004cc6","06/30/2022, 12:02:23",-1.48061878835224,"33","Male","ambidextrous",1,1,0,0,FALSE,"E_M_Jimmy_Carr.png E_M_Michael_McIntyr.png"
3926,"P_M_Gordon_Brown.png","P_M_keir_starmer.png","TRUE","pictures/stimuli/P","pictures/stimuli/P","M","M","1","614afe29d2edbc484f004cc6","06/30/2022, 12:02:23",-1.48061878835224,"33","Male","ambidextrous",1,1,0,0,FALSE,"P_M_Gordon_Brown.png P_M_keir_starmer.png"
3496,"E_M_Ewan_McGregor.png","P_M_Sajid_Javid.png","FALSE","pictures/stimuli/E","pictures/stimuli/P","M","M","4","614afe29d2edbc484f004cc6","06/30/2022, 12:02:23",0.120809502654926,"33","Male","ambidextrous",1,1,0,0,FALSE,"E_M_Ewan_McGregor.png P_M_Sajid_Javid.png"
2222,"P_M_david_camer.png","P_M_Tony_Blair.png","TRUE","pictures/stimuli/P","pictures/stimuli/P","M","M","2","614afe29d2edbc484f004cc6","06/30/2022, 12:02:23",-0.946809358016516,"33","Male","ambidextrous",1,1,0,0,FALSE,"P_M_david_camer.png P_M_Tony_Blair.png"
3311,"E_F_Sarah_Millican.png","P_M_Sajid_Javid.png","FALSE","pictures/stimuli/E","pictures/stimuli/P","F","M","6","614afe29d2edbc484f004cc6","06/30/2022, 12:02:23",1.18842836332637,"33","Male","ambidextrous",1,1,0,0,FALSE,"E_F_Sarah_Millican.png P_M_Sajid_Javid.png"
3854,"P_M_nigel_farage.png","P_M_Sajid_Javid.png","TRUE","pictures/stimuli/P","pictures/stimuli/P","M","M","4","614afe29d2edbc484f004cc6","06/30/2022, 12:02:23",0.120809502654926,"33","Male","ambidextrous",1,1,0,0,FALSE,"P_M_nigel_farage.png P_M_Sajid_Javid.png"
4365,"E_M_Peter_Kay.png","E_M_Simon_Pegg.png","TRUE","pictures/stimuli/E","pictures/stimuli/E","M","M","2","614afe29d2edbc484f004cc6","06/30/2022, 12:02:23",-0.946809358016516,"33","Male","ambidextrous",1,1,0,0,FALSE,"E_M_Peter_Kay.png E_M_Simon_Pegg.png"
3572,"E_M_Russell_Howard.png","P_M_Tony_Blair.png","FALSE","pictures/stimuli/E","pictures/stimuli/P","M","M","4","614afe29d2edbc484f004cc6","06/30/2022, 12:02:23",0.120809502654926,"33","Male","ambidextrous",1,1,0,0,FALSE,"E_M_Russell_Howard.png P_M_Tony_Blair.png"
3827,"P_F_nicola_sturge.png","P_M_jeremy_corbyn.png","TRUE","pictures/stimuli/P","pictures/stimuli/P","F","M","1","614afe29d2edbc484f004cc6","06/30/2022, 12:02:23",-1.48061878835224,"33","Male","ambidextrous",1,1,0,0,FALSE,"P_F_nicola_sturge.png P_M_jeremy_corbyn.png"
3889,"E_M_Russell_Howard.png","P_M_Gordon_Brown.png","FALSE","pictures/stimuli/E","pictures/stimuli/P","M","M","6","614afe29d2edbc484f004cc6","06/30/2022, 12:02:23",1.18842836332637,"33","Male","ambidextrous",1,1,0,0,FALSE,"E_M_Russell_Howard.png P_M_Gordon_Brown.png"
7776,"E_F_Sarah_Millican.png","P_M_david_camer.png","FALSE","pictures/stimuli/E","pictures/stimuli/P","F","M","6","614afe29d2edbc484f004cc6","06/30/2022, 12:02:23",1.18842836332637,"33","Male","ambidextrous",1,1,0,0,FALSE,"E_F_Sarah_Millican.png P_M_david_camer.png"
3179,"P_M_Gordon_Brown.png","P_M_jeremy_corbyn.png","TRUE","pictures/stimuli/P","pictures/stimuli/P","M","M","1","614afe29d2edbc484f004cc6","06/30/2022, 12:02:23",-1.48061878835224,"33","Male","ambidextrous",1,1,0,0,FALSE,"P_M_Gordon_Brown.png P_M_jeremy_corbyn.png"
3718,"E_F_Julie_Walters.png","E_M_Peter_Kay.png","TRUE","pictures/stimuli/E","pictures/stimuli/E","F","M","2","614afe29d2edbc484f004cc6","06/30/2022, 12:02:23",-0.946809358016516,"33","Male","ambidextrous",1,1,0,0,FALSE,"E_F_Julie_Walters.png E_M_Peter_Kay.png"
2553,"E_M_Michael_McIntyr.png","P_M_david_camer.png","FALSE","pictures/stimuli/E","pictures/stimuli/P","M","M","3","614afe29d2edbc484f004cc6","06/30/2022, 12:02:23",-0.412999927680795,"33","Male","ambidextrous",1,1,0,0,FALSE,"E_M_Michael_McIntyr.png P_M_david_camer.png"
2995,"E_F_Dawn_Roma_French.png","P_M_Tony_Blair.png","FALSE","pictures/stimuli/E","pictures/stimuli/P","F","M","5","614afe29d2edbc484f004cc6","06/30/2022, 12:02:23",0.654618932990648,"33","Male","ambidextrous",1,1,0,0,FALSE,"E_F_Dawn_Roma_French.png P_M_Tony_Blair.png"
3728,"E_F_Dawn_Roma_French.png","P_F_Theresa_May.png","FALSE","pictures/stimuli/E","pictures/stimuli/P","F","F","5","614afe29d2edbc484f004cc6","06/30/2022, 12:02:23",0.654618932990648,"33","Male","ambidextrous",1,1,0,0,FALSE,"E_F_Dawn_Roma_French.png P_F_Theresa_May.png"
3129,"E_M_Ewan_McGregor.png","P_M_Gordon_Brown.png","FALSE","pictures/stimuli/E","pictures/stimuli/P","M","M","5","614afe29d2edbc484f004cc6","06/30/2022, 12:02:23",0.654618932990648,"33","Male","ambidextrous",1,1,0,0,FALSE,"E_M_Ewan_McGregor.png P_M_Gordon_Brown.png"
2774,"E_F_Jennifer_Saunders.png","P_F_nicola_sturge.png","FALSE","pictures/stimuli/E","pictures/stimuli/P","F","F","5","614afe29d2edbc484f004cc6","06/30/2022, 12:02:23",0.654618932990648,"33","Male","ambidextrous",1,1,0,0,FALSE,"E_F_Jennifer_Saunders.png P_F_nicola_sturge.png"
2946,"E_F_Julie_Walters.png","P_M_jeremy_corbyn.png","FALSE","pictures/stimuli/E","pictures/stimuli/P","F","M","5","614afe29d2edbc484f004cc6","06/30/2022, 12:02:23",0.654618932990648,"33","Male","ambidextrous",1,1,0,0,FALSE,"E_F_Julie_Walters.png P_M_jeremy_corbyn.png"
3705,"E_F_Dawn_Roma_French.png","E_M_Jimmy_Carr.png","TRUE","pictures/stimuli/E","pictures/stimuli/E","F","M","2","614afe29d2edbc484f004cc6","06/30/2022, 12:02:23",-0.946809358016516,"33","Male","ambidextrous",1,1,0,0,FALSE,"E_F_Dawn_Roma_French.png E_M_Jimmy_Carr.png"
3302,"E_F_Jennifer_Saunders.png","P_M_nigel_farage.png","FALSE","pictures/stimuli/E","pictures/stimuli/P","F","M","6","614afe29d2edbc484f004cc6","06/30/2022, 12:02:23",1.18842836332637,"33","Male","ambidextrous",1,1,0,0,FALSE,"E_F_Jennifer_Saunders.png P_M_nigel_farage.png"
2626,"E_M_Jimmy_Carr.png","P_M_david_camer.png","FALSE","pictures/stimuli/E","pictures/stimuli/P","M","M","5","614afe29d2edbc484f004cc6","06/30/2022, 12:02:23",0.654618932990648,"33","Male","ambidextrous",1,1,0,0,FALSE,"E_M_Jimmy_Carr.png P_M_david_camer.png"
2675,"E_F_Jennifer_Saunders.png","P_F_Theresa_May.png","FALSE","pictures/stimuli/E","pictures/stimuli/P","F","F","5","614afe29d2edbc484f004cc6","06/30/2022, 12:02:23",0.654618932990648,"33","Male","ambidextrous",1,1,0,0,FALSE,"E_F_Jennifer_Saunders.png P_F_Theresa_May.png"
3828,"E_M_Peter_Kay.png","P_M_jeremy_corbyn.png","FALSE","pictures/stimuli/E","pictures/stimuli/P","M","M","6","614afe29d2edbc484f004cc6","06/30/2022, 12:02:23",1.18842836332637,"33","Male","ambidextrous",1,1,0,0,FALSE,"E_M_Peter_Kay.png P_M_jeremy_corbyn.png"
2897,"P_F_Theresa_May.png","P_M_Michael_Gove.png","TRUE","pictures/stimuli/P","pictures/stimuli/P","F","M","1","614afe29d2edbc484f004cc6","06/30/2022, 12:02:23",-1.48061878835224,"33","Male","ambidextrous",1,1,0,0,FALSE,"P_F_Theresa_May.png P_M_Michael_Gove.png"
2823,"E_F_Julie_Walters.png","P_F_Theresa_May.png","FALSE","pictures/stimuli/E","pictures/stimuli/P","F","F","5","614afe29d2edbc484f004cc6","06/30/2022, 12:02:23",0.654618932990648,"33","Male","ambidextrous",1,1,0,0,FALSE,"E_F_Julie_Walters.png P_F_Theresa_May.png"
2970,"E_M_Russell_Howard.png","P_M_Sajid_Javid.png","FALSE","pictures/stimuli/E","pictures/stimuli/P","M","M","5","614afe29d2edbc484f004cc6","06/30/2022, 12:02:23",0.654618932990648,"33","Male","ambidextrous",1,1,0,0,FALSE,"E_M_Russell_Howard.png P_M_Sajid_Javid.png"
2613,"P_F_Theresa_May.png","P_M_Tony_Blair.png","TRUE","pictures/stimuli/P","pictures/stimuli/P","F","M","2","614afe29d2edbc484f004cc6","06/30/2022, 12:02:23",-0.946809358016516,"33","Male","ambidextrous",1,1,0,0,FALSE,"P_F_Theresa_May.png P_M_Tony_Blair.png"
3854,"E_F_Jennifer_Saunders.png","E_M_Russell_Howard.png","TRUE","pictures/stimuli/E","pictures/stimuli/E","F","M","2","614afe29d2edbc484f004cc6","06/30/2022, 12:02:23",-0.946809358016516,"33","Male","ambidextrous",1,1,0,0,FALSE,"E_F_Jennifer_Saunders.png E_M_Russell_Howard.png"
2638,"E_F_Dawn_Roma_French.png","E_F_Sarah_Millican.png","TRUE","pictures/stimuli/E","pictures/stimuli/E","F","F","1","614afe29d2edbc484f004cc6","06/30/2022, 12:02:23",-1.48061878835224,"33","Male","ambidextrous",1,1,0,0,FALSE,"E_F_Dawn_Roma_French.png E_F_Sarah_Millican.png"
4944,"P_M_Michael_Gove.png","P_M_nigel_farage.png","TRUE","pictures/stimuli/P","pictures/stimuli/P","M","M","3","614afe29d2edbc484f004cc6","06/30/2022, 12:02:23",-0.412999927680795,"33","Male","ambidextrous",1,1,0,0,FALSE,"P_M_Michael_Gove.png P_M_nigel_farage.png"
4146,"P_M_keir_starmer.png","P_M_Sajid_Javid.png","TRUE","pictures/stimuli/P","pictures/stimuli/P","M","M","2","614afe29d2edbc484f004cc6","06/30/2022, 12:02:23",-0.946809358016516,"33","Male","ambidextrous",1,1,0,0,FALSE,"P_M_keir_starmer.png P_M_Sajid_Javid.png"
3044,"E_M_Jimmy_Carr.png","P_M_Tony_Blair.png","FALSE","pictures/stimuli/E","pictures/stimuli/P","M","M","5","614afe29d2edbc484f004cc6","06/30/2022, 12:02:23",0.654618932990648,"33","Male","ambidextrous",1,1,0,0,FALSE,"E_M_Jimmy_Carr.png P_M_Tony_Blair.png"
4258,"E_F_Julie_Walters.png","P_M_Gordon_Brown.png","FALSE","pictures/stimuli/E","pictures/stimuli/P","F","M","6","614afe29d2edbc484f004cc6","06/30/2022, 12:02:23",1.18842836332637,"33","Male","ambidextrous",1,1,0,0,FALSE,"E_F_Julie_Walters.png P_M_Gordon_Brown.png"
4233,"E_F_Jennifer_Saunders.png","P_M_Michael_Gove.png","FALSE","pictures/stimuli/E","pictures/stimuli/P","F","M","5","614afe29d2edbc484f004cc6","06/30/2022, 12:02:23",0.654618932990648,"33","Male","ambidextrous",1,1,0,0,FALSE,"E_F_Jennifer_Saunders.png P_M_Michael_Gove.png"
5054,"E_F_Sarah_Millican.png","E_M_Ewan_McGregor.png","TRUE","pictures/stimuli/E","pictures/stimuli/E","F","M","3","614afe29d2edbc484f004cc6","06/30/2022, 12:02:23",-0.412999927680795,"33","Male","ambidextrous",1,1,0,0,FALSE,"E_F_Sarah_Millican.png E_M_Ewan_McGregor.png"
3104,"E_F_Dawn_Roma_French.png","E_M_Russell_Howard.png","TRUE","pictures/stimuli/E","pictures/stimuli/E","F","M","2","614afe29d2edbc484f004cc6","06/30/2022, 12:02:23",-0.946809358016516,"33","Male","ambidextrous",1,1,0,0,FALSE,"E_F_Dawn_Roma_French.png E_M_Russell_Howard.png"
3829,"E_F_Dawn_Roma_French.png","E_M_Simon_Pegg.png","TRUE","pictures/stimuli/E","pictures/stimuli/E","F","M","2","614afe29d2edbc484f004cc6","06/30/2022, 12:02:23",-0.946809358016516,"33","Male","ambidextrous",1,1,0,0,FALSE,"E_F_Dawn_Roma_French.png E_M_Simon_Pegg.png"
3790,"E_M_Jimmy_Carr.png","P_M_Gordon_Brown.png","FALSE","pictures/stimuli/E","pictures/stimuli/P","M","M","5","614afe29d2edbc484f004cc6","06/30/2022, 12:02:23",0.654618932990648,"33","Male","ambidextrous",1,1,0,0,FALSE,"E_M_Jimmy_Carr.png P_M_Gordon_Brown.png"
4087,"E_M_Russell_Howard.png","P_M_david_camer.png","FALSE","pictures/stimuli/E","pictures/stimuli/P","M","M","5","614afe29d2edbc484f004cc6","06/30/2022, 12:02:23",0.654618932990648,"33","Male","ambidextrous",1,1,0,0,FALSE,"E_M_Russell_Howard.png P_M_david_camer.png"
5727,"E_M_Ewan_McGregor.png","P_F_Theresa_May.png","FALSE","pictures/stimuli/E","pictures/stimuli/P","M","F","6","614afe29d2edbc484f004cc6","06/30/2022, 12:02:23",1.18842836332637,"33","Male","ambidextrous",1,1,0,0,FALSE,"E_M_Ewan_McGregor.png P_F_Theresa_May.png"
3231,"E_F_Dawn_Roma_French.png","P_M_david_camer.png","FALSE","pictures/stimuli/E","pictures/stimuli/P","F","M","6","614afe29d2edbc484f004cc6","06/30/2022, 12:02:23",1.18842836332637,"33","Male","ambidextrous",1,1,0,0,FALSE,"E_F_Dawn_Roma_French.png P_M_david_camer.png"
3044,"E_M_Jimmy_Carr.png","P_M_Sajid_Javid.png","FALSE","pictures/stimuli/E","pictures/stimuli/P","M","M","6","614afe29d2edbc484f004cc6","06/30/2022, 12:02:23",1.18842836332637,"33","Male","ambidextrous",1,1,0,0,FALSE,"E_M_Jimmy_Carr.png P_M_Sajid_Javid.png"
3045,"E_F_Julie_Walters.png","P_F_nicola_sturge.png","FALSE","pictures/stimuli/E","pictures/stimuli/P","F","F","5","614afe29d2edbc484f004cc6","06/30/2022, 12:02:23",0.654618932990648,"33","Male","ambidextrous",1,1,0,0,FALSE,"E_F_Julie_Walters.png P_F_nicola_sturge.png"
2737,"E_M_Peter_Kay.png","P_M_Gordon_Brown.png","FALSE","pictures/stimuli/E","pictures/stimuli/P","M","M","5","614afe29d2edbc484f004cc6","06/30/2022, 12:02:23",0.654618932990648,"33","Male","ambidextrous",1,1,0,0,FALSE,"E_M_Peter_Kay.png P_M_Gordon_Brown.png"
2235,"E_F_Dawn_Roma_French.png","P_M_nigel_farage.png","FALSE","pictures/stimuli/E","pictures/stimuli/P","F","M","6","614afe29d2edbc484f004cc6","06/30/2022, 12:02:23",1.18842836332637,"33","Male","ambidextrous",1,1,0,0,FALSE,"E_F_Dawn_Roma_French.png P_M_nigel_farage.png"
12704,"E_F_Julie_Walters.png","P_M_david_camer.png","FALSE","pictures/stimuli/E","pictures/stimuli/P","F","M","6","614afe29d2edbc484f004cc6","06/30/2022, 12:02:23",1.18842836332637,"33","Male","ambidextrous",1,1,0,0,FALSE,"E_F_Julie_Walters.png P_M_david_camer.png"
4824,"E_M_Ewan_McGregor.png","P_M_keir_starmer.png","FALSE","pictures/stimuli/E","pictures/stimuli/P","M","M","4","614afe29d2edbc484f004cc6","06/30/2022, 12:02:23",0.120809502654926,"33","Male","ambidextrous",1,1,0,0,FALSE,"E_M_Ewan_McGregor.png P_M_keir_starmer.png"
2602,"E_F_Dawn_Roma_French.png","P_M_jeremy_corbyn.png","FALSE","pictures/stimuli/E","pictures/stimuli/P","F","M","6","614afe29d2edbc484f004cc6","06/30/2022, 12:02:23",1.18842836332637,"33","Male","ambidextrous",1,1,0,0,FALSE,"E_F_Dawn_Roma_French.png P_M_jeremy_corbyn.png"
3965,"P_M_david_camer.png","P_M_jeremy_corbyn.png","TRUE","pictures/stimuli/P","pictures/stimuli/P","M","M","3","614afe29d2edbc484f004cc6","06/30/2022, 12:02:23",-0.412999927680795,"33","Male","ambidextrous",1,1,0,0,FALSE,"P_M_david_camer.png P_M_jeremy_corbyn.png"
5497,"E_M_Ewan_McGregor.png","P_M_david_camer.png","FALSE","pictures/stimuli/E","pictures/stimuli/P","M","M","5","614afe29d2edbc484f004cc6","06/30/2022, 12:02:23",0.654618932990648,"33","Male","ambidextrous",1,1,0,0,FALSE,"E_M_Ewan_McGregor.png P_M_david_camer.png"
3900,"E_M_Simon_Pegg.png","P_F_Theresa_May.png","FALSE","pictures/stimuli/E","pictures/stimuli/P","M","F","6","614afe29d2edbc484f004cc6","06/30/2022, 12:02:23",1.18842836332637,"33","Male","ambidextrous",1,1,0,0,FALSE,"E_M_Simon_Pegg.png P_F_Theresa_May.png"
6259,"E_F_Julie_Walters.png","E_M_Russell_Howard.png","TRUE","pictures/stimuli/E","pictures/stimuli/E","F","M","2","614afe29d2edbc484f004cc6","06/30/2022, 12:02:23",-0.946809358016516,"33","Male","ambidextrous",1,1,0,0,FALSE,"E_F_Julie_Walters.png E_M_Russell_Howard.png"
4417,"E_M_Michael_McIntyr.png","E_M_Peter_Kay.png","TRUE","pictures/stimuli/E","pictures/stimuli/E","M","M","2","614afe29d2edbc484f004cc6","06/30/2022, 12:02:23",-0.946809358016516,"33","Male","ambidextrous",1,1,0,0,FALSE,"E_M_Michael_McIntyr.png E_M_Peter_Kay.png"
6504,"E_M_Peter_Kay.png","P_F_Theresa_May.png","FALSE","pictures/stimuli/E","pictures/stimuli/P","M","F","6","614afe29d2edbc484f004cc6","06/30/2022, 12:02:23",1.18842836332637,"33","Male","ambidextrous",1,1,0,0,FALSE,"E_M_Peter_Kay.png P_F_Theresa_May.png"
4982,"P_M_Gordon_Brown.png","P_M_Michael_Gove.png","TRUE","pictures/stimuli/P","pictures/stimuli/P","M","M","6","614afe29d2edbc484f004cc6","06/30/2022, 12:02:23",1.18842836332637,"33","Male","ambidextrous",1,1,0,0,FALSE,"P_M_Gordon_Brown.png P_M_Michael_Gove.png"
2285,"P_F_nicola_sturge.png","P_M_nigel_farage.png","TRUE","pictures/stimuli/P","pictures/stimuli/P","F","M","3","614afe29d2edbc484f004cc6","06/30/2022, 12:02:23",-0.412999927680795,"33","Male","ambidextrous",1,1,0,0,FALSE,"P_F_nicola_sturge.png P_M_nigel_farage.png"
2542,"E_F_Jennifer_Saunders.png","E_M_Ewan_McGregor.png","TRUE","pictures/stimuli/E","pictures/stimuli/E","F","M","2","614afe29d2edbc484f004cc6","06/30/2022, 12:02:23",-0.946809358016516,"33","Male","ambidextrous",1,1,0,0,FALSE,"E_F_Jennifer_Saunders.png E_M_Ewan_McGregor.png"
3462,"E_M_Ewan_McGregor.png","P_M_jeremy_corbyn.png","FALSE","pictures/stimuli/E","pictures/stimuli/P","M","M","5","614afe29d2edbc484f004cc6","06/30/2022, 12:02:23",0.654618932990648,"33","Male","ambidextrous",1,1,0,0,FALSE,"E_M_Ewan_McGregor.png P_M_jeremy_corbyn.png"
3240,"E_M_Ewan_McGregor.png","E_M_Jimmy_Carr.png","TRUE","pictures/stimuli/E","pictures/stimuli/E","M","M","2","614afe29d2edbc484f004cc6","06/30/2022, 12:02:23",-0.946809358016516,"33","Male","ambidextrous",1,1,0,0,FALSE,"E_M_Ewan_McGregor.png E_M_Jimmy_Carr.png"
3474,"P_F_nicola_sturge.png","P_M_Tony_Blair.png","TRUE","pictures/stimuli/P","pictures/stimuli/P","F","M","2","614afe29d2edbc484f004cc6","06/30/2022, 12:02:23",-0.946809358016516,"33","Male","ambidextrous",1,1,0,0,FALSE,"P_F_nicola_sturge.png P_M_Tony_Blair.png"
8635,"E_M_Michael_McIntyr.png","P_M_Gordon_Brown.png","FALSE","pictures/stimuli/E","pictures/stimuli/P","M","M","2","614afe29d2edbc484f004cc6","06/30/2022, 12:02:23",-0.946809358016516,"33","Male","ambidextrous",1,1,0,0,FALSE,"E_M_Michael_McIntyr.png P_M_Gordon_Brown.png"
7192,"E_M_Russell_Howard.png","P_M_jeremy_corbyn.png","FALSE","pictures/stimuli/E","pictures/stimuli/P","M","M","5","614afe29d2edbc484f004cc6","06/30/2022, 12:02:23",0.654618932990648,"33","Male","ambidextrous",1,1,0,0,FALSE,"E_M_Russell_Howard.png P_M_jeremy_corbyn.png"
3020,"E_F_Sarah_Millican.png","P_M_keir_starmer.png","FALSE","pictures/stimuli/E","pictures/stimuli/P","F","M","5","614afe29d2edbc484f004cc6","06/30/2022, 12:02:23",0.654618932990648,"33","Male","ambidextrous",1,1,0,0,FALSE,"E_F_Sarah_Millican.png P_M_keir_starmer.png"
3572,"E_M_Jimmy_Carr.png","P_M_keir_starmer.png","FALSE","pictures/stimuli/E","pictures/stimuli/P","M","M","5","614afe29d2edbc484f004cc6","06/30/2022, 12:02:23",0.654618932990648,"33","Male","ambidextrous",1,1,0,0,FALSE,"E_M_Jimmy_Carr.png P_M_keir_starmer.png"
3609,"E_M_Ewan_McGregor.png","E_M_Michael_McIntyr.png","TRUE","pictures/stimuli/E","pictures/stimuli/E","M","M","2","614afe29d2edbc484f004cc6","06/30/2022, 12:02:23",-0.946809358016516,"33","Male","ambidextrous",1,1,0,0,FALSE,"E_M_Ewan_McGregor.png E_M_Michael_McIntyr.png"
3632,"P_M_Sajid_Javid.png","P_M_Tony_Blair.png","TRUE","pictures/stimuli/P","pictures/stimuli/P","M","M","3","614afe29d2edbc484f004cc6","06/30/2022, 12:02:23",-0.412999927680795,"33","Male","ambidextrous",1,1,0,0,FALSE,"P_M_Sajid_Javid.png P_M_Tony_Blair.png"
3768,"E_M_Simon_Pegg.png","P_M_nigel_farage.png","FALSE","pictures/stimuli/E","pictures/stimuli/P","M","M","6","614afe29d2edbc484f004cc6","06/30/2022, 12:02:23",1.18842836332637,"33","Male","ambidextrous",1,1,0,0,FALSE,"E_M_Simon_Pegg.png P_M_nigel_farage.png"
4013,"P_M_Gordon_Brown.png","P_M_nigel_farage.png","TRUE","pictures/stimuli/P","pictures/stimuli/P","M","M","2","614afe29d2edbc484f004cc6","06/30/2022, 12:02:23",-0.946809358016516,"33","Male","ambidextrous",1,1,0,0,FALSE,"P_M_Gordon_Brown.png P_M_nigel_farage.png"
3438,"E_F_Jennifer_Saunders.png","P_M_jeremy_corbyn.png","FALSE","pictures/stimuli/E","pictures/stimuli/P","F","M","6","614afe29d2edbc484f004cc6","06/30/2022, 12:02:23",1.18842836332637,"33","Male","ambidextrous",1,1,0,0,FALSE,"E_F_Jennifer_Saunders.png P_M_jeremy_corbyn.png"
11298,"E_F_Julie_Walters.png","P_M_nigel_farage.png","FALSE","pictures/stimuli/E","pictures/stimuli/P","F","M","6","614afe29d2edbc484f004cc6","06/30/2022, 12:02:23",1.18842836332637,"33","Male","ambidextrous",1,1,0,0,FALSE,"E_F_Julie_Walters.png P_M_nigel_farage.png"
8588,"E_M_Ewan_McGregor.png","P_M_david_camer.png","FALSE","pictures/stimuli/E","pictures/stimuli/P","M","M","6","628274610bc63ba394a1082c","06/30/2022, 11:50:29",0.993446654357258,"26","Female","right",0,1,0,0,TRUE,"E_M_Ewan_McGregor.png P_M_david_camer.png"
3723,"E_F_Dawn_Roma_French.png","P_M_Michael_Gove.png","FALSE","pictures/stimuli/E","pictures/stimuli/P","F","M","6","628274610bc63ba394a1082c","06/30/2022, 11:50:29",0.993446654357258,"26","Female","right",1,1,0,0,FALSE,"E_F_Dawn_Roma_French.png P_M_Michael_Gove.png"
3494,"P_F_nicola_sturge.png","P_M_Sajid_Javid.png","TRUE","pictures/stimuli/P","pictures/stimuli/P","F","M","3","628274610bc63ba394a1082c","06/30/2022, 11:50:29",-0.429328704898111,"26","Female","right",1,1,0,0,FALSE,"P_F_nicola_sturge.png P_M_Sajid_Javid.png"
3369,"E_F_Sarah_Millican.png","E_M_Michael_McIntyr.png","TRUE","pictures/stimuli/E","pictures/stimuli/E","F","M","2","628274610bc63ba394a1082c","06/30/2022, 11:50:29",-0.903587157983234,"26","Female","right",1,1,0,0,FALSE,"E_F_Sarah_Millican.png E_M_Michael_McIntyr.png"
3788,"P_M_david_camer.png","P_M_nigel_farage.png","TRUE","pictures/stimuli/P","pictures/stimuli/P","M","M","2","628274610bc63ba394a1082c","06/30/2022, 11:50:29",-0.903587157983234,"26","Female","right",1,1,0,0,FALSE,"P_M_david_camer.png P_M_nigel_farage.png"
3619,"E_F_Jennifer_Saunders.png","P_F_nicola_sturge.png","FALSE","pictures/stimuli/E","pictures/stimuli/P","F","F","5","628274610bc63ba394a1082c","06/30/2022, 11:50:29",0.519188201272134,"26","Female","right",0,1,0,0,TRUE,"E_F_Jennifer_Saunders.png P_F_nicola_sturge.png"
2703,"P_F_nicola_sturge.png","P_M_david_camer.png","TRUE","pictures/stimuli/P","pictures/stimuli/P","F","M","2","628274610bc63ba394a1082c","06/30/2022, 11:50:29",-0.903587157983234,"26","Female","right",1,1,0,0,FALSE,"P_F_nicola_sturge.png P_M_david_camer.png"
4484,"E_F_Dawn_Roma_French.png","E_M_Ewan_McGregor.png","TRUE","pictures/stimuli/E","pictures/stimuli/E","F","M","3","628274610bc63ba394a1082c","06/30/2022, 11:50:29",-0.429328704898111,"26","Female","right",1,0,0,0,TRUE,"E_F_Dawn_Roma_French.png E_M_Ewan_McGregor.png"
2437,"E_F_Dawn_Roma_French.png","P_F_nicola_sturge.png","FALSE","pictures/stimuli/E","pictures/stimuli/P","F","F","5","628274610bc63ba394a1082c","06/30/2022, 11:50:29",0.519188201272134,"26","Female","right",1,1,0,0,FALSE,"E_F_Dawn_Roma_French.png P_F_nicola_sturge.png"
2596,"E_M_Russell_Howard.png","P_M_david_camer.png","FALSE","pictures/stimuli/E","pictures/stimuli/P","M","M","6","628274610bc63ba394a1082c","06/30/2022, 11:50:29",0.993446654357258,"26","Female","right",1,1,0,0,FALSE,"E_M_Russell_Howard.png P_M_david_camer.png"
2406,"E_F_Sarah_Millican.png","P_M_Tony_Blair.png","FALSE","pictures/stimuli/E","pictures/stimuli/P","F","M","6","628274610bc63ba394a1082c","06/30/2022, 11:50:29",0.993446654357258,"26","Female","right",1,1,0,0,FALSE,"E_F_Sarah_Millican.png P_M_Tony_Blair.png"
2439,"E_M_Jimmy_Carr.png","P_M_david_camer.png","FALSE","pictures/stimuli/E","pictures/stimuli/P","M","M","6","628274610bc63ba394a1082c","06/30/2022, 11:50:29",0.993446654357258,"26","Female","right",1,1,0,0,FALSE,"E_M_Jimmy_Carr.png P_M_david_camer.png"
2572,"E_M_Simon_Pegg.png","P_M_Michael_Gove.png","FALSE","pictures/stimuli/E","pictures/stimuli/P","M","M","6","628274610bc63ba394a1082c","06/30/2022, 11:50:29",0.993446654357258,"26","Female","right",1,1,0,0,FALSE,"E_M_Simon_Pegg.png P_M_Michael_Gove.png"
3765,"E_M_Michael_McIntyr.png","P_F_nicola_sturge.png","FALSE","pictures/stimuli/E","pictures/stimuli/P","M","F","6","628274610bc63ba394a1082c","06/30/2022, 11:50:29",0.993446654357258,"26","Female","right",1,1,0,0,FALSE,"E_M_Michael_McIntyr.png P_F_nicola_sturge.png"
2475,"E_F_Julie_Walters.png","P_F_nicola_sturge.png","FALSE","pictures/stimuli/E","pictures/stimuli/P","F","F","6","628274610bc63ba394a1082c","06/30/2022, 11:50:29",0.993446654357258,"26","Female","right",0,1,0,0,TRUE,"E_F_Julie_Walters.png P_F_nicola_sturge.png"
2935,"E_F_Sarah_Millican.png","E_M_Ewan_McGregor.png","TRUE","pictures/stimuli/E","pictures/stimuli/E","F","M","4","628274610bc63ba394a1082c","06/30/2022, 11:50:29",0.0449297481870116,"26","Female","right",1,0,0,0,TRUE,"E_F_Sarah_Millican.png E_M_Ewan_McGregor.png"
2578,"E_M_Russell_Howard.png","P_M_Sajid_Javid.png","FALSE","pictures/stimuli/E","pictures/stimuli/P","M","M","6","628274610bc63ba394a1082c","06/30/2022, 11:50:29",0.993446654357258,"26","Female","right",1,1,0,0,FALSE,"E_M_Russell_Howard.png P_M_Sajid_Javid.png"
2603,"E_M_Peter_Kay.png","P_M_keir_starmer.png","FALSE","pictures/stimuli/E","pictures/stimuli/P","M","M","6","628274610bc63ba394a1082c","06/30/2022, 11:50:29",0.993446654357258,"26","Female","right",1,1,0,0,FALSE,"E_M_Peter_Kay.png P_M_keir_starmer.png"
2359,"E_M_Ewan_McGregor.png","P_M_Michael_Gove.png","FALSE","pictures/stimuli/E","pictures/stimuli/P","M","M","6","628274610bc63ba394a1082c","06/30/2022, 11:50:29",0.993446654357258,"26","Female","right",0,1,0,0,TRUE,"E_M_Ewan_McGregor.png P_M_Michael_Gove.png"
2367,"E_F_Julie_Walters.png","E_F_Sarah_Millican.png","TRUE","pictures/stimuli/E","pictures/stimuli/E","F","F","5","628274610bc63ba394a1082c","06/30/2022, 11:50:29",0.519188201272134,"26","Female","right",0,1,0,0,TRUE,"E_F_Julie_Walters.png E_F_Sarah_Millican.png"
3062,"P_M_david_camer.png","P_M_keir_starmer.png","TRUE","pictures/stimuli/P","pictures/stimuli/P","M","M","1","628274610bc63ba394a1082c","06/30/2022, 11:50:29",-1.37784561106836,"26","Female","right",1,1,0,0,FALSE,"P_M_david_camer.png P_M_keir_starmer.png"
2239,"E_M_Russell_Howard.png","P_M_Michael_Gove.png","FALSE","pictures/stimuli/E","pictures/stimuli/P","M","M","6","628274610bc63ba394a1082c","06/30/2022, 11:50:29",0.993446654357258,"26","Female","right",1,1,0,0,FALSE,"E_M_Russell_Howard.png P_M_Michael_Gove.png"
2070,"E_F_Dawn_Roma_French.png","P_M_nigel_farage.png","FALSE","pictures/stimuli/E","pictures/stimuli/P","F","M","6","628274610bc63ba394a1082c","06/30/2022, 11:50:29",0.993446654357258,"26","Female","right",1,1,0,0,FALSE,"E_F_Dawn_Roma_French.png P_M_nigel_farage.png"
2271,"E_M_Jimmy_Carr.png","E_M_Peter_Kay.png","TRUE","pictures/stimuli/E","pictures/stimuli/E","M","M","1","628274610bc63ba394a1082c","06/30/2022, 11:50:29",-1.37784561106836,"26","Female","right",1,1,0,0,FALSE,"E_M_Jimmy_Carr.png E_M_Peter_Kay.png"
2044,"E_M_Michael_McIntyr.png","E_M_Russell_Howard.png","TRUE","pictures/stimuli/E","pictures/stimuli/E","M","M","1","628274610bc63ba394a1082c","06/30/2022, 11:50:29",-1.37784561106836,"26","Female","right",1,1,0,0,FALSE,"E_M_Michael_McIntyr.png E_M_Russell_Howard.png"
2179,"E_M_Simon_Pegg.png","P_F_Theresa_May.png","FALSE","pictures/stimuli/E","pictures/stimuli/P","M","F","6","628274610bc63ba394a1082c","06/30/2022, 11:50:29",0.993446654357258,"26","Female","right",1,1,0,0,FALSE,"E_M_Simon_Pegg.png P_F_Theresa_May.png"
2079,"E_M_Peter_Kay.png","E_M_Simon_Pegg.png","TRUE","pictures/stimuli/E","pictures/stimuli/E","M","M","1","628274610bc63ba394a1082c","06/30/2022, 11:50:29",-1.37784561106836,"26","Female","right",1,1,0,0,FALSE,"E_M_Peter_Kay.png E_M_Simon_Pegg.png"
2133,"E_F_Sarah_Millican.png","P_M_jeremy_corbyn.png","FALSE","pictures/stimuli/E","pictures/stimuli/P","F","M","6","628274610bc63ba394a1082c","06/30/2022, 11:50:29",0.993446654357258,"26","Female","right",1,1,0,0,FALSE,"E_F_Sarah_Millican.png P_M_jeremy_corbyn.png"
4067,"P_M_Gordon_Brown.png","P_M_keir_starmer.png","TRUE","pictures/stimuli/P","pictures/stimuli/P","M","M","1","628274610bc63ba394a1082c","06/30/2022, 11:50:29",-1.37784561106836,"26","Female","right",1,1,0,0,FALSE,"P_M_Gordon_Brown.png P_M_keir_starmer.png"
2271,"E_F_Jennifer_Saunders.png","E_M_Ewan_McGregor.png","TRUE","pictures/stimuli/E","pictures/stimuli/E","F","M","4","628274610bc63ba394a1082c","06/30/2022, 11:50:29",0.0449297481870116,"26","Female","right",0,0,0,0,TRUE,"E_F_Jennifer_Saunders.png E_M_Ewan_McGregor.png"
2787,"E_M_Ewan_McGregor.png","P_M_Gordon_Brown.png","FALSE","pictures/stimuli/E","pictures/stimuli/P","M","M","5","628274610bc63ba394a1082c","06/30/2022, 11:50:29",0.519188201272134,"26","Female","right",0,1,0,0,TRUE,"E_M_Ewan_McGregor.png P_M_Gordon_Brown.png"
4142,"E_F_Sarah_Millican.png","P_M_Gordon_Brown.png","FALSE","pictures/stimuli/E","pictures/stimuli/P","F","M","6","628274610bc63ba394a1082c","06/30/2022, 11:50:29",0.993446654357258,"26","Female","right",1,1,0,0,FALSE,"E_F_Sarah_Millican.png P_M_Gordon_Brown.png"
2468,"P_M_Gordon_Brown.png","P_M_Sajid_Javid.png","TRUE","pictures/stimuli/P","pictures/stimuli/P","M","M","2","628274610bc63ba394a1082c","06/30/2022, 11:50:29",-0.903587157983234,"26","Female","right",1,1,0,0,FALSE,"P_M_Gordon_Brown.png P_M_Sajid_Javid.png"
2150,"E_F_Jennifer_Saunders.png","P_M_Gordon_Brown.png","FALSE","pictures/stimuli/E","pictures/stimuli/P","F","M","5","628274610bc63ba394a1082c","06/30/2022, 11:50:29",0.519188201272134,"26","Female","right",0,1,0,0,TRUE,"E_F_Jennifer_Saunders.png P_M_Gordon_Brown.png"
1882,"E_F_Sarah_Millican.png","P_M_keir_starmer.png","FALSE","pictures/stimuli/E","pictures/stimuli/P","F","M","6","628274610bc63ba394a1082c","06/30/2022, 11:50:29",0.993446654357258,"26","Female","right",1,1,0,0,FALSE,"E_F_Sarah_Millican.png P_M_keir_starmer.png"
2238,"P_M_david_camer.png","P_M_jeremy_corbyn.png","TRUE","pictures/stimuli/P","pictures/stimuli/P","M","M","1","628274610bc63ba394a1082c","06/30/2022, 11:50:29",-1.37784561106836,"26","Female","right",1,1,0,0,FALSE,"P_M_david_camer.png P_M_jeremy_corbyn.png"
2106,"E_F_Sarah_Millican.png","P_M_Michael_Gove.png","FALSE","pictures/stimuli/E","pictures/stimuli/P","F","M","6","628274610bc63ba394a1082c","06/30/2022, 11:50:29",0.993446654357258,"26","Female","right",1,1,0,0,FALSE,"E_F_Sarah_Millican.png P_M_Michael_Gove.png"
3700,"E_M_Russell_Howard.png","P_F_Theresa_May.png","FALSE","pictures/stimuli/E","pictures/stimuli/P","M","F","6","628274610bc63ba394a1082c","06/30/2022, 11:50:29",0.993446654357258,"26","Female","right",1,1,0,0,FALSE,"E_M_Russell_Howard.png P_F_Theresa_May.png"
1796,"E_F_Julie_Walters.png","E_M_Michael_McIntyr.png","TRUE","pictures/stimuli/E","pictures/stimuli/E","F","M","5","628274610bc63ba394a1082c","06/30/2022, 11:50:29",0.519188201272134,"26","Female","right",0,1,0,0,TRUE,"E_F_Julie_Walters.png E_M_Michael_McIntyr.png"
1958,"E_F_Jennifer_Saunders.png","E_M_Simon_Pegg.png","TRUE","pictures/stimuli/E","pictures/stimuli/E","F","M","4","628274610bc63ba394a1082c","06/30/2022, 11:50:29",0.0449297481870116,"26","Female","right",0,1,0,0,TRUE,"E_F_Jennifer_Saunders.png E_M_Simon_Pegg.png"
3624,"E_F_Dawn_Roma_French.png","E_F_Sarah_Millican.png","TRUE","pictures/stimuli/E","pictures/stimuli/E","F","F","2","628274610bc63ba394a1082c","06/30/2022, 11:50:29",-0.903587157983234,"26","Female","right",1,1,0,0,FALSE,"E_F_Dawn_Roma_French.png E_F_Sarah_Millican.png"
2752,"P_F_Theresa_May.png","P_M_nigel_farage.png","TRUE","pictures/stimuli/P","pictures/stimuli/P","F","M","1","628274610bc63ba394a1082c","06/30/2022, 11:50:29",-1.37784561106836,"26","Female","right",1,1,0,0,FALSE,"P_F_Theresa_May.png P_M_nigel_farage.png"
2540,"P_M_Michael_Gove.png","P_M_Sajid_Javid.png","TRUE","pictures/stimuli/P","pictures/stimuli/P","M","M","1","628274610bc63ba394a1082c","06/30/2022, 11:50:29",-1.37784561106836,"26","Female","right",1,1,0,0,FALSE,"P_M_Michael_Gove.png P_M_Sajid_Javid.png"
1749,"E_F_Jennifer_Saunders.png","P_M_Michael_Gove.png","FALSE","pictures/stimuli/E","pictures/stimuli/P","F","M","4","628274610bc63ba394a1082c","06/30/2022, 11:50:29",0.0449297481870116,"26","Female","right",0,1,0,0,TRUE,"E_F_Jennifer_Saunders.png P_M_Michael_Gove.png"
1904,"P_M_jeremy_corbyn.png","P_M_nigel_farage.png","TRUE","pictures/stimuli/P","pictures/stimuli/P","M","M","1","628274610bc63ba394a1082c","06/30/2022, 11:50:29",-1.37784561106836,"26","Female","right",1,1,0,0,FALSE,"P_M_jeremy_corbyn.png P_M_nigel_farage.png"
2133,"E_M_Russell_Howard.png","P_M_jeremy_corbyn.png","FALSE","pictures/stimuli/E","pictures/stimuli/P","M","M","6","628274610bc63ba394a1082c","06/30/2022, 11:50:29",0.993446654357258,"26","Female","right",1,1,0,0,FALSE,"E_M_Russell_Howard.png P_M_jeremy_corbyn.png"
1913,"E_F_Julie_Walters.png","P_M_jeremy_corbyn.png","FALSE","pictures/stimuli/E","pictures/stimuli/P","F","M","5","628274610bc63ba394a1082c","06/30/2022, 11:50:29",0.519188201272134,"26","Female","right",0,1,0,0,TRUE,"E_F_Julie_Walters.png P_M_jeremy_corbyn.png"
2056,"E_F_Julie_Walters.png","P_M_Michael_Gove.png","FALSE","pictures/stimuli/E","pictures/stimuli/P","F","M","5","628274610bc63ba394a1082c","06/30/2022, 11:50:29",0.519188201272134,"26","Female","right",0,1,0,0,TRUE,"E_F_Julie_Walters.png P_M_Michael_Gove.png"
1957,"E_M_Peter_Kay.png","E_M_Russell_Howard.png","TRUE","pictures/stimuli/E","pictures/stimuli/E","M","M","1","628274610bc63ba394a1082c","06/30/2022, 11:50:29",-1.37784561106836,"26","Female","right",1,1,0,0,FALSE,"E_M_Peter_Kay.png E_M_Russell_Howard.png"
1782,"E_F_Sarah_Millican.png","E_M_Jimmy_Carr.png","TRUE","pictures/stimuli/E","pictures/stimuli/E","F","M","1","628274610bc63ba394a1082c","06/30/2022, 11:50:29",-1.37784561106836,"26","Female","right",1,1,0,0,FALSE,"E_F_Sarah_Millican.png E_M_Jimmy_Carr.png"
1898,"E_F_Jennifer_Saunders.png","E_M_Russell_Howard.png","TRUE","pictures/stimuli/E","pictures/stimuli/E","F","M","4","628274610bc63ba394a1082c","06/30/2022, 11:50:29",0.0449297481870116,"26","Female","right",0,1,0,0,TRUE,"E_F_Jennifer_Saunders.png E_M_Russell_Howard.png"
1950,"E_F_Julie_Walters.png","P_M_Gordon_Brown.png","FALSE","pictures/stimuli/E","pictures/stimuli/P","F","M","4","628274610bc63ba394a1082c","06/30/2022, 11:50:29",0.0449297481870116,"26","Female","right",0,1,0,0,TRUE,"E_F_Julie_Walters.png P_M_Gordon_Brown.png"
3307,"E_M_Simon_Pegg.png","P_M_Sajid_Javid.png","FALSE","pictures/stimuli/E","pictures/stimuli/P","M","M","6","628274610bc63ba394a1082c","06/30/2022, 11:50:29",0.993446654357258,"26","Female","right",1,1,0,0,FALSE,"E_M_Simon_Pegg.png P_M_Sajid_Javid.png"
2329,"P_M_jeremy_corbyn.png","P_M_keir_starmer.png","TRUE","pictures/stimuli/P","pictures/stimuli/P","M","M","1","628274610bc63ba394a1082c","06/30/2022, 11:50:29",-1.37784561106836,"26","Female","right",1,1,0,0,FALSE,"P_M_jeremy_corbyn.png P_M_keir_starmer.png"
1786,"P_M_david_camer.png","P_M_Tony_Blair.png","TRUE","pictures/stimuli/P","pictures/stimuli/P","M","M","1","628274610bc63ba394a1082c","06/30/2022, 11:50:29",-1.37784561106836,"26","Female","right",1,1,0,0,FALSE,"P_M_david_camer.png P_M_Tony_Blair.png"
1956,"P_M_jeremy_corbyn.png","P_M_Michael_Gove.png","TRUE","pictures/stimuli/P","pictures/stimuli/P","M","M","1","628274610bc63ba394a1082c","06/30/2022, 11:50:29",-1.37784561106836,"26","Female","right",1,1,0,0,FALSE,"P_M_jeremy_corbyn.png P_M_Michael_Gove.png"
2804,"E_M_Peter_Kay.png","P_M_jeremy_corbyn.png","FALSE","pictures/stimuli/E","pictures/stimuli/P","M","M","6","628274610bc63ba394a1082c","06/30/2022, 11:50:29",0.993446654357258,"26","Female","right",1,1,0,0,FALSE,"E_M_Peter_Kay.png P_M_jeremy_corbyn.png"
1897,"E_F_Julie_Walters.png","P_F_Theresa_May.png","FALSE","pictures/stimuli/E","pictures/stimuli/P","F","F","4","628274610bc63ba394a1082c","06/30/2022, 11:50:29",0.0449297481870116,"26","Female","right",0,1,0,0,TRUE,"E_F_Julie_Walters.png P_F_Theresa_May.png"
1920,"E_M_Simon_Pegg.png","P_M_Gordon_Brown.png","FALSE","pictures/stimuli/E","pictures/stimuli/P","M","M","5","628274610bc63ba394a1082c","06/30/2022, 11:50:29",0.519188201272134,"26","Female","right",1,1,0,0,FALSE,"E_M_Simon_Pegg.png P_M_Gordon_Brown.png"
2172,"E_M_Michael_McIntyr.png","P_M_david_camer.png","FALSE","pictures/stimuli/E","pictures/stimuli/P","M","M","6","628274610bc63ba394a1082c","06/30/2022, 11:50:29",0.993446654357258,"26","Female","right",1,1,0,0,FALSE,"E_M_Michael_McIntyr.png P_M_david_camer.png"
2414,"E_F_Jennifer_Saunders.png","P_M_david_camer.png","FALSE","pictures/stimuli/E","pictures/stimuli/P","F","M","5","628274610bc63ba394a1082c","06/30/2022, 11:50:29",0.519188201272134,"26","Female","right",0,1,0,0,TRUE,"E_F_Jennifer_Saunders.png P_M_david_camer.png"
1966,"E_F_Sarah_Millican.png","E_M_Peter_Kay.png","TRUE","pictures/stimuli/E","pictures/stimuli/E","F","M","1","628274610bc63ba394a1082c","06/30/2022, 11:50:29",-1.37784561106836,"26","Female","right",1,1,0,0,FALSE,"E_F_Sarah_Millican.png E_M_Peter_Kay.png"
1782,"E_F_Dawn_Roma_French.png","E_M_Michael_McIntyr.png","TRUE","pictures/stimuli/E","pictures/stimuli/E","F","M","2","628274610bc63ba394a1082c","06/30/2022, 11:50:29",-0.903587157983234,"26","Female","right",1,1,0,0,FALSE,"E_F_Dawn_Roma_French.png E_M_Michael_McIntyr.png"
2710,"P_M_keir_starmer.png","P_M_Tony_Blair.png","TRUE","pictures/stimuli/P","pictures/stimuli/P","M","M","1","628274610bc63ba394a1082c","06/30/2022, 11:50:29",-1.37784561106836,"26","Female","right",1,1,0,0,FALSE,"P_M_keir_starmer.png P_M_Tony_Blair.png"
2312,"E_M_Jimmy_Carr.png","P_M_jeremy_corbyn.png","FALSE","pictures/stimuli/E","pictures/stimuli/P","M","M","6","628274610bc63ba394a1082c","06/30/2022, 11:50:29",0.993446654357258,"26","Female","right",1,1,0,0,FALSE,"E_M_Jimmy_Carr.png P_M_jeremy_corbyn.png"
1841,"E_M_Ewan_McGregor.png","P_M_nigel_farage.png","FALSE","pictures/stimuli/E","pictures/stimuli/P","M","M","4","628274610bc63ba394a1082c","06/30/2022, 11:50:29",0.0449297481870116,"26","Female","right",0,1,0,0,TRUE,"E_M_Ewan_McGregor.png P_M_nigel_farage.png"
2464,"E_F_Jennifer_Saunders.png","E_M_Peter_Kay.png","TRUE","pictures/stimuli/E","pictures/stimuli/E","F","M","4","628274610bc63ba394a1082c","06/30/2022, 11:50:29",0.0449297481870116,"26","Female","right",0,1,0,0,TRUE,"E_F_Jennifer_Saunders.png E_M_Peter_Kay.png"
2183,"E_M_Ewan_McGregor.png","P_F_nicola_sturge.png","FALSE","pictures/stimuli/E","pictures/stimuli/P","M","F","5","628274610bc63ba394a1082c","06/30/2022, 11:50:29",0.519188201272134,"26","Female","right",0,1,0,0,TRUE,"E_M_Ewan_McGregor.png P_F_nicola_sturge.png"
2824,"P_M_keir_starmer.png","P_M_Michael_Gove.png","TRUE","pictures/stimuli/P","pictures/stimuli/P","M","M","1","628274610bc63ba394a1082c","06/30/2022, 11:50:29",-1.37784561106836,"26","Female","right",1,1,0,0,FALSE,"P_M_keir_starmer.png P_M_Michael_Gove.png"
1615,"E_F_Jennifer_Saunders.png","E_M_Jimmy_Carr.png","TRUE","pictures/stimuli/E","pictures/stimuli/E","F","M","4","628274610bc63ba394a1082c","06/30/2022, 11:50:29",0.0449297481870116,"26","Female","right",0,1,0,0,TRUE,"E_F_Jennifer_Saunders.png E_M_Jimmy_Carr.png"
1803,"P_F_Theresa_May.png","P_M_david_camer.png","TRUE","pictures/stimuli/P","pictures/stimuli/P","F","M","1","628274610bc63ba394a1082c","06/30/2022, 11:50:29",-1.37784561106836,"26","Female","right",1,1,0,0,FALSE,"P_F_Theresa_May.png P_M_david_camer.png"
2202,"E_M_Russell_Howard.png","P_M_keir_starmer.png","FALSE","pictures/stimuli/E","pictures/stimuli/P","M","M","6","628274610bc63ba394a1082c","06/30/2022, 11:50:29",0.993446654357258,"26","Female","right",1,1,0,0,FALSE,"E_M_Russell_Howard.png P_M_keir_starmer.png"
1762,"E_M_Michael_McIntyr.png","E_M_Peter_Kay.png","TRUE","pictures/stimuli/E","pictures/stimuli/E","M","M","1","628274610bc63ba394a1082c","06/30/2022, 11:50:29",-1.37784561106836,"26","Female","right",1,1,0,0,FALSE,"E_M_Michael_McIntyr.png E_M_Peter_Kay.png"
2512,"E_M_Jimmy_Carr.png","P_M_keir_starmer.png","FALSE","pictures/stimuli/E","pictures/stimuli/P","M","M","6","628274610bc63ba394a1082c","06/30/2022, 11:50:29",0.993446654357258,"26","Female","right",1,1,0,0,FALSE,"E_M_Jimmy_Carr.png P_M_keir_starmer.png"
2952,"E_M_Russell_Howard.png","P_M_Gordon_Brown.png","FALSE","pictures/stimuli/E","pictures/stimuli/P","M","M","6","628274610bc63ba394a1082c","06/30/2022, 11:50:29",0.993446654357258,"26","Female","right",1,1,0,0,FALSE,"E_M_Russell_Howard.png P_M_Gordon_Brown.png"
2219,"E_F_Sarah_Millican.png","P_M_david_camer.png","FALSE","pictures/stimuli/E","pictures/stimuli/P","F","M","6","628274610bc63ba394a1082c","06/30/2022, 11:50:29",0.993446654357258,"26","Female","right",1,1,0,0,FALSE,"E_F_Sarah_Millican.png P_M_david_camer.png"
2172,"E_M_Ewan_McGregor.png","P_M_keir_starmer.png","FALSE","pictures/stimuli/E","pictures/stimuli/P","M","M","4","628274610bc63ba394a1082c","06/30/2022, 11:50:29",0.0449297481870116,"26","Female","right",0,1,0,0,TRUE,"E_M_Ewan_McGregor.png P_M_keir_starmer.png"
1944,"E_F_Jennifer_Saunders.png","E_F_Julie_Walters.png","TRUE","pictures/stimuli/E","pictures/stimuli/E","F","F","4","628274610bc63ba394a1082c","06/30/2022, 11:50:29",0.0449297481870116,"26","Female","right",0,0,0,0,TRUE,"E_F_Jennifer_Saunders.png E_F_Julie_Walters.png"
1888,"E_M_Michael_McIntyr.png","P_F_Theresa_May.png","FALSE","pictures/stimuli/E","pictures/stimuli/P","M","F","6","628274610bc63ba394a1082c","06/30/2022, 11:50:29",0.993446654357258,"26","Female","right",1,1,0,0,FALSE,"E_M_Michael_McIntyr.png P_F_Theresa_May.png"
1910,"E_F_Dawn_Roma_French.png","P_M_jeremy_corbyn.png","FALSE","pictures/stimuli/E","pictures/stimuli/P","F","M","6","628274610bc63ba394a1082c","06/30/2022, 11:50:29",0.993446654357258,"26","Female","right",1,1,0,0,FALSE,"E_F_Dawn_Roma_French.png P_M_jeremy_corbyn.png"
2316,"P_M_Michael_Gove.png","P_M_Tony_Blair.png","TRUE","pictures/stimuli/P","pictures/stimuli/P","M","M","1","628274610bc63ba394a1082c","06/30/2022, 11:50:29",-1.37784561106836,"26","Female","right",1,1,0,0,FALSE,"P_M_Michael_Gove.png P_M_Tony_Blair.png"
1894,"E_M_Michael_McIntyr.png","P_M_Sajid_Javid.png","FALSE","pictures/stimuli/E","pictures/stimuli/P","M","M","6","628274610bc63ba394a1082c","06/30/2022, 11:50:29",0.993446654357258,"26","Female","right",1,1,0,0,FALSE,"E_M_Michael_McIntyr.png P_M_Sajid_Javid.png"
1952,"P_F_nicola_sturge.png","P_M_jeremy_corbyn.png","TRUE","pictures/stimuli/P","pictures/stimuli/P","F","M","1","628274610bc63ba394a1082c","06/30/2022, 11:50:29",-1.37784561106836,"26","Female","right",1,1,0,0,FALSE,"P_F_nicola_sturge.png P_M_jeremy_corbyn.png"
1838,"E_M_Ewan_McGregor.png","E_M_Russell_Howard.png","TRUE","pictures/stimuli/E","pictures/stimuli/E","M","M","4","628274610bc63ba394a1082c","06/30/2022, 11:50:29",0.0449297481870116,"26","Female","right",0,1,0,0,TRUE,"E_M_Ewan_McGregor.png E_M_Russell_Howard.png"
3364,"E_M_Simon_Pegg.png","P_F_nicola_sturge.png","FALSE","pictures/stimuli/E","pictures/stimuli/P","M","F","6","628274610bc63ba394a1082c","06/30/2022, 11:50:29",0.993446654357258,"26","Female","right",1,1,0,0,FALSE,"E_M_Simon_Pegg.png P_F_nicola_sturge.png"
1723,"E_F_Jennifer_Saunders.png","P_M_nigel_farage.png","FALSE","pictures/stimuli/E","pictures/stimuli/P","F","M","4","628274610bc63ba394a1082c","06/30/2022, 11:50:29",0.0449297481870116,"26","Female","right",0,1,0,0,TRUE,"E_F_Jennifer_Saunders.png P_M_nigel_farage.png"
1741,"E_M_Simon_Pegg.png","P_M_keir_starmer.png","FALSE","pictures/stimuli/E","pictures/stimuli/P","M","M","6","628274610bc63ba394a1082c","06/30/2022, 11:50:29",0.993446654357258,"26","Female","right",1,1,0,0,FALSE,"E_M_Simon_Pegg.png P_M_keir_starmer.png"
2030,"P_F_nicola_sturge.png","P_M_nigel_farage.png","TRUE","pictures/stimuli/P","pictures/stimuli/P","F","M","1","628274610bc63ba394a1082c","06/30/2022, 11:50:29",-1.37784561106836,"26","Female","right",1,1,0,0,FALSE,"P_F_nicola_sturge.png P_M_nigel_farage.png"
2469,"E_F_Julie_Walters.png","P_M_Sajid_Javid.png","FALSE","pictures/stimuli/E","pictures/stimuli/P","F","M","5","628274610bc63ba394a1082c","06/30/2022, 11:50:29",0.519188201272134,"26","Female","right",0,1,0,0,TRUE,"E_F_Julie_Walters.png P_M_Sajid_Javid.png"
3057,"E_M_Peter_Kay.png","P_F_nicola_sturge.png","FALSE","pictures/stimuli/E","pictures/stimuli/P","M","F","6","628274610bc63ba394a1082c","06/30/2022, 11:50:29",0.993446654357258,"26","Female","right",1,1,0,0,FALSE,"E_M_Peter_Kay.png P_F_nicola_sturge.png"
2832,"E_F_Jennifer_Saunders.png","E_M_Michael_McIntyr.png","TRUE","pictures/stimuli/E","pictures/stimuli/E","F","M","4","628274610bc63ba394a1082c","06/30/2022, 11:50:29",0.0449297481870116,"26","Female","right",0,1,0,0,TRUE,"E_F_Jennifer_Saunders.png E_M_Michael_McIntyr.png"
2387,"E_F_Dawn_Roma_French.png","E_M_Simon_Pegg.png","TRUE","pictures/stimuli/E","pictures/stimuli/E","F","M","2","628274610bc63ba394a1082c","06/30/2022, 11:50:29",-0.903587157983234,"26","Female","right",1,1,0,0,FALSE,"E_F_Dawn_Roma_French.png E_M_Simon_Pegg.png"
2043,"E_M_Peter_Kay.png","P_M_Michael_Gove.png","FALSE","pictures/stimuli/E","pictures/stimuli/P","M","M","6","628274610bc63ba394a1082c","06/30/2022, 11:50:29",0.993446654357258,"26","Female","right",1,1,0,0,FALSE,"E_M_Peter_Kay.png P_M_Michael_Gove.png"
2447,"E_M_Simon_Pegg.png","P_M_jeremy_corbyn.png","FALSE","pictures/stimuli/E","pictures/stimuli/P","M","M","6","628274610bc63ba394a1082c","06/30/2022, 11:50:29",0.993446654357258,"26","Female","right",1,1,0,0,FALSE,"E_M_Simon_Pegg.png P_M_jeremy_corbyn.png"
1793,"E_M_Peter_Kay.png","P_M_Tony_Blair.png","FALSE","pictures/stimuli/E","pictures/stimuli/P","M","M","6","628274610bc63ba394a1082c","06/30/2022, 11:50:29",0.993446654357258,"26","Female","right",1,1,0,0,FALSE,"E_M_Peter_Kay.png P_M_Tony_Blair.png"
3013,"E_F_Jennifer_Saunders.png","P_M_Tony_Blair.png","FALSE","pictures/stimuli/E","pictures/stimuli/P","F","M","4","628274610bc63ba394a1082c","06/30/2022, 11:50:29",0.0449297481870116,"26","Female","right",0,1,0,0,TRUE,"E_F_Jennifer_Saunders.png P_M_Tony_Blair.png"
2091,"E_M_Michael_McIntyr.png","E_M_Simon_Pegg.png","TRUE","pictures/stimuli/E","pictures/stimuli/E","M","M","6","628274610bc63ba394a1082c","06/30/2022, 11:50:29",0.993446654357258,"26","Female","right",1,1,0,0,FALSE,"E_M_Michael_McIntyr.png E_M_Simon_Pegg.png"
4846,"E_F_Dawn_Roma_French.png","P_M_keir_starmer.png","FALSE","pictures/stimuli/E","pictures/stimuli/P","F","M","6","628274610bc63ba394a1082c","06/30/2022, 11:50:29",0.993446654357258,"26","Female","right",1,1,0,0,FALSE,"E_F_Dawn_Roma_French.png P_M_keir_starmer.png"
1902,"E_M_Ewan_McGregor.png","P_F_Theresa_May.png","FALSE","pictures/stimuli/E","pictures/stimuli/P","M","F","6","628274610bc63ba394a1082c","06/30/2022, 11:50:29",0.993446654357258,"26","Female","right",0,1,0,0,TRUE,"E_M_Ewan_McGregor.png P_F_Theresa_May.png"
2092,"P_F_nicola_sturge.png","P_M_Gordon_Brown.png","TRUE","pictures/stimuli/P","pictures/stimuli/P","F","M","1","628274610bc63ba394a1082c","06/30/2022, 11:50:29",-1.37784561106836,"26","Female","right",1,1,0,0,FALSE,"P_F_nicola_sturge.png P_M_Gordon_Brown.png"
1757,"E_F_Jennifer_Saunders.png","P_M_keir_starmer.png","FALSE","pictures/stimuli/E","pictures/stimuli/P","F","M","4","628274610bc63ba394a1082c","06/30/2022, 11:50:29",0.0449297481870116,"26","Female","right",0,1,0,0,TRUE,"E_F_Jennifer_Saunders.png P_M_keir_starmer.png"
2002,"E_M_Jimmy_Carr.png","P_F_Theresa_May.png","FALSE","pictures/stimuli/E","pictures/stimuli/P","M","F","6","628274610bc63ba394a1082c","06/30/2022, 11:50:29",0.993446654357258,"26","Female","right",1,1,0,0,FALSE,"E_M_Jimmy_Carr.png P_F_Theresa_May.png"
2506,"E_M_Jimmy_Carr.png","E_M_Russell_Howard.png","TRUE","pictures/stimuli/E","pictures/stimuli/E","M","M","1","628274610bc63ba394a1082c","06/30/2022, 11:50:29",-1.37784561106836,"26","Female","right",1,1,0,0,FALSE,"E_M_Jimmy_Carr.png E_M_Russell_Howard.png"
2057,"P_M_nigel_farage.png","P_M_Tony_Blair.png","TRUE","pictures/stimuli/P","pictures/stimuli/P","M","M","1","628274610bc63ba394a1082c","06/30/2022, 11:50:29",-1.37784561106836,"26","Female","right",1,1,0,0,FALSE,"P_M_nigel_farage.png P_M_Tony_Blair.png"
3040,"E_M_Jimmy_Carr.png","E_M_Michael_McIntyr.png","TRUE","pictures/stimuli/E","pictures/stimuli/E","M","M","1","628274610bc63ba394a1082c","06/30/2022, 11:50:29",-1.37784561106836,"26","Female","right",1,1,0,0,FALSE,"E_M_Jimmy_Carr.png E_M_Michael_McIntyr.png"
2814,"P_F_Theresa_May.png","P_M_Michael_Gove.png","TRUE","pictures/stimuli/P","pictures/stimuli/P","F","M","1","628274610bc63ba394a1082c","06/30/2022, 11:50:29",-1.37784561106836,"26","Female","right",1,1,0,0,FALSE,"P_F_Theresa_May.png P_M_Michael_Gove.png"
1905,"E_F_Julie_Walters.png","E_M_Russell_Howard.png","TRUE","pictures/stimuli/E","pictures/stimuli/E","F","M","4","628274610bc63ba394a1082c","06/30/2022, 11:50:29",0.0449297481870116,"26","Female","right",0,1,0,0,TRUE,"E_F_Julie_Walters.png E_M_Russell_Howard.png"
4030,"E_F_Jennifer_Saunders.png","P_M_jeremy_corbyn.png","FALSE","pictures/stimuli/E","pictures/stimuli/P","F","M","3","628274610bc63ba394a1082c","06/30/2022, 11:50:29",-0.429328704898111,"26","Female","right",0,1,0,0,TRUE,"E_F_Jennifer_Saunders.png P_M_jeremy_corbyn.png"
2119,"E_F_Sarah_Millican.png","P_M_Sajid_Javid.png","FALSE","pictures/stimuli/E","pictures/stimuli/P","F","M","6","628274610bc63ba394a1082c","06/30/2022, 11:50:29",0.993446654357258,"26","Female","right",1,1,0,0,FALSE,"E_F_Sarah_Millican.png P_M_Sajid_Javid.png"
3624,"E_F_Julie_Walters.png","E_M_Simon_Pegg.png","TRUE","pictures/stimuli/E","pictures/stimuli/E","F","M","4","628274610bc63ba394a1082c","06/30/2022, 11:50:29",0.0449297481870116,"26","Female","right",0,1,0,0,TRUE,"E_F_Julie_Walters.png E_M_Simon_Pegg.png"
1708,"E_F_Julie_Walters.png","E_M_Peter_Kay.png","TRUE","pictures/stimuli/E","pictures/stimuli/E","F","M","4","628274610bc63ba394a1082c","06/30/2022, 11:50:29",0.0449297481870116,"26","Female","right",0,1,0,0,TRUE,"E_F_Julie_Walters.png E_M_Peter_Kay.png"
2145,"P_F_nicola_sturge.png","P_M_Michael_Gove.png","TRUE","pictures/stimuli/P","pictures/stimuli/P","F","M","1","628274610bc63ba394a1082c","06/30/2022, 11:50:29",-1.37784561106836,"26","Female","right",1,1,0,0,FALSE,"P_F_nicola_sturge.png P_M_Michael_Gove.png"
3367,"E_M_Peter_Kay.png","P_M_nigel_farage.png","FALSE","pictures/stimuli/E","pictures/stimuli/P","M","M","6","628274610bc63ba394a1082c","06/30/2022, 11:50:29",0.993446654357258,"26","Female","right",1,1,0,0,FALSE,"E_M_Peter_Kay.png P_M_nigel_farage.png"
4282,"E_F_Dawn_Roma_French.png","E_M_Peter_Kay.png","TRUE","pictures/stimuli/E","pictures/stimuli/E","F","M","2","628274610bc63ba394a1082c","06/30/2022, 11:50:29",-0.903587157983234,"26","Female","right",1,1,0,0,FALSE,"E_F_Dawn_Roma_French.png E_M_Peter_Kay.png"
1738,"E_F_Dawn_Roma_French.png","P_M_Tony_Blair.png","FALSE","pictures/stimuli/E","pictures/stimuli/P","F","M","6","628274610bc63ba394a1082c","06/30/2022, 11:50:29",0.993446654357258,"26","Female","right",1,1,0,0,FALSE,"E_F_Dawn_Roma_French.png P_M_Tony_Blair.png"
2089,"E_F_Julie_Walters.png","P_M_nigel_farage.png","FALSE","pictures/stimuli/E","pictures/stimuli/P","F","M","5","628274610bc63ba394a1082c","06/30/2022, 11:50:29",0.519188201272134,"26","Female","right",0,1,0,0,TRUE,"E_F_Julie_Walters.png P_M_nigel_farage.png"
2322,"E_M_Russell_Howard.png","P_M_Tony_Blair.png","FALSE","pictures/stimuli/E","pictures/stimuli/P","M","M","6","628274610bc63ba394a1082c","06/30/2022, 11:50:29",0.993446654357258,"26","Female","right",1,1,0,0,FALSE,"E_M_Russell_Howard.png P_M_Tony_Blair.png"
1880,"P_M_keir_starmer.png","P_M_Sajid_Javid.png","TRUE","pictures/stimuli/P","pictures/stimuli/P","M","M","1","628274610bc63ba394a1082c","06/30/2022, 11:50:29",-1.37784561106836,"26","Female","right",1,1,0,0,FALSE,"P_M_keir_starmer.png P_M_Sajid_Javid.png"
1743,"P_M_nigel_farage.png","P_M_Sajid_Javid.png","TRUE","pictures/stimuli/P","pictures/stimuli/P","M","M","1","628274610bc63ba394a1082c","06/30/2022, 11:50:29",-1.37784561106836,"26","Female","right",1,1,0,0,FALSE,"P_M_nigel_farage.png P_M_Sajid_Javid.png"
2769,"P_F_nicola_sturge.png","P_M_Tony_Blair.png","TRUE","pictures/stimuli/P","pictures/stimuli/P","F","M","1","628274610bc63ba394a1082c","06/30/2022, 11:50:29",-1.37784561106836,"26","Female","right",1,1,0,0,FALSE,"P_F_nicola_sturge.png P_M_Tony_Blair.png"
3469,"E_F_Jennifer_Saunders.png","E_F_Sarah_Millican.png","TRUE","pictures/stimuli/E","pictures/stimuli/E","F","F","5","628274610bc63ba394a1082c","06/30/2022, 11:50:29",0.519188201272134,"26","Female","right",0,1,0,0,TRUE,"E_F_Jennifer_Saunders.png E_F_Sarah_Millican.png"
2208,"E_M_Jimmy_Carr.png","P_F_nicola_sturge.png","FALSE","pictures/stimuli/E","pictures/stimuli/P","M","F","6","628274610bc63ba394a1082c","06/30/2022, 11:50:29",0.993446654357258,"26","Female","right",1,1,0,0,FALSE,"E_M_Jimmy_Carr.png P_F_nicola_sturge.png"
1800,"E_M_Jimmy_Carr.png","P_M_Sajid_Javid.png","FALSE","pictures/stimuli/E","pictures/stimuli/P","M","M","6","628274610bc63ba394a1082c","06/30/2022, 11:50:29",0.993446654357258,"26","Female","right",1,1,0,0,FALSE,"E_M_Jimmy_Carr.png P_M_Sajid_Javid.png"
4356,"E_M_Ewan_McGregor.png","P_M_Sajid_Javid.png","FALSE","pictures/stimuli/E","pictures/stimuli/P","M","M","4","628274610bc63ba394a1082c","06/30/2022, 11:50:29",0.0449297481870116,"26","Female","right",0,1,0,0,TRUE,"E_M_Ewan_McGregor.png P_M_Sajid_Javid.png"
2366,"E_F_Jennifer_Saunders.png","P_F_Theresa_May.png","FALSE","pictures/stimuli/E","pictures/stimuli/P","F","F","4","628274610bc63ba394a1082c","06/30/2022, 11:50:29",0.0449297481870116,"26","Female","right",0,1,0,0,TRUE,"E_F_Jennifer_Saunders.png P_F_Theresa_May.png"
2100,"E_M_Michael_McIntyr.png","P_M_Gordon_Brown.png","FALSE","pictures/stimuli/E","pictures/stimuli/P","M","M","6","628274610bc63ba394a1082c","06/30/2022, 11:50:29",0.993446654357258,"26","Female","right",1,1,0,0,FALSE,"E_M_Michael_McIntyr.png P_M_Gordon_Brown.png"
2491,"P_M_david_camer.png","P_M_Gordon_Brown.png","TRUE","pictures/stimuli/P","pictures/stimuli/P","M","M","1","628274610bc63ba394a1082c","06/30/2022, 11:50:29",-1.37784561106836,"26","Female","right",1,1,0,0,FALSE,"P_M_david_camer.png P_M_Gordon_Brown.png"
1826,"E_M_Michael_McIntyr.png","P_M_Michael_Gove.png","FALSE","pictures/stimuli/E","pictures/stimuli/P","M","M","6","628274610bc63ba394a1082c","06/30/2022, 11:50:29",0.993446654357258,"26","Female","right",1,1,0,0,FALSE,"E_M_Michael_McIntyr.png P_M_Michael_Gove.png"
2074,"P_F_nicola_sturge.png","P_M_keir_starmer.png","TRUE","pictures/stimuli/P","pictures/stimuli/P","F","M","1","628274610bc63ba394a1082c","06/30/2022, 11:50:29",-1.37784561106836,"26","Female","right",1,1,0,0,FALSE,"P_F_nicola_sturge.png P_M_keir_starmer.png"
1888,"E_F_Sarah_Millican.png","P_F_Theresa_May.png","FALSE","pictures/stimuli/E","pictures/stimuli/P","F","F","6","628274610bc63ba394a1082c","06/30/2022, 11:50:29",0.993446654357258,"26","Female","right",1,1,0,0,FALSE,"E_F_Sarah_Millican.png P_F_Theresa_May.png"
2036,"E_M_Jimmy_Carr.png","P_M_Gordon_Brown.png","FALSE","pictures/stimuli/E","pictures/stimuli/P","M","M","6","628274610bc63ba394a1082c","06/30/2022, 11:50:29",0.993446654357258,"26","Female","right",1,1,0,0,FALSE,"E_M_Jimmy_Carr.png P_M_Gordon_Brown.png"
1943,"E_F_Dawn_Roma_French.png","E_F_Jennifer_Saunders.png","TRUE","pictures/stimuli/E","pictures/stimuli/E","F","F","4","628274610bc63ba394a1082c","06/30/2022, 11:50:29",0.0449297481870116,"26","Female","right",1,0,0,0,TRUE,"E_F_Dawn_Roma_French.png E_F_Jennifer_Saunders.png"
2109,"P_F_Theresa_May.png","P_M_keir_starmer.png","TRUE","pictures/stimuli/P","pictures/stimuli/P","F","M","1","628274610bc63ba394a1082c","06/30/2022, 11:50:29",-1.37784561106836,"26","Female","right",1,1,0,0,FALSE,"P_F_Theresa_May.png P_M_keir_starmer.png"
1961,"P_M_keir_starmer.png","P_M_nigel_farage.png","TRUE","pictures/stimuli/P","pictures/stimuli/P","M","M","1","628274610bc63ba394a1082c","06/30/2022, 11:50:29",-1.37784561106836,"26","Female","right",1,1,0,0,FALSE,"P_M_keir_starmer.png P_M_nigel_farage.png"
1805,"E_F_Julie_Walters.png","P_M_keir_starmer.png","FALSE","pictures/stimuli/E","pictures/stimuli/P","F","M","4","628274610bc63ba394a1082c","06/30/2022, 11:50:29",0.0449297481870116,"26","Female","right",0,1,0,0,TRUE,"E_F_Julie_Walters.png P_M_keir_starmer.png"
2018,"E_M_Michael_McIntyr.png","P_M_keir_starmer.png","FALSE","pictures/stimuli/E","pictures/stimuli/P","M","M","6","628274610bc63ba394a1082c","06/30/2022, 11:50:29",0.993446654357258,"26","Female","right",1,1,0,0,FALSE,"E_M_Michael_McIntyr.png P_M_keir_starmer.png"
2592,"E_M_Michael_McIntyr.png","P_M_Tony_Blair.png","FALSE","pictures/stimuli/E","pictures/stimuli/P","M","M","6","628274610bc63ba394a1082c","06/30/2022, 11:50:29",0.993446654357258,"26","Female","right",1,1,0,0,FALSE,"E_M_Michael_McIntyr.png P_M_Tony_Blair.png"
1887,"P_M_Sajid_Javid.png","P_M_Tony_Blair.png","TRUE","pictures/stimuli/P","pictures/stimuli/P","M","M","1","628274610bc63ba394a1082c","06/30/2022, 11:50:29",-1.37784561106836,"26","Female","right",1,1,0,0,FALSE,"P_M_Sajid_Javid.png P_M_Tony_Blair.png"
1977,"E_F_Julie_Walters.png","P_M_david_camer.png","FALSE","pictures/stimuli/E","pictures/stimuli/P","F","M","4","628274610bc63ba394a1082c","06/30/2022, 11:50:29",0.0449297481870116,"26","Female","right",0,1,0,0,TRUE,"E_F_Julie_Walters.png P_M_david_camer.png"
2089,"P_M_david_camer.png","P_M_Michael_Gove.png","TRUE","pictures/stimuli/P","pictures/stimuli/P","M","M","1","628274610bc63ba394a1082c","06/30/2022, 11:50:29",-1.37784561106836,"26","Female","right",1,1,0,0,FALSE,"P_M_david_camer.png P_M_Michael_Gove.png"
3054,"E_M_Ewan_McGregor.png","E_M_Michael_McIntyr.png","TRUE","pictures/stimuli/E","pictures/stimuli/E","M","M","4","628274610bc63ba394a1082c","06/30/2022, 11:50:29",0.0449297481870116,"26","Female","right",0,1,0,0,TRUE,"E_M_Ewan_McGregor.png E_M_Michael_McIntyr.png"
2102,"E_M_Peter_Kay.png","P_M_david_camer.png","FALSE","pictures/stimuli/E","pictures/stimuli/P","M","M","6","628274610bc63ba394a1082c","06/30/2022, 11:50:29",0.993446654357258,"26","Female","right",1,1,0,0,FALSE,"E_M_Peter_Kay.png P_M_david_camer.png"
2097,"P_M_Gordon_Brown.png","P_M_Michael_Gove.png","TRUE","pictures/stimuli/P","pictures/stimuli/P","M","M","1","628274610bc63ba394a1082c","06/30/2022, 11:50:29",-1.37784561106836,"26","Female","right",1,1,0,0,FALSE,"P_M_Gordon_Brown.png P_M_Michael_Gove.png"
1922,"E_M_Jimmy_Carr.png","E_M_Simon_Pegg.png","TRUE","pictures/stimuli/E","pictures/stimuli/E","M","M","1","628274610bc63ba394a1082c","06/30/2022, 11:50:29",-1.37784561106836,"26","Female","right",1,1,0,0,FALSE,"E_M_Jimmy_Carr.png E_M_Simon_Pegg.png"
1826,"E_M_Ewan_McGregor.png","E_M_Peter_Kay.png","TRUE","pictures/stimuli/E","pictures/stimuli/E","M","M","4","628274610bc63ba394a1082c","06/30/2022, 11:50:29",0.0449297481870116,"26","Female","right",0,1,0,0,TRUE,"E_M_Ewan_McGregor.png E_M_Peter_Kay.png"
1889,"E_F_Dawn_Roma_French.png","E_M_Russell_Howard.png","TRUE","pictures/stimuli/E","pictures/stimuli/E","F","M","1","628274610bc63ba394a1082c","06/30/2022, 11:50:29",-1.37784561106836,"26","Female","right",1,1,0,0,FALSE,"E_F_Dawn_Roma_French.png E_M_Russell_Howard.png"
1782,"E_M_Ewan_McGregor.png","E_M_Simon_Pegg.png","TRUE","pictures/stimuli/E","pictures/stimuli/E","M","M","4","628274610bc63ba394a1082c","06/30/2022, 11:50:29",0.0449297481870116,"26","Female","right",0,1,0,0,TRUE,"E_M_Ewan_McGregor.png E_M_Simon_Pegg.png"
2467,"E_F_Dawn_Roma_French.png","P_M_Gordon_Brown.png","FALSE","pictures/stimuli/E","pictures/stimuli/P","F","M","6","628274610bc63ba394a1082c","06/30/2022, 11:50:29",0.993446654357258,"26","Female","right",1,1,0,0,FALSE,"E_F_Dawn_Roma_French.png P_M_Gordon_Brown.png"
3051,"E_M_Michael_McIntyr.png","P_M_jeremy_corbyn.png","FALSE","pictures/stimuli/E","pictures/stimuli/P","M","M","6","628274610bc63ba394a1082c","06/30/2022, 11:50:29",0.993446654357258,"26","Female","right",1,1,0,0,FALSE,"E_M_Michael_McIntyr.png P_M_jeremy_corbyn.png"
2113,"P_M_david_camer.png","P_M_Sajid_Javid.png","TRUE","pictures/stimuli/P","pictures/stimuli/P","M","M","1","628274610bc63ba394a1082c","06/30/2022, 11:50:29",-1.37784561106836,"26","Female","right",1,1,0,0,FALSE,"P_M_david_camer.png P_M_Sajid_Javid.png"
1980,"E_M_Jimmy_Carr.png","P_M_Tony_Blair.png","FALSE","pictures/stimuli/E","pictures/stimuli/P","M","M","6","628274610bc63ba394a1082c","06/30/2022, 11:50:29",0.993446654357258,"26","Female","right",1,1,0,0,FALSE,"E_M_Jimmy_Carr.png P_M_Tony_Blair.png"
2531,"E_F_Dawn_Roma_French.png","E_M_Jimmy_Carr.png","TRUE","pictures/stimuli/E","pictures/stimuli/E","F","M","2","628274610bc63ba394a1082c","06/30/2022, 11:50:29",-0.903587157983234,"26","Female","right",1,1,0,0,FALSE,"E_F_Dawn_Roma_French.png E_M_Jimmy_Carr.png"
2100,"E_M_Jimmy_Carr.png","P_M_Michael_Gove.png","FALSE","pictures/stimuli/E","pictures/stimuli/P","M","M","6","628274610bc63ba394a1082c","06/30/2022, 11:50:29",0.993446654357258,"26","Female","right",1,1,0,0,FALSE,"E_M_Jimmy_Carr.png P_M_Michael_Gove.png"
4326,"E_M_Russell_Howard.png","E_M_Simon_Pegg.png","TRUE","pictures/stimuli/E","pictures/stimuli/E","M","M","1","628274610bc63ba394a1082c","06/30/2022, 11:50:29",-1.37784561106836,"26","Female","right",1,1,0,0,FALSE,"E_M_Russell_Howard.png E_M_Simon_Pegg.png"
2040,"E_M_Peter_Kay.png","P_F_Theresa_May.png","FALSE","pictures/stimuli/E","pictures/stimuli/P","M","F","6","628274610bc63ba394a1082c","06/30/2022, 11:50:29",0.993446654357258,"26","Female","right",1,1,0,0,FALSE,"E_M_Peter_Kay.png P_F_Theresa_May.png"
2390,"E_F_Julie_Walters.png","P_M_Tony_Blair.png","FALSE","pictures/stimuli/E","pictures/stimuli/P","F","M","6","628274610bc63ba394a1082c","06/30/2022, 11:50:29",0.993446654357258,"26","Female","right",0,1,0,0,TRUE,"E_F_Julie_Walters.png P_M_Tony_Blair.png"
3558,"E_F_Julie_Walters.png","E_M_Ewan_McGregor.png","TRUE","pictures/stimuli/E","pictures/stimuli/E","F","M","6","628274610bc63ba394a1082c","06/30/2022, 11:50:29",0.993446654357258,"26","Female","right",0,0,0,0,TRUE,"E_F_Julie_Walters.png E_M_Ewan_McGregor.png"
2676,"E_M_Peter_Kay.png","P_M_Gordon_Brown.png","FALSE","pictures/stimuli/E","pictures/stimuli/P","M","M","6","628274610bc63ba394a1082c","06/30/2022, 11:50:29",0.993446654357258,"26","Female","right",1,1,0,0,FALSE,"E_M_Peter_Kay.png P_M_Gordon_Brown.png"
2141,"E_M_Michael_McIntyr.png","P_M_nigel_farage.png","FALSE","pictures/stimuli/E","pictures/stimuli/P","M","M","6","628274610bc63ba394a1082c","06/30/2022, 11:50:29",0.993446654357258,"26","Female","right",1,1,0,0,FALSE,"E_M_Michael_McIntyr.png P_M_nigel_farage.png"
2126,"E_M_Jimmy_Carr.png","P_M_nigel_farage.png","FALSE","pictures/stimuli/E","pictures/stimuli/P","M","M","6","628274610bc63ba394a1082c","06/30/2022, 11:50:29",0.993446654357258,"26","Female","right",1,1,0,0,FALSE,"E_M_Jimmy_Carr.png P_M_nigel_farage.png"
2270,"E_F_Dawn_Roma_French.png","P_M_david_camer.png","FALSE","pictures/stimuli/E","pictures/stimuli/P","F","M","6","628274610bc63ba394a1082c","06/30/2022, 11:50:29",0.993446654357258,"26","Female","right",1,1,0,0,FALSE,"E_F_Dawn_Roma_French.png P_M_david_camer.png"
1621,"E_M_Russell_Howard.png","P_M_nigel_farage.png","FALSE","pictures/stimuli/E","pictures/stimuli/P","M","M","6","628274610bc63ba394a1082c","06/30/2022, 11:50:29",0.993446654357258,"26","Female","right",1,1,0,0,FALSE,"E_M_Russell_Howard.png P_M_nigel_farage.png"
4822,"P_F_Theresa_May.png","P_M_Gordon_Brown.png","TRUE","pictures/stimuli/P","pictures/stimuli/P","F","M","1","628274610bc63ba394a1082c","06/30/2022, 11:50:29",-1.37784561106836,"26","Female","right",1,1,0,0,FALSE,"P_F_Theresa_May.png P_M_Gordon_Brown.png"
1926,"E_M_Peter_Kay.png","P_M_Sajid_Javid.png","FALSE","pictures/stimuli/E","pictures/stimuli/P","M","M","6","628274610bc63ba394a1082c","06/30/2022, 11:50:29",0.993446654357258,"26","Female","right",1,1,0,0,FALSE,"E_M_Peter_Kay.png P_M_Sajid_Javid.png"
1817,"P_F_Theresa_May.png","P_M_jeremy_corbyn.png","TRUE","pictures/stimuli/P","pictures/stimuli/P","F","M","1","628274610bc63ba394a1082c","06/30/2022, 11:50:29",-1.37784561106836,"26","Female","right",1,1,0,0,FALSE,"P_F_Theresa_May.png P_M_jeremy_corbyn.png"
2948,"E_M_Simon_Pegg.png","P_M_david_camer.png","FALSE","pictures/stimuli/E","pictures/stimuli/P","M","M","6","628274610bc63ba394a1082c","06/30/2022, 11:50:29",0.993446654357258,"26","Female","right",1,1,0,0,FALSE,"E_M_Simon_Pegg.png P_M_david_camer.png"
1735,"E_M_Simon_Pegg.png","P_M_Tony_Blair.png","FALSE","pictures/stimuli/E","pictures/stimuli/P","M","M","6","628274610bc63ba394a1082c","06/30/2022, 11:50:29",0.993446654357258,"26","Female","right",1,1,0,0,FALSE,"E_M_Simon_Pegg.png P_M_Tony_Blair.png"
3679,"P_M_Gordon_Brown.png","P_M_jeremy_corbyn.png","TRUE","pictures/stimuli/P","pictures/stimuli/P","M","M","1","628274610bc63ba394a1082c","06/30/2022, 11:50:29",-1.37784561106836,"26","Female","right",1,1,0,0,FALSE,"P_M_Gordon_Brown.png P_M_jeremy_corbyn.png"
3341,"E_F_Sarah_Millican.png","E_M_Simon_Pegg.png","TRUE","pictures/stimuli/E","pictures/stimuli/E","F","M","2","628274610bc63ba394a1082c","06/30/2022, 11:50:29",-0.903587157983234,"26","Female","right",1,1,0,0,FALSE,"E_F_Sarah_Millican.png E_M_Simon_Pegg.png"
2031,"P_M_jeremy_corbyn.png","P_M_Sajid_Javid.png","TRUE","pictures/stimuli/P","pictures/stimuli/P","M","M","1","628274610bc63ba394a1082c","06/30/2022, 11:50:29",-1.37784561106836,"26","Female","right",1,1,0,0,FALSE,"P_M_jeremy_corbyn.png P_M_Sajid_Javid.png"
1808,"E_F_Julie_Walters.png","E_M_Jimmy_Carr.png","TRUE","pictures/stimuli/E","pictures/stimuli/E","F","M","6","628274610bc63ba394a1082c","06/30/2022, 11:50:29",0.993446654357258,"26","Female","right",0,1,0,0,TRUE,"E_F_Julie_Walters.png E_M_Jimmy_Carr.png"
3082,"E_F_Sarah_Millican.png","E_M_Russell_Howard.png","TRUE","pictures/stimuli/E","pictures/stimuli/E","F","M","2","628274610bc63ba394a1082c","06/30/2022, 11:50:29",-0.903587157983234,"26","Female","right",1,1,0,0,FALSE,"E_F_Sarah_Millican.png E_M_Russell_Howard.png"
2199,"P_M_Michael_Gove.png","P_M_nigel_farage.png","TRUE","pictures/stimuli/P","pictures/stimuli/P","M","M","1","628274610bc63ba394a1082c","06/30/2022, 11:50:29",-1.37784561106836,"26","Female","right",1,1,0,0,FALSE,"P_M_Michael_Gove.png P_M_nigel_farage.png"
5334,"E_M_Ewan_McGregor.png","P_M_jeremy_corbyn.png","FALSE","pictures/stimuli/E","pictures/stimuli/P","M","M","4","628274610bc63ba394a1082c","06/30/2022, 11:50:29",0.0449297481870116,"26","Female","right",0,1,0,0,TRUE,"E_M_Ewan_McGregor.png P_M_jeremy_corbyn.png"
1682,"E_M_Simon_Pegg.png","P_M_nigel_farage.png","FALSE","pictures/stimuli/E","pictures/stimuli/P","M","M","6","628274610bc63ba394a1082c","06/30/2022, 11:50:29",0.993446654357258,"26","Female","right",1,1,0,0,FALSE,"E_M_Simon_Pegg.png P_M_nigel_farage.png"
2970,"P_F_Theresa_May.png","P_M_Sajid_Javid.png","TRUE","pictures/stimuli/P","pictures/stimuli/P","F","M","1","628274610bc63ba394a1082c","06/30/2022, 11:50:29",-1.37784561106836,"26","Female","right",1,1,0,0,FALSE,"P_F_Theresa_May.png P_M_Sajid_Javid.png"
2463,"E_F_Jennifer_Saunders.png","P_M_Sajid_Javid.png","FALSE","pictures/stimuli/E","pictures/stimuli/P","F","M","4","628274610bc63ba394a1082c","06/30/2022, 11:50:29",0.0449297481870116,"26","Female","right",0,1,0,0,TRUE,"E_F_Jennifer_Saunders.png P_M_Sajid_Javid.png"
3974,"E_M_Russell_Howard.png","P_F_nicola_sturge.png","FALSE","pictures/stimuli/E","pictures/stimuli/P","M","F","6","628274610bc63ba394a1082c","06/30/2022, 11:50:29",0.993446654357258,"26","Female","right",1,1,0,0,FALSE,"E_M_Russell_Howard.png P_F_nicola_sturge.png"
3005,"E_M_Ewan_McGregor.png","P_M_Tony_Blair.png","FALSE","pictures/stimuli/E","pictures/stimuli/P","M","M","4","628274610bc63ba394a1082c","06/30/2022, 11:50:29",0.0449297481870116,"26","Female","right",0,1,0,0,TRUE,"E_M_Ewan_McGregor.png P_M_Tony_Blair.png"
2378,"P_F_nicola_sturge.png","P_F_Theresa_May.png","TRUE","pictures/stimuli/P","pictures/stimuli/P","F","F","1","628274610bc63ba394a1082c","06/30/2022, 11:50:29",-1.37784561106836,"26","Female","right",1,1,0,0,FALSE,"P_F_nicola_sturge.png P_F_Theresa_May.png"
2127,"E_F_Sarah_Millican.png","P_F_nicola_sturge.png","FALSE","pictures/stimuli/E","pictures/stimuli/P","F","F","6","628274610bc63ba394a1082c","06/30/2022, 11:50:29",0.993446654357258,"26","Female","right",1,1,0,0,FALSE,"E_F_Sarah_Millican.png P_F_nicola_sturge.png"
2033,"P_M_Gordon_Brown.png","P_M_Tony_Blair.png","TRUE","pictures/stimuli/P","pictures/stimuli/P","M","M","1","628274610bc63ba394a1082c","06/30/2022, 11:50:29",-1.37784561106836,"26","Female","right",1,1,0,0,FALSE,"P_M_Gordon_Brown.png P_M_Tony_Blair.png"
2803,"E_F_Dawn_Roma_French.png","P_M_Sajid_Javid.png","FALSE","pictures/stimuli/E","pictures/stimuli/P","F","M","6","628274610bc63ba394a1082c","06/30/2022, 11:50:29",0.993446654357258,"26","Female","right",1,1,0,0,FALSE,"E_F_Dawn_Roma_French.png P_M_Sajid_Javid.png"
2350,"E_M_Ewan_McGregor.png","E_M_Jimmy_Carr.png","TRUE","pictures/stimuli/E","pictures/stimuli/E","M","M","4","628274610bc63ba394a1082c","06/30/2022, 11:50:29",0.0449297481870116,"26","Female","right",0,1,0,0,TRUE,"E_M_Ewan_McGregor.png E_M_Jimmy_Carr.png"
2365,"P_F_Theresa_May.png","P_M_Tony_Blair.png","TRUE","pictures/stimuli/P","pictures/stimuli/P","F","M","1","628274610bc63ba394a1082c","06/30/2022, 11:50:29",-1.37784561106836,"26","Female","right",1,1,0,0,FALSE,"P_F_Theresa_May.png P_M_Tony_Blair.png"
2393,"E_F_Dawn_Roma_French.png","E_F_Julie_Walters.png","TRUE","pictures/stimuli/E","pictures/stimuli/E","F","F","4","628274610bc63ba394a1082c","06/30/2022, 11:50:29",0.0449297481870116,"26","Female","right",1,0,0,0,TRUE,"E_F_Dawn_Roma_French.png E_F_Julie_Walters.png"
1839,"P_M_jeremy_corbyn.png","P_M_Tony_Blair.png","TRUE","pictures/stimuli/P","pictures/stimuli/P","M","M","1","628274610bc63ba394a1082c","06/30/2022, 11:50:29",-1.37784561106836,"26","Female","right",1,1,0,0,FALSE,"P_M_jeremy_corbyn.png P_M_Tony_Blair.png"
3265,"E_F_Sarah_Millican.png","P_M_nigel_farage.png","FALSE","pictures/stimuli/E","pictures/stimuli/P","F","M","6","628274610bc63ba394a1082c","06/30/2022, 11:50:29",0.993446654357258,"26","Female","right",1,1,0,0,FALSE,"E_F_Sarah_Millican.png P_M_nigel_farage.png"
2323,"P_M_Gordon_Brown.png","P_M_nigel_farage.png","TRUE","pictures/stimuli/P","pictures/stimuli/P","M","M","1","628274610bc63ba394a1082c","06/30/2022, 11:50:29",-1.37784561106836,"26","Female","right",1,1,0,0,FALSE,"P_M_Gordon_Brown.png P_M_nigel_farage.png"
1873,"E_F_Dawn_Roma_French.png","P_F_Theresa_May.png","FALSE","pictures/stimuli/E","pictures/stimuli/P","F","F","6","628274610bc63ba394a1082c","06/30/2022, 11:50:29",0.993446654357258,"26","Female","right",1,1,0,0,FALSE,"E_F_Dawn_Roma_French.png P_F_Theresa_May.png"
8964,"E_M_Michael_McIntyr.png","P_M_jeremy_corbyn.png","FALSE","pictures/stimuli/E","pictures/stimuli/P","M","M","5","62a286090ed91d5c3fca9db6","06/30/2022, 09:33:53",0.729668201486288,"33","Male","right",0,1,0,0,TRUE,"E_M_Michael_McIntyr.png P_M_jeremy_corbyn.png"
4206,"E_F_Julie_Walters.png","P_M_david_camer.png","FALSE","pictures/stimuli/E","pictures/stimuli/P","F","M","5","62a286090ed91d5c3fca9db6","06/30/2022, 09:33:53",0.729668201486288,"33","Male","right",0,1,0,0,TRUE,"E_F_Julie_Walters.png P_M_david_camer.png"
4421,"E_F_Dawn_Roma_French.png","P_M_david_camer.png","FALSE","pictures/stimuli/E","pictures/stimuli/P","F","M","5","62a286090ed91d5c3fca9db6","06/30/2022, 09:33:53",0.729668201486288,"33","Male","right",0,1,0,0,TRUE,"E_F_Dawn_Roma_French.png P_M_david_camer.png"
5111,"E_F_Dawn_Roma_French.png","E_M_Jimmy_Carr.png","TRUE","pictures/stimuli/E","pictures/stimuli/E","F","M","5","62a286090ed91d5c3fca9db6","06/30/2022, 09:33:53",0.729668201486288,"33","Male","right",0,1,0,0,TRUE,"E_F_Dawn_Roma_French.png E_M_Jimmy_Carr.png"
2996,"E_F_Jennifer_Saunders.png","E_F_Sarah_Millican.png","TRUE","pictures/stimuli/E","pictures/stimuli/E","F","F","4","62a286090ed91d5c3fca9db6","06/30/2022, 09:33:53",0.0433466258308687,"33","Male","right",0,0,0,0,TRUE,"E_F_Jennifer_Saunders.png E_F_Sarah_Millican.png"
4258,"P_M_nigel_farage.png","P_M_Tony_Blair.png","TRUE","pictures/stimuli/P","pictures/stimuli/P","M","M","2","62a286090ed91d5c3fca9db6","06/30/2022, 09:33:53",-1.32929652547997,"33","Male","right",1,1,0,0,TRUE,"P_M_nigel_farage.png P_M_Tony_Blair.png"
3402,"E_F_Sarah_Millican.png","E_M_Jimmy_Carr.png","TRUE","pictures/stimuli/E","pictures/stimuli/E","F","M","4","62a286090ed91d5c3fca9db6","06/30/2022, 09:33:53",0.0433466258308687,"33","Male","right",0,1,0,0,TRUE,"E_F_Sarah_Millican.png E_M_Jimmy_Carr.png"
5371,"E_F_Dawn_Roma_French.png","E_M_Russell_Howard.png","TRUE","pictures/stimuli/E","pictures/stimuli/E","F","M","4","62a286090ed91d5c3fca9db6","06/30/2022, 09:33:53",0.0433466258308687,"33","Male","right",0,1,0,0,TRUE,"E_F_Dawn_Roma_French.png E_M_Russell_Howard.png"
6268,"E_F_Jennifer_Saunders.png","P_F_nicola_sturge.png","FALSE","pictures/stimuli/E","pictures/stimuli/P","F","F","3","62a286090ed91d5c3fca9db6","06/30/2022, 09:33:53",-0.64297494982455,"33","Male","right",0,1,0,0,TRUE,"E_F_Jennifer_Saunders.png P_F_nicola_sturge.png"
11054,"E_F_Julie_Walters.png","P_M_keir_starmer.png","FALSE","pictures/stimuli/E","pictures/stimuli/P","F","M","4","62a286090ed91d5c3fca9db6","06/30/2022, 09:33:53",0.0433466258308687,"33","Male","right",0,0,0,0,TRUE,"E_F_Julie_Walters.png P_M_keir_starmer.png"
5079,"E_M_Simon_Pegg.png","P_M_Gordon_Brown.png","FALSE","pictures/stimuli/E","pictures/stimuli/P","M","M","5","62a286090ed91d5c3fca9db6","06/30/2022, 09:33:53",0.729668201486288,"33","Male","right",0,1,0,0,TRUE,"E_M_Simon_Pegg.png P_M_Gordon_Brown.png"
8870,"P_F_Theresa_May.png","P_M_nigel_farage.png","TRUE","pictures/stimuli/P","pictures/stimuli/P","F","M","2","62a286090ed91d5c3fca9db6","06/30/2022, 09:33:53",-1.32929652547997,"33","Male","right",1,1,0,0,TRUE,"P_F_Theresa_May.png P_M_nigel_farage.png"
4586,"E_F_Dawn_Roma_French.png","P_M_keir_starmer.png","FALSE","pictures/stimuli/E","pictures/stimuli/P","F","M","4","62a286090ed91d5c3fca9db6","06/30/2022, 09:33:53",0.0433466258308687,"33","Male","right",0,0,0,0,TRUE,"E_F_Dawn_Roma_French.png P_M_keir_starmer.png"
3838,"E_F_Julie_Walters.png","E_M_Jimmy_Carr.png","TRUE","pictures/stimuli/E","pictures/stimuli/E","F","M","3","62a286090ed91d5c3fca9db6","06/30/2022, 09:33:53",-0.64297494982455,"33","Male","right",0,1,0,0,TRUE,"E_F_Julie_Walters.png E_M_Jimmy_Carr.png"
3337,"P_F_nicola_sturge.png","P_M_Tony_Blair.png","TRUE","pictures/stimuli/P","pictures/stimuli/P","F","M","2","62a286090ed91d5c3fca9db6","06/30/2022, 09:33:53",-1.32929652547997,"33","Male","right",1,1,0,0,TRUE,"P_F_nicola_sturge.png P_M_Tony_Blair.png"
4524,"E_M_Ewan_McGregor.png","E_M_Simon_Pegg.png","TRUE","pictures/stimuli/E","pictures/stimuli/E","M","M","4","62a286090ed91d5c3fca9db6","06/30/2022, 09:33:53",0.0433466258308687,"33","Male","right",0,0,0,0,TRUE,"E_M_Ewan_McGregor.png E_M_Simon_Pegg.png"
4198,"P_F_nicola_sturge.png","P_M_jeremy_corbyn.png","TRUE","pictures/stimuli/P","pictures/stimuli/P","F","M","2","62a286090ed91d5c3fca9db6","06/30/2022, 09:33:53",-1.32929652547997,"33","Male","right",1,1,0,0,TRUE,"P_F_nicola_sturge.png P_M_jeremy_corbyn.png"
3649,"E_M_Peter_Kay.png","P_M_Tony_Blair.png","FALSE","pictures/stimuli/E","pictures/stimuli/P","M","M","5","62a286090ed91d5c3fca9db6","06/30/2022, 09:33:53",0.729668201486288,"33","Male","right",1,1,0,0,TRUE,"E_M_Peter_Kay.png P_M_Tony_Blair.png"
4904,"E_M_Jimmy_Carr.png","E_M_Michael_McIntyr.png","TRUE","pictures/stimuli/E","pictures/stimuli/E","M","M","4","62a286090ed91d5c3fca9db6","06/30/2022, 09:33:53",0.0433466258308687,"33","Male","right",1,0,0,0,TRUE,"E_M_Jimmy_Carr.png E_M_Michael_McIntyr.png"
6140,"E_F_Dawn_Roma_French.png","E_M_Ewan_McGregor.png","TRUE","pictures/stimuli/E","pictures/stimuli/E","F","M","5","62a286090ed91d5c3fca9db6","06/30/2022, 09:33:53",0.729668201486288,"33","Male","right",0,0,0,0,TRUE,"E_F_Dawn_Roma_French.png E_M_Ewan_McGregor.png"
2447,"E_F_Jennifer_Saunders.png","P_M_Sajid_Javid.png","FALSE","pictures/stimuli/E","pictures/stimuli/P","F","M","4","62a286090ed91d5c3fca9db6","06/30/2022, 09:33:53",0.0433466258308687,"33","Male","right",0,0,0,0,TRUE,"E_F_Jennifer_Saunders.png P_M_Sajid_Javid.png"
3914,"E_F_Jennifer_Saunders.png","E_M_Simon_Pegg.png","TRUE","pictures/stimuli/E","pictures/stimuli/E","F","M","4","62a286090ed91d5c3fca9db6","06/30/2022, 09:33:53",0.0433466258308687,"33","Male","right",0,0,0,0,TRUE,"E_F_Jennifer_Saunders.png E_M_Simon_Pegg.png"
2978,"E_M_Ewan_McGregor.png","E_M_Jimmy_Carr.png","TRUE","pictures/stimuli/E","pictures/stimuli/E","M","M","4","62a286090ed91d5c3fca9db6","06/30/2022, 09:33:53",0.0433466258308687,"33","Male","right",0,1,0,0,TRUE,"E_M_Ewan_McGregor.png E_M_Jimmy_Carr.png"
3223,"E_F_Jennifer_Saunders.png","E_F_Julie_Walters.png","TRUE","pictures/stimuli/E","pictures/stimuli/E","F","F","3","62a286090ed91d5c3fca9db6","06/30/2022, 09:33:53",-0.64297494982455,"33","Male","right",0,0,0,0,TRUE,"E_F_Jennifer_Saunders.png E_F_Julie_Walters.png"
6534,"E_F_Dawn_Roma_French.png","P_F_Theresa_May.png","FALSE","pictures/stimuli/E","pictures/stimuli/P","F","F","4","62a286090ed91d5c3fca9db6","06/30/2022, 09:33:53",0.0433466258308687,"33","Male","right",0,1,0,0,TRUE,"E_F_Dawn_Roma_French.png P_F_Theresa_May.png"
8973,"P_M_jeremy_corbyn.png","P_M_Michael_Gove.png","TRUE","pictures/stimuli/P","pictures/stimuli/P","M","M","4","62a286090ed91d5c3fca9db6","06/30/2022, 09:33:53",0.0433466258308687,"33","Male","right",1,0,0,0,TRUE,"P_M_jeremy_corbyn.png P_M_Michael_Gove.png"
4315,"P_F_Theresa_May.png","P_M_keir_starmer.png","TRUE","pictures/stimuli/P","pictures/stimuli/P","F","M","4","62a286090ed91d5c3fca9db6","06/30/2022, 09:33:53",0.0433466258308687,"33","Male","right",1,0,0,0,TRUE,"P_F_Theresa_May.png P_M_keir_starmer.png"
10164,"E_M_Peter_Kay.png","P_M_Sajid_Javid.png","FALSE","pictures/stimuli/E","pictures/stimuli/P","M","M","4","62a286090ed91d5c3fca9db6","06/30/2022, 09:33:53",0.0433466258308687,"33","Male","right",1,0,0,0,TRUE,"E_M_Peter_Kay.png P_M_Sajid_Javid.png"
2778,"E_M_Peter_Kay.png","P_F_nicola_sturge.png","FALSE","pictures/stimuli/E","pictures/stimuli/P","M","F","5","62a286090ed91d5c3fca9db6","06/30/2022, 09:33:53",0.729668201486288,"33","Male","right",1,1,0,0,TRUE,"E_M_Peter_Kay.png P_F_nicola_sturge.png"
2391,"E_F_Dawn_Roma_French.png","P_M_nigel_farage.png","FALSE","pictures/stimuli/E","pictures/stimuli/P","F","M","5","62a286090ed91d5c3fca9db6","06/30/2022, 09:33:53",0.729668201486288,"33","Male","right",0,1,0,0,TRUE,"E_F_Dawn_Roma_French.png P_M_nigel_farage.png"
4179,"E_F_Julie_Walters.png","E_M_Simon_Pegg.png","TRUE","pictures/stimuli/E","pictures/stimuli/E","F","M","4","62a286090ed91d5c3fca9db6","06/30/2022, 09:33:53",0.0433466258308687,"33","Male","right",0,0,0,0,TRUE,"E_F_Julie_Walters.png E_M_Simon_Pegg.png"
3955,"P_M_Michael_Gove.png","P_M_Tony_Blair.png","TRUE","pictures/stimuli/P","pictures/stimuli/P","M","M","5","62a286090ed91d5c3fca9db6","06/30/2022, 09:33:53",0.729668201486288,"33","Male","right",0,1,0,0,TRUE,"P_M_Michael_Gove.png P_M_Tony_Blair.png"
8367,"E_M_Simon_Pegg.png","P_M_keir_starmer.png","FALSE","pictures/stimuli/E","pictures/stimuli/P","M","M","4","62a286090ed91d5c3fca9db6","06/30/2022, 09:33:53",0.0433466258308687,"33","Male","right",0,0,0,0,TRUE,"E_M_Simon_Pegg.png P_M_keir_starmer.png"
2784,"E_M_Ewan_McGregor.png","P_F_Theresa_May.png","FALSE","pictures/stimuli/E","pictures/stimuli/P","M","F","5","62a286090ed91d5c3fca9db6","06/30/2022, 09:33:53",0.729668201486288,"33","Male","right",0,1,0,0,TRUE,"E_M_Ewan_McGregor.png P_F_Theresa_May.png"
2031,"E_M_Ewan_McGregor.png","P_M_david_camer.png","FALSE","pictures/stimuli/E","pictures/stimuli/P","M","M","4","62a286090ed91d5c3fca9db6","06/30/2022, 09:33:53",0.0433466258308687,"33","Male","right",0,1,0,0,TRUE,"E_M_Ewan_McGregor.png P_M_david_camer.png"
3045,"P_M_jeremy_corbyn.png","P_M_keir_starmer.png","TRUE","pictures/stimuli/P","pictures/stimuli/P","M","M","3","62a286090ed91d5c3fca9db6","06/30/2022, 09:33:53",-0.64297494982455,"33","Male","right",1,0,0,0,TRUE,"P_M_jeremy_corbyn.png P_M_keir_starmer.png"
2441,"E_F_Sarah_Millican.png","P_M_jeremy_corbyn.png","FALSE","pictures/stimuli/E","pictures/stimuli/P","F","M","4","62a286090ed91d5c3fca9db6","06/30/2022, 09:33:53",0.0433466258308687,"33","Male","right",0,1,0,0,TRUE,"E_F_Sarah_Millican.png P_M_jeremy_corbyn.png"
6621,"E_M_Simon_Pegg.png","P_M_david_camer.png","FALSE","pictures/stimuli/E","pictures/stimuli/P","M","M","5","62a286090ed91d5c3fca9db6","06/30/2022, 09:33:53",0.729668201486288,"33","Male","right",0,1,0,0,TRUE,"E_M_Simon_Pegg.png P_M_david_camer.png"
2464,"E_F_Dawn_Roma_French.png","P_M_Tony_Blair.png","FALSE","pictures/stimuli/E","pictures/stimuli/P","F","M","4","62a286090ed91d5c3fca9db6","06/30/2022, 09:33:53",0.0433466258308687,"33","Male","right",0,1,0,0,TRUE,"E_F_Dawn_Roma_French.png P_M_Tony_Blair.png"
4714,"E_M_Peter_Kay.png","E_M_Russell_Howard.png","TRUE","pictures/stimuli/E","pictures/stimuli/E","M","M","1","62a286090ed91d5c3fca9db6","06/30/2022, 09:33:53",-2.01561810113539,"33","Male","right",1,1,0,0,TRUE,"E_M_Peter_Kay.png E_M_Russell_Howard.png"
2275,"P_M_keir_starmer.png","P_M_Sajid_Javid.png","TRUE","pictures/stimuli/P","pictures/stimuli/P","M","M","3","62a286090ed91d5c3fca9db6","06/30/2022, 09:33:53",-0.64297494982455,"33","Male","right",0,0,0,0,TRUE,"P_M_keir_starmer.png P_M_Sajid_Javid.png"
2599,"E_F_Julie_Walters.png","P_M_Tony_Blair.png","FALSE","pictures/stimuli/E","pictures/stimuli/P","F","M","6","62a286090ed91d5c3fca9db6","06/30/2022, 09:33:53",1.41598977714171,"33","Male","right",0,1,0,0,TRUE,"E_F_Julie_Walters.png P_M_Tony_Blair.png"
2974,"P_M_keir_starmer.png","P_M_nigel_farage.png","TRUE","pictures/stimuli/P","pictures/stimuli/P","M","M","1","62a286090ed91d5c3fca9db6","06/30/2022, 09:33:53",-2.01561810113539,"33","Male","right",0,1,0,0,TRUE,"P_M_keir_starmer.png P_M_nigel_farage.png"
2855,"E_F_Jennifer_Saunders.png","P_M_nigel_farage.png","FALSE","pictures/stimuli/E","pictures/stimuli/P","F","M","5","62a286090ed91d5c3fca9db6","06/30/2022, 09:33:53",0.729668201486288,"33","Male","right",0,1,0,0,TRUE,"E_F_Jennifer_Saunders.png P_M_nigel_farage.png"
2429,"P_F_Theresa_May.png","P_M_david_camer.png","TRUE","pictures/stimuli/P","pictures/stimuli/P","F","M","1","62a286090ed91d5c3fca9db6","06/30/2022, 09:33:53",-2.01561810113539,"33","Male","right",1,1,0,0,TRUE,"P_F_Theresa_May.png P_M_david_camer.png"
2744,"E_M_Jimmy_Carr.png","P_M_Tony_Blair.png","FALSE","pictures/stimuli/E","pictures/stimuli/P","M","M","6","62a286090ed91d5c3fca9db6","06/30/2022, 09:33:53",1.41598977714171,"33","Male","right",1,1,0,0,TRUE,"E_M_Jimmy_Carr.png P_M_Tony_Blair.png"
3390,"E_F_Jennifer_Saunders.png","E_M_Peter_Kay.png","TRUE","pictures/stimuli/E","pictures/stimuli/E","F","M","4","62a286090ed91d5c3fca9db6","06/30/2022, 09:33:53",0.0433466258308687,"33","Male","right",0,1,0,0,TRUE,"E_F_Jennifer_Saunders.png E_M_Peter_Kay.png"
2755,"E_F_Sarah_Millican.png","P_F_Theresa_May.png","FALSE","pictures/stimuli/E","pictures/stimuli/P","F","F","3","62a286090ed91d5c3fca9db6","06/30/2022, 09:33:53",-0.64297494982455,"33","Male","right",0,1,0,0,TRUE,"E_F_Sarah_Millican.png P_F_Theresa_May.png"
3743,"E_F_Jennifer_Saunders.png","P_M_Michael_Gove.png","FALSE","pictures/stimuli/E","pictures/stimuli/P","F","M","4","62a286090ed91d5c3fca9db6","06/30/2022, 09:33:53",0.0433466258308687,"33","Male","right",0,0,0,0,TRUE,"E_F_Jennifer_Saunders.png P_M_Michael_Gove.png"
3086,"E_M_Ewan_McGregor.png","E_M_Russell_Howard.png","TRUE","pictures/stimuli/E","pictures/stimuli/E","M","M","4","62a286090ed91d5c3fca9db6","06/30/2022, 09:33:53",0.0433466258308687,"33","Male","right",0,1,0,0,TRUE,"E_M_Ewan_McGregor.png E_M_Russell_Howard.png"
2728,"E_M_Ewan_McGregor.png","P_M_jeremy_corbyn.png","FALSE","pictures/stimuli/E","pictures/stimuli/P","M","M","3","62a286090ed91d5c3fca9db6","06/30/2022, 09:33:53",-0.64297494982455,"33","Male","right",0,1,0,0,TRUE,"E_M_Ewan_McGregor.png P_M_jeremy_corbyn.png"
3609,"P_M_jeremy_corbyn.png","P_M_nigel_farage.png","TRUE","pictures/stimuli/P","pictures/stimuli/P","M","M","1","62a286090ed91d5c3fca9db6","06/30/2022, 09:33:53",-2.01561810113539,"33","Male","right",1,1,0,0,TRUE,"P_M_jeremy_corbyn.png P_M_nigel_farage.png"
3929,"E_M_Russell_Howard.png","P_M_keir_starmer.png","FALSE","pictures/stimuli/E","pictures/stimuli/P","M","M","5","62a286090ed91d5c3fca9db6","06/30/2022, 09:33:53",0.729668201486288,"33","Male","right",1,0,0,0,TRUE,"E_M_Russell_Howard.png P_M_keir_starmer.png"
1891,"P_M_jeremy_corbyn.png","P_M_Sajid_Javid.png","TRUE","pictures/stimuli/P","pictures/stimuli/P","M","M","4","62a286090ed91d5c3fca9db6","06/30/2022, 09:33:53",0.0433466258308687,"33","Male","right",1,0,0,0,TRUE,"P_M_jeremy_corbyn.png P_M_Sajid_Javid.png"
2965,"E_M_Simon_Pegg.png","P_M_jeremy_corbyn.png","FALSE","pictures/stimuli/E","pictures/stimuli/P","M","M","4","62a286090ed91d5c3fca9db6","06/30/2022, 09:33:53",0.0433466258308687,"33","Male","right",0,1,0,0,TRUE,"E_M_Simon_Pegg.png P_M_jeremy_corbyn.png"
2556,"P_M_Gordon_Brown.png","P_M_jeremy_corbyn.png","TRUE","pictures/stimuli/P","pictures/stimuli/P","M","M","1","62a286090ed91d5c3fca9db6","06/30/2022, 09:33:53",-2.01561810113539,"33","Male","right",1,1,0,0,TRUE,"P_M_Gordon_Brown.png P_M_jeremy_corbyn.png"
2073,"E_F_Jennifer_Saunders.png","E_M_Jimmy_Carr.png","TRUE","pictures/stimuli/E","pictures/stimuli/E","F","M","4","62a286090ed91d5c3fca9db6","06/30/2022, 09:33:53",0.0433466258308687,"33","Male","right",0,1,0,0,TRUE,"E_F_Jennifer_Saunders.png E_M_Jimmy_Carr.png"
2945,"P_M_Gordon_Brown.png","P_M_keir_starmer.png","TRUE","pictures/stimuli/P","pictures/stimuli/P","M","M","1","62a286090ed91d5c3fca9db6","06/30/2022, 09:33:53",-2.01561810113539,"33","Male","right",1,0,0,0,TRUE,"P_M_Gordon_Brown.png P_M_keir_starmer.png"
3240,"E_F_Dawn_Roma_French.png","E_F_Sarah_Millican.png","TRUE","pictures/stimuli/E","pictures/stimuli/E","F","F","4","62a286090ed91d5c3fca9db6","06/30/2022, 09:33:53",0.0433466258308687,"33","Male","right",0,0,0,0,TRUE,"E_F_Dawn_Roma_French.png E_F_Sarah_Millican.png"
9136,"E_F_Dawn_Roma_French.png","E_F_Jennifer_Saunders.png","TRUE","pictures/stimuli/E","pictures/stimuli/E","F","F","3","62a286090ed91d5c3fca9db6","06/30/2022, 09:33:53",-0.64297494982455,"33","Male","right",0,0,0,0,TRUE,"E_F_Dawn_Roma_French.png E_F_Jennifer_Saunders.png"
2802,"E_M_Michael_McIntyr.png","P_M_nigel_farage.png","FALSE","pictures/stimuli/E","pictures/stimuli/P","M","M","4","62a286090ed91d5c3fca9db6","06/30/2022, 09:33:53",0.0433466258308687,"33","Male","right",0,1,0,0,TRUE,"E_M_Michael_McIntyr.png P_M_nigel_farage.png"
3457,"P_M_keir_starmer.png","P_M_Tony_Blair.png","TRUE","pictures/stimuli/P","pictures/stimuli/P","M","M","1","62a286090ed91d5c3fca9db6","06/30/2022, 09:33:53",-2.01561810113539,"33","Male","right",0,1,0,0,TRUE,"P_M_keir_starmer.png P_M_Tony_Blair.png"
2153,"P_F_Theresa_May.png","P_M_jeremy_corbyn.png","TRUE","pictures/stimuli/P","pictures/stimuli/P","F","M","1","62a286090ed91d5c3fca9db6","06/30/2022, 09:33:53",-2.01561810113539,"33","Male","right",1,1,0,0,TRUE,"P_F_Theresa_May.png P_M_jeremy_corbyn.png"
2158,"P_M_david_camer.png","P_M_Michael_Gove.png","TRUE","pictures/stimuli/P","pictures/stimuli/P","M","M","4","62a286090ed91d5c3fca9db6","06/30/2022, 09:33:53",0.0433466258308687,"33","Male","right",1,0,0,0,TRUE,"P_M_david_camer.png P_M_Michael_Gove.png"
2723,"E_F_Dawn_Roma_French.png","P_M_Gordon_Brown.png","FALSE","pictures/stimuli/E","pictures/stimuli/P","F","M","4","62a286090ed91d5c3fca9db6","06/30/2022, 09:33:53",0.0433466258308687,"33","Male","right",0,1,0,0,TRUE,"E_F_Dawn_Roma_French.png P_M_Gordon_Brown.png"
3730,"E_F_Sarah_Millican.png","E_M_Michael_McIntyr.png","TRUE","pictures/stimuli/E","pictures/stimuli/E","F","M","4","62a286090ed91d5c3fca9db6","06/30/2022, 09:33:53",0.0433466258308687,"33","Male","right",0,0,0,0,TRUE,"E_F_Sarah_Millican.png E_M_Michael_McIntyr.png"
2473,"P_M_Sajid_Javid.png","P_M_Tony_Blair.png","TRUE","pictures/stimuli/P","pictures/stimuli/P","M","M","4","62a286090ed91d5c3fca9db6","06/30/2022, 09:33:53",0.0433466258308687,"33","Male","right",0,1,0,0,TRUE,"P_M_Sajid_Javid.png P_M_Tony_Blair.png"
4063,"E_M_Jimmy_Carr.png","P_M_keir_starmer.png","FALSE","pictures/stimuli/E","pictures/stimuli/P","M","M","5","62a286090ed91d5c3fca9db6","06/30/2022, 09:33:53",0.729668201486288,"33","Male","right",1,0,0,0,TRUE,"E_M_Jimmy_Carr.png P_M_keir_starmer.png"
3468,"E_F_Sarah_Millican.png","P_M_Gordon_Brown.png","FALSE","pictures/stimuli/E","pictures/stimuli/P","F","M","4","62a286090ed91d5c3fca9db6","06/30/2022, 09:33:53",0.0433466258308687,"33","Male","right",0,1,0,0,TRUE,"E_F_Sarah_Millican.png P_M_Gordon_Brown.png"
2390,"E_F_Sarah_Millican.png","P_M_Sajid_Javid.png","FALSE","pictures/stimuli/E","pictures/stimuli/P","F","M","4","62a286090ed91d5c3fca9db6","06/30/2022, 09:33:53",0.0433466258308687,"33","Male","right",0,0,0,0,TRUE,"E_F_Sarah_Millican.png P_M_Sajid_Javid.png"
4317,"P_M_nigel_farage.png","P_M_Sajid_Javid.png","TRUE","pictures/stimuli/P","pictures/stimuli/P","M","M","4","62a286090ed91d5c3fca9db6","06/30/2022, 09:33:53",0.0433466258308687,"33","Male","right",1,0,0,0,TRUE,"P_M_nigel_farage.png P_M_Sajid_Javid.png"
2826,"E_M_Michael_McIntyr.png","P_M_Tony_Blair.png","FALSE","pictures/stimuli/E","pictures/stimuli/P","M","M","4","62a286090ed91d5c3fca9db6","06/30/2022, 09:33:53",0.0433466258308687,"33","Male","right",0,1,0,0,TRUE,"E_M_Michael_McIntyr.png P_M_Tony_Blair.png"
3289,"E_F_Sarah_Millican.png","P_M_Tony_Blair.png","FALSE","pictures/stimuli/E","pictures/stimuli/P","F","M","5","62a286090ed91d5c3fca9db6","06/30/2022, 09:33:53",0.729668201486288,"33","Male","right",0,1,0,0,TRUE,"E_F_Sarah_Millican.png P_M_Tony_Blair.png"
2638,"E_F_Dawn_Roma_French.png","E_M_Peter_Kay.png","TRUE","pictures/stimuli/E","pictures/stimuli/E","F","M","5","62a286090ed91d5c3fca9db6","06/30/2022, 09:33:53",0.729668201486288,"33","Male","right",0,1,0,0,TRUE,"E_F_Dawn_Roma_French.png E_M_Peter_Kay.png"
3631,"P_F_nicola_sturge.png","P_M_keir_starmer.png","TRUE","pictures/stimuli/P","pictures/stimuli/P","F","M","1","62a286090ed91d5c3fca9db6","06/30/2022, 09:33:53",-2.01561810113539,"33","Male","right",1,0,0,0,TRUE,"P_F_nicola_sturge.png P_M_keir_starmer.png"
1840,"P_M_david_camer.png","P_M_nigel_farage.png","TRUE","pictures/stimuli/P","pictures/stimuli/P","M","M","1","62a286090ed91d5c3fca9db6","06/30/2022, 09:33:53",-2.01561810113539,"33","Male","right",1,1,0,0,TRUE,"P_M_david_camer.png P_M_nigel_farage.png"
2852,"E_M_Simon_Pegg.png","P_M_Michael_Gove.png","FALSE","pictures/stimuli/E","pictures/stimuli/P","M","M","3","62a286090ed91d5c3fca9db6","06/30/2022, 09:33:53",-0.64297494982455,"33","Male","right",0,0,0,0,TRUE,"E_M_Simon_Pegg.png P_M_Michael_Gove.png"
2709,"E_M_Michael_McIntyr.png","P_F_nicola_sturge.png","FALSE","pictures/stimuli/E","pictures/stimuli/P","M","F","5","62a286090ed91d5c3fca9db6","06/30/2022, 09:33:53",0.729668201486288,"33","Male","right",0,1,0,0,TRUE,"E_M_Michael_McIntyr.png P_F_nicola_sturge.png"
2425,"E_M_Jimmy_Carr.png","E_M_Russell_Howard.png","TRUE","pictures/stimuli/E","pictures/stimuli/E","M","M","1","62a286090ed91d5c3fca9db6","06/30/2022, 09:33:53",-2.01561810113539,"33","Male","right",1,1,0,0,TRUE,"E_M_Jimmy_Carr.png E_M_Russell_Howard.png"
2322,"E_M_Ewan_McGregor.png","P_M_Gordon_Brown.png","FALSE","pictures/stimuli/E","pictures/stimuli/P","M","M","4","62a286090ed91d5c3fca9db6","06/30/2022, 09:33:53",0.0433466258308687,"33","Male","right",0,1,0,0,TRUE,"E_M_Ewan_McGregor.png P_M_Gordon_Brown.png"
5620,"E_M_Ewan_McGregor.png","P_M_Sajid_Javid.png","FALSE","pictures/stimuli/E","pictures/stimuli/P","M","M","4","62a286090ed91d5c3fca9db6","06/30/2022, 09:33:53",0.0433466258308687,"33","Male","right",0,0,0,0,TRUE,"E_M_Ewan_McGregor.png P_M_Sajid_Javid.png"
2434,"E_M_Peter_Kay.png","E_M_Simon_Pegg.png","TRUE","pictures/stimuli/E","pictures/stimuli/E","M","M","4","62a286090ed91d5c3fca9db6","06/30/2022, 09:33:53",0.0433466258308687,"33","Male","right",1,0,0,0,TRUE,"E_M_Peter_Kay.png E_M_Simon_Pegg.png"
3525,"E_M_Jimmy_Carr.png","P_M_nigel_farage.png","FALSE","pictures/stimuli/E","pictures/stimuli/P","M","M","6","62a286090ed91d5c3fca9db6","06/30/2022, 09:33:53",1.41598977714171,"33","Male","right",1,1,0,0,TRUE,"E_M_Jimmy_Carr.png P_M_nigel_farage.png"
2485,"E_F_Dawn_Roma_French.png","P_F_nicola_sturge.png","FALSE","pictures/stimuli/E","pictures/stimuli/P","F","F","4","62a286090ed91d5c3fca9db6","06/30/2022, 09:33:53",0.0433466258308687,"33","Male","right",0,1,0,0,TRUE,"E_F_Dawn_Roma_French.png P_F_nicola_sturge.png"
3935,"E_F_Dawn_Roma_French.png","E_F_Julie_Walters.png","TRUE","pictures/stimuli/E","pictures/stimuli/E","F","F","4","62a286090ed91d5c3fca9db6","06/30/2022, 09:33:53",0.0433466258308687,"33","Male","right",0,0,0,0,TRUE,"E_F_Dawn_Roma_French.png E_F_Julie_Walters.png"
1870,"P_M_jeremy_corbyn.png","P_M_Tony_Blair.png","TRUE","pictures/stimuli/P","pictures/stimuli/P","M","M","1","62a286090ed91d5c3fca9db6","06/30/2022, 09:33:53",-2.01561810113539,"33","Male","right",1,1,0,0,TRUE,"P_M_jeremy_corbyn.png P_M_Tony_Blair.png"
2907,"E_M_Michael_McIntyr.png","P_F_Theresa_May.png","FALSE","pictures/stimuli/E","pictures/stimuli/P","M","F","4","62a286090ed91d5c3fca9db6","06/30/2022, 09:33:53",0.0433466258308687,"33","Male","right",0,1,0,0,TRUE,"E_M_Michael_McIntyr.png P_F_Theresa_May.png"
3908,"E_F_Jennifer_Saunders.png","P_M_keir_starmer.png","FALSE","pictures/stimuli/E","pictures/stimuli/P","F","M","4","62a286090ed91d5c3fca9db6","06/30/2022, 09:33:53",0.0433466258308687,"33","Male","right",0,0,0,0,TRUE,"E_F_Jennifer_Saunders.png P_M_keir_starmer.png"
5686,"E_M_Ewan_McGregor.png","P_M_keir_starmer.png","FALSE","pictures/stimuli/E","pictures/stimuli/P","M","M","4","62a286090ed91d5c3fca9db6","06/30/2022, 09:33:53",0.0433466258308687,"33","Male","right",0,0,0,0,TRUE,"E_M_Ewan_McGregor.png P_M_keir_starmer.png"
4059,"P_M_david_camer.png","P_M_Sajid_Javid.png","TRUE","pictures/stimuli/P","pictures/stimuli/P","M","M","3","62a286090ed91d5c3fca9db6","06/30/2022, 09:33:53",-0.64297494982455,"33","Male","right",1,0,0,0,TRUE,"P_M_david_camer.png P_M_Sajid_Javid.png"
2631,"E_F_Jennifer_Saunders.png","P_F_Theresa_May.png","FALSE","pictures/stimuli/E","pictures/stimuli/P","F","F","3","62a286090ed91d5c3fca9db6","06/30/2022, 09:33:53",-0.64297494982455,"33","Male","right",0,1,0,0,TRUE,"E_F_Jennifer_Saunders.png P_F_Theresa_May.png"
1710,"E_F_Julie_Walters.png","P_F_Theresa_May.png","FALSE","pictures/stimuli/E","pictures/stimuli/P","F","F","3","62a286090ed91d5c3fca9db6","06/30/2022, 09:33:53",-0.64297494982455,"33","Male","right",0,1,0,0,TRUE,"E_F_Julie_Walters.png P_F_Theresa_May.png"
4833,"P_M_david_camer.png","P_M_Tony_Blair.png","TRUE","pictures/stimuli/P","pictures/stimuli/P","M","M","1","62a286090ed91d5c3fca9db6","06/30/2022, 09:33:53",-2.01561810113539,"33","Male","right",1,1,0,0,TRUE,"P_M_david_camer.png P_M_Tony_Blair.png"
3662,"E_F_Sarah_Millican.png","P_M_Michael_Gove.png","FALSE","pictures/stimuli/E","pictures/stimuli/P","F","M","4","62a286090ed91d5c3fca9db6","06/30/2022, 09:33:53",0.0433466258308687,"33","Male","right",0,0,0,0,TRUE,"E_F_Sarah_Millican.png P_M_Michael_Gove.png"
3093,"E_F_Julie_Walters.png","P_M_jeremy_corbyn.png","FALSE","pictures/stimuli/E","pictures/stimuli/P","F","M","4","62a286090ed91d5c3fca9db6","06/30/2022, 09:33:53",0.0433466258308687,"33","Male","right",0,1,0,0,TRUE,"E_F_Julie_Walters.png P_M_jeremy_corbyn.png"
3987,"P_M_Michael_Gove.png","P_M_Sajid_Javid.png","TRUE","pictures/stimuli/P","pictures/stimuli/P","M","M","3","62a286090ed91d5c3fca9db6","06/30/2022, 09:33:53",-0.64297494982455,"33","Male","right",0,0,0,0,TRUE,"P_M_Michael_Gove.png P_M_Sajid_Javid.png"
6797,"E_M_Russell_Howard.png","P_M_Gordon_Brown.png","FALSE","pictures/stimuli/E","pictures/stimuli/P","M","M","6","62a286090ed91d5c3fca9db6","06/30/2022, 09:33:53",1.41598977714171,"33","Male","right",1,1,0,0,TRUE,"E_M_Russell_Howard.png P_M_Gordon_Brown.png"
3501,"E_F_Dawn_Roma_French.png","E_M_Michael_McIntyr.png","TRUE","pictures/stimuli/E","pictures/stimuli/E","F","M","4","62a286090ed91d5c3fca9db6","06/30/2022, 09:33:53",0.0433466258308687,"33","Male","right",0,0,0,0,TRUE,"E_F_Dawn_Roma_French.png E_M_Michael_McIntyr.png"
3741,"E_M_Peter_Kay.png","P_M_nigel_farage.png","FALSE","pictures/stimuli/E","pictures/stimuli/P","M","M","6","62a286090ed91d5c3fca9db6","06/30/2022, 09:33:53",1.41598977714171,"33","Male","right",1,1,0,0,TRUE,"E_M_Peter_Kay.png P_M_nigel_farage.png"
2458,"P_F_nicola_sturge.png","P_M_Gordon_Brown.png","TRUE","pictures/stimuli/P","pictures/stimuli/P","F","M","4","62a286090ed91d5c3fca9db6","06/30/2022, 09:33:53",0.0433466258308687,"33","Male","right",1,1,0,0,TRUE,"P_F_nicola_sturge.png P_M_Gordon_Brown.png"
3485,"E_F_Sarah_Millican.png","P_M_nigel_farage.png","FALSE","pictures/stimuli/E","pictures/stimuli/P","F","M","4","62a286090ed91d5c3fca9db6","06/30/2022, 09:33:53",0.0433466258308687,"33","Male","right",0,1,0,0,TRUE,"E_F_Sarah_Millican.png P_M_nigel_farage.png"
2752,"E_F_Sarah_Millican.png","P_M_keir_starmer.png","FALSE","pictures/stimuli/E","pictures/stimuli/P","F","M","4","62a286090ed91d5c3fca9db6","06/30/2022, 09:33:53",0.0433466258308687,"33","Male","right",0,0,0,0,TRUE,"E_F_Sarah_Millican.png P_M_keir_starmer.png"
2766,"E_M_Michael_McIntyr.png","P_M_keir_starmer.png","FALSE","pictures/stimuli/E","pictures/stimuli/P","M","M","3","62a286090ed91d5c3fca9db6","06/30/2022, 09:33:53",-0.64297494982455,"33","Male","right",0,0,0,0,TRUE,"E_M_Michael_McIntyr.png P_M_keir_starmer.png"
5322,"E_M_Peter_Kay.png","P_M_Michael_Gove.png","FALSE","pictures/stimuli/E","pictures/stimuli/P","M","M","3","62a286090ed91d5c3fca9db6","06/30/2022, 09:33:53",-0.64297494982455,"33","Male","right",1,0,0,0,TRUE,"E_M_Peter_Kay.png P_M_Michael_Gove.png"
17229,"E_F_Dawn_Roma_French.png","P_M_Sajid_Javid.png","FALSE","pictures/stimuli/E","pictures/stimuli/P","F","M","4","62a286090ed91d5c3fca9db6","06/30/2022, 09:33:53",0.0433466258308687,"33","Male","right",0,0,0,0,TRUE,"E_F_Dawn_Roma_French.png P_M_Sajid_Javid.png"
5285,"E_M_Michael_McIntyr.png","P_M_Sajid_Javid.png","FALSE","pictures/stimuli/E","pictures/stimuli/P","M","M","4","62a286090ed91d5c3fca9db6","06/30/2022, 09:33:53",0.0433466258308687,"33","Male","right",0,0,0,0,TRUE,"E_M_Michael_McIntyr.png P_M_Sajid_Javid.png"
4100,"E_M_Jimmy_Carr.png","P_M_jeremy_corbyn.png","FALSE","pictures/stimuli/E","pictures/stimuli/P","M","M","6","62a286090ed91d5c3fca9db6","06/30/2022, 09:33:53",1.41598977714171,"33","Male","right",1,1,0,0,TRUE,"E_M_Jimmy_Carr.png P_M_jeremy_corbyn.png"
2289,"E_M_Peter_Kay.png","P_M_Gordon_Brown.png","FALSE","pictures/stimuli/E","pictures/stimuli/P","M","M","6","62a286090ed91d5c3fca9db6","06/30/2022, 09:33:53",1.41598977714171,"33","Male","right",1,1,0,0,TRUE,"E_M_Peter_Kay.png P_M_Gordon_Brown.png"
3675,"E_F_Sarah_Millican.png","E_M_Russell_Howard.png","TRUE","pictures/stimuli/E","pictures/stimuli/E","F","M","6","62a286090ed91d5c3fca9db6","06/30/2022, 09:33:53",1.41598977714171,"33","Male","right",0,1,0,0,TRUE,"E_F_Sarah_Millican.png E_M_Russell_Howard.png"
3097,"P_F_nicola_sturge.png","P_M_Michael_Gove.png","TRUE","pictures/stimuli/P","pictures/stimuli/P","F","M","3","62a286090ed91d5c3fca9db6","06/30/2022, 09:33:53",-0.64297494982455,"33","Male","right",1,0,0,0,TRUE,"P_F_nicola_sturge.png P_M_Michael_Gove.png"
5697,"E_M_Russell_Howard.png","P_M_jeremy_corbyn.png","FALSE","pictures/stimuli/E","pictures/stimuli/P","M","M","6","62a286090ed91d5c3fca9db6","06/30/2022, 09:33:53",1.41598977714171,"33","Male","right",1,1,0,0,TRUE,"E_M_Russell_Howard.png P_M_jeremy_corbyn.png"
4218,"E_F_Julie_Walters.png","E_M_Peter_Kay.png","TRUE","pictures/stimuli/E","pictures/stimuli/E","F","M","5","62a286090ed91d5c3fca9db6","06/30/2022, 09:33:53",0.729668201486288,"33","Male","right",0,1,0,0,TRUE,"E_F_Julie_Walters.png E_M_Peter_Kay.png"
3644,"E_F_Julie_Walters.png","P_F_nicola_sturge.png","FALSE","pictures/stimuli/E","pictures/stimuli/P","F","F","3","62a286090ed91d5c3fca9db6","06/30/2022, 09:33:53",-0.64297494982455,"33","Male","right",0,1,0,0,TRUE,"E_F_Julie_Walters.png P_F_nicola_sturge.png"
2759,"P_M_david_camer.png","P_M_Gordon_Brown.png","TRUE","pictures/stimuli/P","pictures/stimuli/P","M","M","1","62a286090ed91d5c3fca9db6","06/30/2022, 09:33:53",-2.01561810113539,"33","Male","right",1,1,0,0,TRUE,"P_M_david_camer.png P_M_Gordon_Brown.png"
2519,"E_M_Russell_Howard.png","P_M_Tony_Blair.png","FALSE","pictures/stimuli/E","pictures/stimuli/P","M","M","6","62a286090ed91d5c3fca9db6","06/30/2022, 09:33:53",1.41598977714171,"33","Male","right",1,1,0,0,TRUE,"E_M_Russell_Howard.png P_M_Tony_Blair.png"
5418,"E_M_Simon_Pegg.png","P_F_nicola_sturge.png","FALSE","pictures/stimuli/E","pictures/stimuli/P","M","F","4","62a286090ed91d5c3fca9db6","06/30/2022, 09:33:53",0.0433466258308687,"33","Male","right",0,1,0,0,TRUE,"E_M_Simon_Pegg.png P_F_nicola_sturge.png"
7579,"E_F_Julie_Walters.png","E_M_Ewan_McGregor.png","TRUE","pictures/stimuli/E","pictures/stimuli/E","F","M","4","62a286090ed91d5c3fca9db6","06/30/2022, 09:33:53",0.0433466258308687,"33","Male","right",0,0,0,0,TRUE,"E_F_Julie_Walters.png E_M_Ewan_McGregor.png"
4842,"E_F_Jennifer_Saunders.png","E_M_Ewan_McGregor.png","TRUE","pictures/stimuli/E","pictures/stimuli/E","F","M","5","62a286090ed91d5c3fca9db6","06/30/2022, 09:33:53",0.729668201486288,"33","Male","right",0,0,0,0,TRUE,"E_F_Jennifer_Saunders.png E_M_Ewan_McGregor.png"
2654,"E_M_Jimmy_Carr.png","E_M_Peter_Kay.png","TRUE","pictures/stimuli/E","pictures/stimuli/E","M","M","1","62a286090ed91d5c3fca9db6","06/30/2022, 09:33:53",-2.01561810113539,"33","Male","right",1,1,0,0,TRUE,"E_M_Jimmy_Carr.png E_M_Peter_Kay.png"
2797,"E_M_Russell_Howard.png","P_M_Sajid_Javid.png","FALSE","pictures/stimuli/E","pictures/stimuli/P","M","M","4","62a286090ed91d5c3fca9db6","06/30/2022, 09:33:53",0.0433466258308687,"33","Male","right",1,0,0,0,TRUE,"E_M_Russell_Howard.png P_M_Sajid_Javid.png"
3746,"E_F_Sarah_Millican.png","E_M_Peter_Kay.png","TRUE","pictures/stimuli/E","pictures/stimuli/E","F","M","5","62a286090ed91d5c3fca9db6","06/30/2022, 09:33:53",0.729668201486288,"33","Male","right",0,1,0,0,TRUE,"E_F_Sarah_Millican.png E_M_Peter_Kay.png"
2449,"E_M_Peter_Kay.png","P_M_keir_starmer.png","FALSE","pictures/stimuli/E","pictures/stimuli/P","M","M","4","62a286090ed91d5c3fca9db6","06/30/2022, 09:33:53",0.0433466258308687,"33","Male","right",1,0,0,0,TRUE,"E_M_Peter_Kay.png P_M_keir_starmer.png"
4792,"E_M_Jimmy_Carr.png","P_M_Sajid_Javid.png","FALSE","pictures/stimuli/E","pictures/stimuli/P","M","M","4","62a286090ed91d5c3fca9db6","06/30/2022, 09:33:53",0.0433466258308687,"33","Male","right",1,0,0,0,TRUE,"E_M_Jimmy_Carr.png P_M_Sajid_Javid.png"
4463,"E_F_Sarah_Millican.png","P_M_david_camer.png","FALSE","pictures/stimuli/E","pictures/stimuli/P","F","M","5","62a286090ed91d5c3fca9db6","06/30/2022, 09:33:53",0.729668201486288,"33","Male","right",0,1,0,0,TRUE,"E_F_Sarah_Millican.png P_M_david_camer.png"
6069,"E_F_Julie_Walters.png","P_M_Sajid_Javid.png","FALSE","pictures/stimuli/E","pictures/stimuli/P","F","M","5","62a286090ed91d5c3fca9db6","06/30/2022, 09:33:53",0.729668201486288,"33","Male","right",0,0,0,0,TRUE,"E_F_Julie_Walters.png P_M_Sajid_Javid.png"
2629,"E_M_Jimmy_Carr.png","P_M_Michael_Gove.png","FALSE","pictures/stimuli/E","pictures/stimuli/P","M","M","4","62a286090ed91d5c3fca9db6","06/30/2022, 09:33:53",0.0433466258308687,"33","Male","right",1,0,0,0,TRUE,"E_M_Jimmy_Carr.png P_M_Michael_Gove.png"
4640,"E_F_Jennifer_Saunders.png","P_M_Gordon_Brown.png","FALSE","pictures/stimuli/E","pictures/stimuli/P","F","M","5","62a286090ed91d5c3fca9db6","06/30/2022, 09:33:53",0.729668201486288,"33","Male","right",0,1,0,0,TRUE,"E_F_Jennifer_Saunders.png P_M_Gordon_Brown.png"
2786,"P_F_nicola_sturge.png","P_M_nigel_farage.png","TRUE","pictures/stimuli/P","pictures/stimuli/P","F","M","3","62a286090ed91d5c3fca9db6","06/30/2022, 09:33:53",-0.64297494982455,"33","Male","right",1,1,0,0,TRUE,"P_F_nicola_sturge.png P_M_nigel_farage.png"
2893,"P_F_Theresa_May.png","P_M_Tony_Blair.png","TRUE","pictures/stimuli/P","pictures/stimuli/P","F","M","1","62a286090ed91d5c3fca9db6","06/30/2022, 09:33:53",-2.01561810113539,"33","Male","right",1,1,0,0,TRUE,"P_F_Theresa_May.png P_M_Tony_Blair.png"
4395,"E_F_Dawn_Roma_French.png","P_M_jeremy_corbyn.png","FALSE","pictures/stimuli/E","pictures/stimuli/P","F","M","4","62a286090ed91d5c3fca9db6","06/30/2022, 09:33:53",0.0433466258308687,"33","Male","right",0,1,0,0,TRUE,"E_F_Dawn_Roma_French.png P_M_jeremy_corbyn.png"
2164,"P_F_nicola_sturge.png","P_M_david_camer.png","TRUE","pictures/stimuli/P","pictures/stimuli/P","F","M","2","62a286090ed91d5c3fca9db6","06/30/2022, 09:33:53",-1.32929652547997,"33","Male","right",1,1,0,0,TRUE,"P_F_nicola_sturge.png P_M_david_camer.png"
4563,"E_M_Michael_McIntyr.png","E_M_Peter_Kay.png","TRUE","pictures/stimuli/E","pictures/stimuli/E","M","M","6","62a286090ed91d5c3fca9db6","06/30/2022, 09:33:53",1.41598977714171,"33","Male","right",0,1,0,0,TRUE,"E_M_Michael_McIntyr.png E_M_Peter_Kay.png"
4578,"P_F_Theresa_May.png","P_M_Michael_Gove.png","TRUE","pictures/stimuli/P","pictures/stimuli/P","F","M","5","62a286090ed91d5c3fca9db6","06/30/2022, 09:33:53",0.729668201486288,"33","Male","right",1,0,0,0,TRUE,"P_F_Theresa_May.png P_M_Michael_Gove.png"
2770,"E_M_Peter_Kay.png","P_M_jeremy_corbyn.png","FALSE","pictures/stimuli/E","pictures/stimuli/P","M","M","6","62a286090ed91d5c3fca9db6","06/30/2022, 09:33:53",1.41598977714171,"33","Male","right",1,1,0,0,TRUE,"E_M_Peter_Kay.png P_M_jeremy_corbyn.png"
2281,"E_F_Julie_Walters.png","P_M_Gordon_Brown.png","FALSE","pictures/stimuli/E","pictures/stimuli/P","F","M","6","62a286090ed91d5c3fca9db6","06/30/2022, 09:33:53",1.41598977714171,"33","Male","right",0,1,0,0,TRUE,"E_F_Julie_Walters.png P_M_Gordon_Brown.png"
2102,"P_M_david_camer.png","P_M_keir_starmer.png","TRUE","pictures/stimuli/P","pictures/stimuli/P","M","M","1","62a286090ed91d5c3fca9db6","06/30/2022, 09:33:53",-2.01561810113539,"33","Male","right",1,0,0,0,TRUE,"P_M_david_camer.png P_M_keir_starmer.png"
2730,"E_M_Ewan_McGregor.png","P_M_Michael_Gove.png","FALSE","pictures/stimuli/E","pictures/stimuli/P","M","M","4","62a286090ed91d5c3fca9db6","06/30/2022, 09:33:53",0.0433466258308687,"33","Male","right",0,0,0,0,TRUE,"E_M_Ewan_McGregor.png P_M_Michael_Gove.png"
2135,"E_M_Russell_Howard.png","P_F_Theresa_May.png","FALSE","pictures/stimuli/E","pictures/stimuli/P","M","F","6","62a286090ed91d5c3fca9db6","06/30/2022, 09:33:53",1.41598977714171,"33","Male","right",1,1,0,0,TRUE,"E_M_Russell_Howard.png P_F_Theresa_May.png"
2772,"E_M_Ewan_McGregor.png","P_M_Tony_Blair.png","FALSE","pictures/stimuli/E","pictures/stimuli/P","M","M","6","62a286090ed91d5c3fca9db6","06/30/2022, 09:33:53",1.41598977714171,"33","Male","right",0,1,0,0,TRUE,"E_M_Ewan_McGregor.png P_M_Tony_Blair.png"
3710,"P_M_Michael_Gove.png","P_M_nigel_farage.png","TRUE","pictures/stimuli/P","pictures/stimuli/P","M","M","3","62a286090ed91d5c3fca9db6","06/30/2022, 09:33:53",-0.64297494982455,"33","Male","right",0,1,0,0,TRUE,"P_M_Michael_Gove.png P_M_nigel_farage.png"
4259,"E_M_Russell_Howard.png","P_M_Michael_Gove.png","FALSE","pictures/stimuli/E","pictures/stimuli/P","M","M","5","62a286090ed91d5c3fca9db6","06/30/2022, 09:33:53",0.729668201486288,"33","Male","right",1,0,0,0,TRUE,"E_M_Russell_Howard.png P_M_Michael_Gove.png"
3728,"E_F_Julie_Walters.png","P_M_nigel_farage.png","FALSE","pictures/stimuli/E","pictures/stimuli/P","F","M","6","62a286090ed91d5c3fca9db6","06/30/2022, 09:33:53",1.41598977714171,"33","Male","right",0,1,0,0,TRUE,"E_F_Julie_Walters.png P_M_nigel_farage.png"
2516,"E_F_Julie_Walters.png","E_M_Michael_McIntyr.png","TRUE","pictures/stimuli/E","pictures/stimuli/E","F","M","5","62a286090ed91d5c3fca9db6","06/30/2022, 09:33:53",0.729668201486288,"33","Male","right",0,0,0,0,TRUE,"E_F_Julie_Walters.png E_M_Michael_McIntyr.png"
3930,"E_F_Dawn_Roma_French.png","P_M_Michael_Gove.png","FALSE","pictures/stimuli/E","pictures/stimuli/P","F","M","4","62a286090ed91d5c3fca9db6","06/30/2022, 09:33:53",0.0433466258308687,"33","Male","right",0,0,0,0,TRUE,"E_F_Dawn_Roma_French.png P_M_Michael_Gove.png"
2315,"E_M_Jimmy_Carr.png","P_M_david_camer.png","FALSE","pictures/stimuli/E","pictures/stimuli/P","M","M","6","62a286090ed91d5c3fca9db6","06/30/2022, 09:33:53",1.41598977714171,"33","Male","right",1,1,0,0,TRUE,"E_M_Jimmy_Carr.png P_M_david_camer.png"
3757,"E_M_Ewan_McGregor.png","E_M_Michael_McIntyr.png","TRUE","pictures/stimuli/E","pictures/stimuli/E","M","M","4","62a286090ed91d5c3fca9db6","06/30/2022, 09:33:53",0.0433466258308687,"33","Male","right",0,0,0,0,TRUE,"E_M_Ewan_McGregor.png E_M_Michael_McIntyr.png"
3100,"E_F_Jennifer_Saunders.png","P_M_jeremy_corbyn.png","FALSE","pictures/stimuli/E","pictures/stimuli/P","F","M","6","62a286090ed91d5c3fca9db6","06/30/2022, 09:33:53",1.41598977714171,"33","Male","right",0,1,0,0,TRUE,"E_F_Jennifer_Saunders.png P_M_jeremy_corbyn.png"
2235,"E_F_Jennifer_Saunders.png","P_M_david_camer.png","FALSE","pictures/stimuli/E","pictures/stimuli/P","F","M","6","62a286090ed91d5c3fca9db6","06/30/2022, 09:33:53",1.41598977714171,"33","Male","right",0,1,0,0,TRUE,"E_F_Jennifer_Saunders.png P_M_david_camer.png"
2235,"E_M_Russell_Howard.png","P_F_nicola_sturge.png","FALSE","pictures/stimuli/E","pictures/stimuli/P","M","F","6","62a286090ed91d5c3fca9db6","06/30/2022, 09:33:53",1.41598977714171,"33","Male","right",1,1,0,0,TRUE,"E_M_Russell_Howard.png P_F_nicola_sturge.png"
2004,"E_M_Simon_Pegg.png","P_M_Sajid_Javid.png","FALSE","pictures/stimuli/E","pictures/stimuli/P","M","M","4","62a286090ed91d5c3fca9db6","06/30/2022, 09:33:53",0.0433466258308687,"33","Male","right",0,0,0,0,TRUE,"E_M_Simon_Pegg.png P_M_Sajid_Javid.png"
2845,"E_M_Michael_McIntyr.png","P_M_david_camer.png","FALSE","pictures/stimuli/E","pictures/stimuli/P","M","M","6","62a286090ed91d5c3fca9db6","06/30/2022, 09:33:53",1.41598977714171,"33","Male","right",0,1,0,0,TRUE,"E_M_Michael_McIntyr.png P_M_david_camer.png"
2276,"E_M_Peter_Kay.png","P_M_david_camer.png","FALSE","pictures/stimuli/E","pictures/stimuli/P","M","M","6","62a286090ed91d5c3fca9db6","06/30/2022, 09:33:53",1.41598977714171,"33","Male","right",1,1,0,0,TRUE,"E_M_Peter_Kay.png P_M_david_camer.png"
2037,"E_F_Jennifer_Saunders.png","E_M_Michael_McIntyr.png","TRUE","pictures/stimuli/E","pictures/stimuli/E","F","M","4","62a286090ed91d5c3fca9db6","06/30/2022, 09:33:53",0.0433466258308687,"33","Male","right",0,0,0,0,TRUE,"E_F_Jennifer_Saunders.png E_M_Michael_McIntyr.png"
2768,"E_F_Sarah_Millican.png","E_M_Ewan_McGregor.png","TRUE","pictures/stimuli/E","pictures/stimuli/E","F","M","4","62a286090ed91d5c3fca9db6","06/30/2022, 09:33:53",0.0433466258308687,"33","Male","right",0,0,0,0,TRUE,"E_F_Sarah_Millican.png E_M_Ewan_McGregor.png"
5023,"E_M_Jimmy_Carr.png","E_M_Simon_Pegg.png","TRUE","pictures/stimuli/E","pictures/stimuli/E","M","M","4","62a286090ed91d5c3fca9db6","06/30/2022, 09:33:53",0.0433466258308687,"33","Male","right",1,0,0,0,TRUE,"E_M_Jimmy_Carr.png E_M_Simon_Pegg.png"
2251,"E_M_Jimmy_Carr.png","P_F_Theresa_May.png","FALSE","pictures/stimuli/E","pictures/stimuli/P","M","F","6","62a286090ed91d5c3fca9db6","06/30/2022, 09:33:53",1.41598977714171,"33","Male","right",1,1,0,0,TRUE,"E_M_Jimmy_Carr.png P_F_Theresa_May.png"
6794,"E_M_Jimmy_Carr.png","P_M_Gordon_Brown.png","FALSE","pictures/stimuli/E","pictures/stimuli/P","M","M","6","62a286090ed91d5c3fca9db6","06/30/2022, 09:33:53",1.41598977714171,"33","Male","right",1,1,0,0,TRUE,"E_M_Jimmy_Carr.png P_M_Gordon_Brown.png"
3939,"E_M_Ewan_McGregor.png","P_F_nicola_sturge.png","FALSE","pictures/stimuli/E","pictures/stimuli/P","M","F","6","62a286090ed91d5c3fca9db6","06/30/2022, 09:33:53",1.41598977714171,"33","Male","right",0,1,0,0,TRUE,"E_M_Ewan_McGregor.png P_F_nicola_sturge.png"
4338,"E_M_Simon_Pegg.png","P_F_Theresa_May.png","FALSE","pictures/stimuli/E","pictures/stimuli/P","M","F","6","62a286090ed91d5c3fca9db6","06/30/2022, 09:33:53",1.41598977714171,"33","Male","right",0,1,0,0,TRUE,"E_M_Simon_Pegg.png P_F_Theresa_May.png"
4992,"E_F_Sarah_Millican.png","E_M_Simon_Pegg.png","TRUE","pictures/stimuli/E","pictures/stimuli/E","F","M","4","62a286090ed91d5c3fca9db6","06/30/2022, 09:33:53",0.0433466258308687,"33","Male","right",0,0,0,0,TRUE,"E_F_Sarah_Millican.png E_M_Simon_Pegg.png"
2950,"P_M_david_camer.png","P_M_jeremy_corbyn.png","TRUE","pictures/stimuli/P","pictures/stimuli/P","M","M","1","62a286090ed91d5c3fca9db6","06/30/2022, 09:33:53",-2.01561810113539,"33","Male","right",1,1,0,0,TRUE,"P_M_david_camer.png P_M_jeremy_corbyn.png"
6536,"E_M_Simon_Pegg.png","P_M_Tony_Blair.png","FALSE","pictures/stimuli/E","pictures/stimuli/P","M","M","1","62a286090ed91d5c3fca9db6","06/30/2022, 09:33:53",-2.01561810113539,"33","Male","right",0,1,0,0,TRUE,"E_M_Simon_Pegg.png P_M_Tony_Blair.png"
6198,"E_M_Ewan_McGregor.png","P_M_nigel_farage.png","FALSE","pictures/stimuli/E","pictures/stimuli/P","M","M","3","62a286090ed91d5c3fca9db6","06/30/2022, 09:33:53",-0.64297494982455,"33","Male","right",0,1,0,0,TRUE,"E_M_Ewan_McGregor.png P_M_nigel_farage.png"
2974,"P_M_Gordon_Brown.png","P_M_Michael_Gove.png","TRUE","pictures/stimuli/P","pictures/stimuli/P","M","M","4","62a286090ed91d5c3fca9db6","06/30/2022, 09:33:53",0.0433466258308687,"33","Male","right",1,0,0,0,TRUE,"P_M_Gordon_Brown.png P_M_Michael_Gove.png"
1875,"E_M_Michael_McIntyr.png","P_M_Michael_Gove.png","FALSE","pictures/stimuli/E","pictures/stimuli/P","M","M","4","62a286090ed91d5c3fca9db6","06/30/2022, 09:33:53",0.0433466258308687,"33","Male","right",0,0,0,0,TRUE,"E_M_Michael_McIntyr.png P_M_Michael_Gove.png"
2600,"E_M_Michael_McIntyr.png","P_M_Gordon_Brown.png","FALSE","pictures/stimuli/E","pictures/stimuli/P","M","M","4","62a286090ed91d5c3fca9db6","06/30/2022, 09:33:53",0.0433466258308687,"33","Male","right",0,1,0,0,TRUE,"E_M_Michael_McIntyr.png P_M_Gordon_Brown.png"
2431,"E_M_Russell_Howard.png","P_M_nigel_farage.png","FALSE","pictures/stimuli/E","pictures/stimuli/P","M","M","6","62a286090ed91d5c3fca9db6","06/30/2022, 09:33:53",1.41598977714171,"33","Male","right",1,1,0,0,TRUE,"E_M_Russell_Howard.png P_M_nigel_farage.png"
2633,"P_F_Theresa_May.png","P_M_Sajid_Javid.png","TRUE","pictures/stimuli/P","pictures/stimuli/P","F","M","5","62a286090ed91d5c3fca9db6","06/30/2022, 09:33:53",0.729668201486288,"33","Male","right",1,0,0,0,TRUE,"P_F_Theresa_May.png P_M_Sajid_Javid.png"
3882,"E_F_Dawn_Roma_French.png","E_M_Simon_Pegg.png","TRUE","pictures/stimuli/E","pictures/stimuli/E","F","M","4","62a286090ed91d5c3fca9db6","06/30/2022, 09:33:53",0.0433466258308687,"33","Male","right",0,0,0,0,TRUE,"E_F_Dawn_Roma_French.png E_M_Simon_Pegg.png"
2804,"P_M_Gordon_Brown.png","P_M_Sajid_Javid.png","TRUE","pictures/stimuli/P","pictures/stimuli/P","M","M","5","62a286090ed91d5c3fca9db6","06/30/2022, 09:33:53",0.729668201486288,"33","Male","right",1,0,0,0,TRUE,"P_M_Gordon_Brown.png P_M_Sajid_Javid.png"
3360,"E_M_Simon_Pegg.png","P_M_nigel_farage.png","FALSE","pictures/stimuli/E","pictures/stimuli/P","M","M","3","62a286090ed91d5c3fca9db6","06/30/2022, 09:33:53",-0.64297494982455,"33","Male","right",0,1,0,0,TRUE,"E_M_Simon_Pegg.png P_M_nigel_farage.png"
2843,"E_F_Julie_Walters.png","E_M_Russell_Howard.png","TRUE","pictures/stimuli/E","pictures/stimuli/E","F","M","5","62a286090ed91d5c3fca9db6","06/30/2022, 09:33:53",0.729668201486288,"33","Male","right",0,1,0,0,TRUE,"E_F_Julie_Walters.png E_M_Russell_Howard.png"
2327,"E_M_Peter_Kay.png","P_F_Theresa_May.png","FALSE","pictures/stimuli/E","pictures/stimuli/P","M","F","6","62a286090ed91d5c3fca9db6","06/30/2022, 09:33:53",1.41598977714171,"33","Male","right",1,1,0,0,TRUE,"E_M_Peter_Kay.png P_F_Theresa_May.png"
7163,"P_F_nicola_sturge.png","P_M_Sajid_Javid.png","TRUE","pictures/stimuli/P","pictures/stimuli/P","F","M","5","62a286090ed91d5c3fca9db6","06/30/2022, 09:33:53",0.729668201486288,"33","Male","right",1,0,0,0,TRUE,"P_F_nicola_sturge.png P_M_Sajid_Javid.png"
2598,"P_M_Gordon_Brown.png","P_M_nigel_farage.png","TRUE","pictures/stimuli/P","pictures/stimuli/P","M","M","1","62a286090ed91d5c3fca9db6","06/30/2022, 09:33:53",-2.01561810113539,"33","Male","right",1,1,0,0,TRUE,"P_M_Gordon_Brown.png P_M_nigel_farage.png"
2446,"P_M_Gordon_Brown.png","P_M_Tony_Blair.png","TRUE","pictures/stimuli/P","pictures/stimuli/P","M","M","1","62a286090ed91d5c3fca9db6","06/30/2022, 09:33:53",-2.01561810113539,"33","Male","right",1,1,0,0,TRUE,"P_M_Gordon_Brown.png P_M_Tony_Blair.png"
2389,"E_M_Russell_Howard.png","P_M_david_camer.png","FALSE","pictures/stimuli/E","pictures/stimuli/P","M","M","6","62a286090ed91d5c3fca9db6","06/30/2022, 09:33:53",1.41598977714171,"33","Male","right",1,1,0,0,TRUE,"E_M_Russell_Howard.png P_M_david_camer.png"
6013,"E_M_Ewan_McGregor.png","E_M_Peter_Kay.png","TRUE","pictures/stimuli/E","pictures/stimuli/E","M","M","4","62a286090ed91d5c3fca9db6","06/30/2022, 09:33:53",0.0433466258308687,"33","Male","right",0,1,0,0,TRUE,"E_M_Ewan_McGregor.png E_M_Peter_Kay.png"
4108,"E_F_Sarah_Millican.png","P_F_nicola_sturge.png","FALSE","pictures/stimuli/E","pictures/stimuli/P","F","F","3","62a286090ed91d5c3fca9db6","06/30/2022, 09:33:53",-0.64297494982455,"33","Male","right",0,1,0,0,TRUE,"E_F_Sarah_Millican.png P_F_nicola_sturge.png"
3324,"E_M_Jimmy_Carr.png","P_F_nicola_sturge.png","FALSE","pictures/stimuli/E","pictures/stimuli/P","M","F","5","62a286090ed91d5c3fca9db6","06/30/2022, 09:33:53",0.729668201486288,"33","Male","right",1,1,0,0,TRUE,"E_M_Jimmy_Carr.png P_F_nicola_sturge.png"
2406,"E_F_Julie_Walters.png","P_M_Michael_Gove.png","FALSE","pictures/stimuli/E","pictures/stimuli/P","F","M","4","62a286090ed91d5c3fca9db6","06/30/2022, 09:33:53",0.0433466258308687,"33","Male","right",0,0,0,0,TRUE,"E_F_Julie_Walters.png P_M_Michael_Gove.png"
3230,"P_F_Theresa_May.png","P_M_Gordon_Brown.png","TRUE","pictures/stimuli/P","pictures/stimuli/P","F","M","1","62a286090ed91d5c3fca9db6","06/30/2022, 09:33:53",-2.01561810113539,"33","Male","right",1,1,0,0,TRUE,"P_F_Theresa_May.png P_M_Gordon_Brown.png"
5032,"E_F_Julie_Walters.png","E_F_Sarah_Millican.png","TRUE","pictures/stimuli/E","pictures/stimuli/E","F","F","4","62a286090ed91d5c3fca9db6","06/30/2022, 09:33:53",0.0433466258308687,"33","Male","right",0,0,0,0,TRUE,"E_F_Julie_Walters.png E_F_Sarah_Millican.png"
3505,"P_F_nicola_sturge.png","P_F_Theresa_May.png","TRUE","pictures/stimuli/P","pictures/stimuli/P","F","F","1","62a286090ed91d5c3fca9db6","06/30/2022, 09:33:53",-2.01561810113539,"33","Male","right",1,1,0,0,TRUE,"P_F_nicola_sturge.png P_F_Theresa_May.png"
2090,"E_M_Michael_McIntyr.png","E_M_Russell_Howard.png","TRUE","pictures/stimuli/E","pictures/stimuli/E","M","M","4","62a286090ed91d5c3fca9db6","06/30/2022, 09:33:53",0.0433466258308687,"33","Male","right",0,1,0,0,TRUE,"E_M_Michael_McIntyr.png E_M_Russell_Howard.png"
3244,"E_M_Russell_Howard.png","E_M_Simon_Pegg.png","TRUE","pictures/stimuli/E","pictures/stimuli/E","M","M","3","62a286090ed91d5c3fca9db6","06/30/2022, 09:33:53",-0.64297494982455,"33","Male","right",1,0,0,0,TRUE,"E_M_Russell_Howard.png E_M_Simon_Pegg.png"
2362,"E_M_Michael_McIntyr.png","E_M_Simon_Pegg.png","TRUE","pictures/stimuli/E","pictures/stimuli/E","M","M","3","62a286090ed91d5c3fca9db6","06/30/2022, 09:33:53",-0.64297494982455,"33","Male","right",0,0,0,0,TRUE,"E_M_Michael_McIntyr.png E_M_Simon_Pegg.png"
2665,"P_M_keir_starmer.png","P_M_Michael_Gove.png","TRUE","pictures/stimuli/P","pictures/stimuli/P","M","M","3","62a286090ed91d5c3fca9db6","06/30/2022, 09:33:53",-0.64297494982455,"33","Male","right",0,0,0,0,TRUE,"P_M_keir_starmer.png P_M_Michael_Gove.png"
2855,"E_F_Jennifer_Saunders.png","E_M_Russell_Howard.png","TRUE","pictures/stimuli/E","pictures/stimuli/E","F","M","5","62a286090ed91d5c3fca9db6","06/30/2022, 09:33:53",0.729668201486288,"33","Male","right",0,1,0,0,TRUE,"E_F_Jennifer_Saunders.png E_M_Russell_Howard.png"
3340,"E_F_Jennifer_Saunders.png","P_M_Tony_Blair.png","FALSE","pictures/stimuli/E","pictures/stimuli/P","F","M","5","62a286090ed91d5c3fca9db6","06/30/2022, 09:33:53",0.729668201486288,"33","Male","right",0,1,0,0,TRUE,"E_F_Jennifer_Saunders.png P_M_Tony_Blair.png"
4376,"E_M_Simon_Pegg.png","P_M_nigel_farage.png","FALSE","pictures/stimuli/E","pictures/stimuli/P","M","M","6","62b05f634c3eb9d685c6dfab","06/30/2022, 11:48:04",0.899442937450043,"34","Male","right",1,1,0,0,FALSE,"E_M_Simon_Pegg.png P_M_nigel_farage.png"
2672,"P_M_Gordon_Brown.png","P_M_nigel_farage.png","TRUE","pictures/stimuli/P","pictures/stimuli/P","M","M","6","62b05f634c3eb9d685c6dfab","06/30/2022, 11:48:04",0.899442937450043,"34","Male","right",1,1,0,0,FALSE,"P_M_Gordon_Brown.png P_M_nigel_farage.png"
3524,"E_F_Sarah_Millican.png","P_F_nicola_sturge.png","FALSE","pictures/stimuli/E","pictures/stimuli/P","F","F","5","62b05f634c3eb9d685c6dfab","06/30/2022, 11:48:04",0.289106658466085,"34","Male","right",1,1,0,0,FALSE,"E_F_Sarah_Millican.png P_F_nicola_sturge.png"
4237,"E_M_Michael_McIntyr.png","P_M_keir_starmer.png","FALSE","pictures/stimuli/E","pictures/stimuli/P","M","M","5","62b05f634c3eb9d685c6dfab","06/30/2022, 11:48:04",0.289106658466085,"34","Male","right",1,1,0,0,FALSE,"E_M_Michael_McIntyr.png P_M_keir_starmer.png"
5197,"E_F_Julie_Walters.png","E_M_Peter_Kay.png","TRUE","pictures/stimuli/E","pictures/stimuli/E","F","M","5","62b05f634c3eb9d685c6dfab","06/30/2022, 11:48:04",0.289106658466085,"34","Male","right",1,1,0,0,FALSE,"E_F_Julie_Walters.png E_M_Peter_Kay.png"
2688,"E_F_Julie_Walters.png","P_M_Michael_Gove.png","FALSE","pictures/stimuli/E","pictures/stimuli/P","F","M","6","62b05f634c3eb9d685c6dfab","06/30/2022, 11:48:04",0.899442937450043,"34","Male","right",1,1,0,0,FALSE,"E_F_Julie_Walters.png P_M_Michael_Gove.png"
1935,"E_M_Peter_Kay.png","P_M_keir_starmer.png","FALSE","pictures/stimuli/E","pictures/stimuli/P","M","M","6","62b05f634c3eb9d685c6dfab","06/30/2022, 11:48:04",0.899442937450043,"34","Male","right",1,1,0,0,FALSE,"E_M_Peter_Kay.png P_M_keir_starmer.png"
2912,"E_M_Michael_McIntyr.png","E_M_Simon_Pegg.png","TRUE","pictures/stimuli/E","pictures/stimuli/E","M","M","4","62b05f634c3eb9d685c6dfab","06/30/2022, 11:48:04",-0.321229620517872,"34","Male","right",1,1,0,0,FALSE,"E_M_Michael_McIntyr.png E_M_Simon_Pegg.png"
2436,"E_M_Russell_Howard.png","E_M_Simon_Pegg.png","TRUE","pictures/stimuli/E","pictures/stimuli/E","M","M","4","62b05f634c3eb9d685c6dfab","06/30/2022, 11:48:04",-0.321229620517872,"34","Male","right",1,1,0,0,FALSE,"E_M_Russell_Howard.png E_M_Simon_Pegg.png"
1824,"E_M_Simon_Pegg.png","P_M_david_camer.png","FALSE","pictures/stimuli/E","pictures/stimuli/P","M","M","6","62b05f634c3eb9d685c6dfab","06/30/2022, 11:48:04",0.899442937450043,"34","Male","right",1,1,0,0,FALSE,"E_M_Simon_Pegg.png P_M_david_camer.png"
2680,"E_M_Russell_Howard.png","P_F_Theresa_May.png","FALSE","pictures/stimuli/E","pictures/stimuli/P","M","F","6","62b05f634c3eb9d685c6dfab","06/30/2022, 11:48:04",0.899442937450043,"34","Male","right",1,1,0,0,FALSE,"E_M_Russell_Howard.png P_F_Theresa_May.png"
1768,"E_M_Michael_McIntyr.png","P_F_Theresa_May.png","FALSE","pictures/stimuli/E","pictures/stimuli/P","M","F","6","62b05f634c3eb9d685c6dfab","06/30/2022, 11:48:04",0.899442937450043,"34","Male","right",1,1,0,0,FALSE,"E_M_Michael_McIntyr.png P_F_Theresa_May.png"
2308,"E_M_Michael_McIntyr.png","E_M_Russell_Howard.png","TRUE","pictures/stimuli/E","pictures/stimuli/E","M","M","4","62b05f634c3eb9d685c6dfab","06/30/2022, 11:48:04",-0.321229620517872,"34","Male","right",1,1,0,0,FALSE,"E_M_Michael_McIntyr.png E_M_Russell_Howard.png"
3062,"E_F_Julie_Walters.png","E_M_Ewan_McGregor.png","TRUE","pictures/stimuli/E","pictures/stimuli/E","F","M","5","62b05f634c3eb9d685c6dfab","06/30/2022, 11:48:04",0.289106658466085,"34","Male","right",1,1,0,0,FALSE,"E_F_Julie_Walters.png E_M_Ewan_McGregor.png"
1730,"E_M_Jimmy_Carr.png","P_F_Theresa_May.png","FALSE","pictures/stimuli/E","pictures/stimuli/P","M","F","6","62b05f634c3eb9d685c6dfab","06/30/2022, 11:48:04",0.899442937450043,"34","Male","right",1,1,0,0,FALSE,"E_M_Jimmy_Carr.png P_F_Theresa_May.png"
3862,"E_F_Dawn_Roma_French.png","E_M_Michael_McIntyr.png","TRUE","pictures/stimuli/E","pictures/stimuli/E","F","M","4","62b05f634c3eb9d685c6dfab","06/30/2022, 11:48:04",-0.321229620517872,"34","Male","right",1,1,0,0,FALSE,"E_F_Dawn_Roma_French.png E_M_Michael_McIntyr.png"
3706,"P_M_keir_starmer.png","P_M_Michael_Gove.png","TRUE","pictures/stimuli/P","pictures/stimuli/P","M","M","1","62b05f634c3eb9d685c6dfab","06/30/2022, 11:48:04",-2.15223845746975,"34","Male","right",1,1,0,0,FALSE,"P_M_keir_starmer.png P_M_Michael_Gove.png"
2229,"E_M_Russell_Howard.png","P_M_david_camer.png","FALSE","pictures/stimuli/E","pictures/stimuli/P","M","M","6","62b05f634c3eb9d685c6dfab","06/30/2022, 11:48:04",0.899442937450043,"34","Male","right",1,1,0,0,FALSE,"E_M_Russell_Howard.png P_M_david_camer.png"
3427,"P_M_nigel_farage.png","P_M_Sajid_Javid.png","TRUE","pictures/stimuli/P","pictures/stimuli/P","M","M","3","62b05f634c3eb9d685c6dfab","06/30/2022, 11:48:04",-0.93156589950183,"34","Male","right",1,1,0,0,FALSE,"P_M_nigel_farage.png P_M_Sajid_Javid.png"
2441,"E_F_Jennifer_Saunders.png","E_M_Jimmy_Carr.png","TRUE","pictures/stimuli/E","pictures/stimuli/E","F","M","3","62b05f634c3eb9d685c6dfab","06/30/2022, 11:48:04",-0.93156589950183,"34","Male","right",1,1,0,0,FALSE,"E_F_Jennifer_Saunders.png E_M_Jimmy_Carr.png"
2165,"E_M_Peter_Kay.png","P_F_nicola_sturge.png","FALSE","pictures/stimuli/E","pictures/stimuli/P","M","F","5","62b05f634c3eb9d685c6dfab","06/30/2022, 11:48:04",0.289106658466085,"34","Male","right",1,1,0,0,FALSE,"E_M_Peter_Kay.png P_F_nicola_sturge.png"
2856,"E_M_Ewan_McGregor.png","E_M_Peter_Kay.png","TRUE","pictures/stimuli/E","pictures/stimuli/E","M","M","5","62b05f634c3eb9d685c6dfab","06/30/2022, 11:48:04",0.289106658466085,"34","Male","right",1,1,0,0,FALSE,"E_M_Ewan_McGregor.png E_M_Peter_Kay.png"
2505,"E_F_Jennifer_Saunders.png","E_M_Peter_Kay.png","TRUE","pictures/stimuli/E","pictures/stimuli/E","F","M","3","62b05f634c3eb9d685c6dfab","06/30/2022, 11:48:04",-0.93156589950183,"34","Male","right",1,1,0,0,FALSE,"E_F_Jennifer_Saunders.png E_M_Peter_Kay.png"
1690,"E_F_Jennifer_Saunders.png","E_M_Michael_McIntyr.png","TRUE","pictures/stimuli/E","pictures/stimuli/E","F","M","3","62b05f634c3eb9d685c6dfab","06/30/2022, 11:48:04",-0.93156589950183,"34","Male","right",1,1,0,0,FALSE,"E_F_Jennifer_Saunders.png E_M_Michael_McIntyr.png"
4783,"P_F_nicola_sturge.png","P_M_jeremy_corbyn.png","TRUE","pictures/stimuli/P","pictures/stimuli/P","F","M","4","62b05f634c3eb9d685c6dfab","06/30/2022, 11:48:04",-0.321229620517872,"34","Male","right",1,1,0,0,FALSE,"P_F_nicola_sturge.png P_M_jeremy_corbyn.png"
3692,"E_F_Julie_Walters.png","P_F_nicola_sturge.png","FALSE","pictures/stimuli/E","pictures/stimuli/P","F","F","5","62b05f634c3eb9d685c6dfab","06/30/2022, 11:48:04",0.289106658466085,"34","Male","right",1,1,0,0,FALSE,"E_F_Julie_Walters.png P_F_nicola_sturge.png"
2000,"E_M_Michael_McIntyr.png","P_M_Sajid_Javid.png","FALSE","pictures/stimuli/E","pictures/stimuli/P","M","M","6","62b05f634c3eb9d685c6dfab","06/30/2022, 11:48:04",0.899442937450043,"34","Male","right",1,1,0,0,FALSE,"E_M_Michael_McIntyr.png P_M_Sajid_Javid.png"
2182,"P_M_david_camer.png","P_M_jeremy_corbyn.png","TRUE","pictures/stimuli/P","pictures/stimuli/P","M","M","6","62b05f634c3eb9d685c6dfab","06/30/2022, 11:48:04",0.899442937450043,"34","Male","right",1,1,0,0,FALSE,"P_M_david_camer.png P_M_jeremy_corbyn.png"
3975,"E_M_Russell_Howard.png","P_M_jeremy_corbyn.png","FALSE","pictures/stimuli/E","pictures/stimuli/P","M","M","5","62b05f634c3eb9d685c6dfab","06/30/2022, 11:48:04",0.289106658466085,"34","Male","right",1,1,0,0,FALSE,"E_M_Russell_Howard.png P_M_jeremy_corbyn.png"
4538,"P_F_Theresa_May.png","P_M_Gordon_Brown.png","TRUE","pictures/stimuli/P","pictures/stimuli/P","F","M","3","62b05f634c3eb9d685c6dfab","06/30/2022, 11:48:04",-0.93156589950183,"34","Male","right",1,1,0,0,FALSE,"P_F_Theresa_May.png P_M_Gordon_Brown.png"
3341,"P_M_Sajid_Javid.png","P_M_Tony_Blair.png","TRUE","pictures/stimuli/P","pictures/stimuli/P","M","M","2","62b05f634c3eb9d685c6dfab","06/30/2022, 11:48:04",-1.54190217848579,"34","Male","right",1,1,0,0,FALSE,"P_M_Sajid_Javid.png P_M_Tony_Blair.png"
9459,"E_M_Ewan_McGregor.png","E_M_Michael_McIntyr.png","TRUE","pictures/stimuli/E","pictures/stimuli/E","M","M","5","62b05f634c3eb9d685c6dfab","06/30/2022, 11:48:04",0.289106658466085,"34","Male","right",1,1,0,0,FALSE,"E_M_Ewan_McGregor.png E_M_Michael_McIntyr.png"
2816,"E_M_Michael_McIntyr.png","P_M_david_camer.png","FALSE","pictures/stimuli/E","pictures/stimuli/P","M","M","6","62b05f634c3eb9d685c6dfab","06/30/2022, 11:48:04",0.899442937450043,"34","Male","right",1,1,0,0,FALSE,"E_M_Michael_McIntyr.png P_M_david_camer.png"
1808,"E_F_Jennifer_Saunders.png","P_M_Michael_Gove.png","FALSE","pictures/stimuli/E","pictures/stimuli/P","F","M","6","62b05f634c3eb9d685c6dfab","06/30/2022, 11:48:04",0.899442937450043,"34","Male","right",1,1,0,0,FALSE,"E_F_Jennifer_Saunders.png P_M_Michael_Gove.png"
3712,"E_M_Jimmy_Carr.png","P_M_david_camer.png","FALSE","pictures/stimuli/E","pictures/stimuli/P","M","M","6","62b05f634c3eb9d685c6dfab","06/30/2022, 11:48:04",0.899442937450043,"34","Male","right",1,1,0,0,FALSE,"E_M_Jimmy_Carr.png P_M_david_camer.png"
1728,"E_M_Michael_McIntyr.png","P_M_nigel_farage.png","FALSE","pictures/stimuli/E","pictures/stimuli/P","M","M","6","62b05f634c3eb9d685c6dfab","06/30/2022, 11:48:04",0.899442937450043,"34","Male","right",1,1,0,0,FALSE,"E_M_Michael_McIntyr.png P_M_nigel_farage.png"
3903,"P_F_Theresa_May.png","P_M_keir_starmer.png","TRUE","pictures/stimuli/P","pictures/stimuli/P","F","M","2","62b05f634c3eb9d685c6dfab","06/30/2022, 11:48:04",-1.54190217848579,"34","Male","right",1,1,0,0,FALSE,"P_F_Theresa_May.png P_M_keir_starmer.png"
2926,"P_M_jeremy_corbyn.png","P_M_Tony_Blair.png","TRUE","pictures/stimuli/P","pictures/stimuli/P","M","M","6","62b05f634c3eb9d685c6dfab","06/30/2022, 11:48:04",0.899442937450043,"34","Male","right",1,1,0,0,FALSE,"P_M_jeremy_corbyn.png P_M_Tony_Blair.png"
2269,"E_M_Simon_Pegg.png","P_F_Theresa_May.png","FALSE","pictures/stimuli/E","pictures/stimuli/P","M","F","5","62b05f634c3eb9d685c6dfab","06/30/2022, 11:48:04",0.289106658466085,"34","Male","right",1,1,0,0,FALSE,"E_M_Simon_Pegg.png P_F_Theresa_May.png"
1656,"E_M_Peter_Kay.png","P_M_nigel_farage.png","FALSE","pictures/stimuli/E","pictures/stimuli/P","M","M","6","62b05f634c3eb9d685c6dfab","06/30/2022, 11:48:04",0.899442937450043,"34","Male","right",1,1,0,0,FALSE,"E_M_Peter_Kay.png P_M_nigel_farage.png"
3324,"P_M_keir_starmer.png","P_M_Tony_Blair.png","TRUE","pictures/stimuli/P","pictures/stimuli/P","M","M","1","62b05f634c3eb9d685c6dfab","06/30/2022, 11:48:04",-2.15223845746975,"34","Male","right",1,1,0,0,FALSE,"P_M_keir_starmer.png P_M_Tony_Blair.png"
2602,"P_F_nicola_sturge.png","P_M_Sajid_Javid.png","TRUE","pictures/stimuli/P","pictures/stimuli/P","F","M","4","62b05f634c3eb9d685c6dfab","06/30/2022, 11:48:04",-0.321229620517872,"34","Male","right",1,1,0,0,FALSE,"P_F_nicola_sturge.png P_M_Sajid_Javid.png"
2531,"E_F_Jennifer_Saunders.png","E_M_Simon_Pegg.png","TRUE","pictures/stimuli/E","pictures/stimuli/E","F","M","5","62b05f634c3eb9d685c6dfab","06/30/2022, 11:48:04",0.289106658466085,"34","Male","right",1,1,0,0,FALSE,"E_F_Jennifer_Saunders.png E_M_Simon_Pegg.png"
1961,"E_M_Ewan_McGregor.png","E_M_Russell_Howard.png","TRUE","pictures/stimuli/E","pictures/stimuli/E","M","M","5","62b05f634c3eb9d685c6dfab","06/30/2022, 11:48:04",0.289106658466085,"34","Male","right",1,1,0,0,FALSE,"E_M_Ewan_McGregor.png E_M_Russell_Howard.png"
4935,"E_F_Dawn_Roma_French.png","E_M_Simon_Pegg.png","TRUE","pictures/stimuli/E","pictures/stimuli/E","F","M","4","62b05f634c3eb9d685c6dfab","06/30/2022, 11:48:04",-0.321229620517872,"34","Male","right",1,1,0,0,FALSE,"E_F_Dawn_Roma_French.png E_M_Simon_Pegg.png"
4554,"E_M_Jimmy_Carr.png","E_M_Russell_Howard.png","TRUE","pictures/stimuli/E","pictures/stimuli/E","M","M","3","62b05f634c3eb9d685c6dfab","06/30/2022, 11:48:04",-0.93156589950183,"34","Male","right",1,1,0,0,FALSE,"E_M_Jimmy_Carr.png E_M_Russell_Howard.png"
1942,"P_M_jeremy_corbyn.png","P_M_Michael_Gove.png","TRUE","pictures/stimuli/P","pictures/stimuli/P","M","M","6","62b05f634c3eb9d685c6dfab","06/30/2022, 11:48:04",0.899442937450043,"34","Male","right",1,1,0,0,FALSE,"P_M_jeremy_corbyn.png P_M_Michael_Gove.png"
2562,"P_M_david_camer.png","P_M_Sajid_Javid.png","TRUE","pictures/stimuli/P","pictures/stimuli/P","M","M","1","62b05f634c3eb9d685c6dfab","06/30/2022, 11:48:04",-2.15223845746975,"34","Male","right",1,1,0,0,FALSE,"P_M_david_camer.png P_M_Sajid_Javid.png"
2587,"E_F_Julie_Walters.png","E_F_Sarah_Millican.png","TRUE","pictures/stimuli/E","pictures/stimuli/E","F","F","2","62b05f634c3eb9d685c6dfab","06/30/2022, 11:48:04",-1.54190217848579,"34","Male","right",1,1,0,0,FALSE,"E_F_Julie_Walters.png E_F_Sarah_Millican.png"
2052,"E_F_Jennifer_Saunders.png","P_M_david_camer.png","FALSE","pictures/stimuli/E","pictures/stimuli/P","F","M","6","62b05f634c3eb9d685c6dfab","06/30/2022, 11:48:04",0.899442937450043,"34","Male","right",1,1,0,0,FALSE,"E_F_Jennifer_Saunders.png P_M_david_camer.png"
2132,"E_F_Sarah_Millican.png","P_F_Theresa_May.png","FALSE","pictures/stimuli/E","pictures/stimuli/P","F","F","5","62b05f634c3eb9d685c6dfab","06/30/2022, 11:48:04",0.289106658466085,"34","Male","right",1,1,0,0,FALSE,"E_F_Sarah_Millican.png P_F_Theresa_May.png"
5435,"P_M_david_camer.png","P_M_Gordon_Brown.png","TRUE","pictures/stimuli/P","pictures/stimuli/P","M","M","3","62b05f634c3eb9d685c6dfab","06/30/2022, 11:48:04",-0.93156589950183,"34","Male","right",1,1,0,0,FALSE,"P_M_david_camer.png P_M_Gordon_Brown.png"
2718,"E_M_Ewan_McGregor.png","P_M_jeremy_corbyn.png","FALSE","pictures/stimuli/E","pictures/stimuli/P","M","M","5","62b05f634c3eb9d685c6dfab","06/30/2022, 11:48:04",0.289106658466085,"34","Male","right",1,1,0,0,FALSE,"E_M_Ewan_McGregor.png P_M_jeremy_corbyn.png"
2809,"E_F_Julie_Walters.png","P_M_Sajid_Javid.png","FALSE","pictures/stimuli/E","pictures/stimuli/P","F","M","6","62b05f634c3eb9d685c6dfab","06/30/2022, 11:48:04",0.899442937450043,"34","Male","right",1,1,0,0,FALSE,"E_F_Julie_Walters.png P_M_Sajid_Javid.png"
1775,"E_M_Peter_Kay.png","P_F_Theresa_May.png","FALSE","pictures/stimuli/E","pictures/stimuli/P","M","F","6","62b05f634c3eb9d685c6dfab","06/30/2022, 11:48:04",0.899442937450043,"34","Male","right",1,1,0,0,FALSE,"E_M_Peter_Kay.png P_F_Theresa_May.png"
2523,"E_M_Jimmy_Carr.png","P_M_Gordon_Brown.png","FALSE","pictures/stimuli/E","pictures/stimuli/P","M","M","6","62b05f634c3eb9d685c6dfab","06/30/2022, 11:48:04",0.899442937450043,"34","Male","right",1,1,0,0,FALSE,"E_M_Jimmy_Carr.png P_M_Gordon_Brown.png"
2919,"E_M_Ewan_McGregor.png","P_M_david_camer.png","FALSE","pictures/stimuli/E","pictures/stimuli/P","M","M","5","62b05f634c3eb9d685c6dfab","06/30/2022, 11:48:04",0.289106658466085,"34","Male","right",1,1,0,0,FALSE,"E_M_Ewan_McGregor.png P_M_david_camer.png"
2872,"E_M_Michael_McIntyr.png","P_M_Gordon_Brown.png","FALSE","pictures/stimuli/E","pictures/stimuli/P","M","M","5","62b05f634c3eb9d685c6dfab","06/30/2022, 11:48:04",0.289106658466085,"34","Male","right",1,1,0,0,FALSE,"E_M_Michael_McIntyr.png P_M_Gordon_Brown.png"
2467,"E_M_Peter_Kay.png","P_M_Sajid_Javid.png","FALSE","pictures/stimuli/E","pictures/stimuli/P","M","M","6","62b05f634c3eb9d685c6dfab","06/30/2022, 11:48:04",0.899442937450043,"34","Male","right",1,1,0,0,FALSE,"E_M_Peter_Kay.png P_M_Sajid_Javid.png"
3998,"E_M_Ewan_McGregor.png","E_M_Jimmy_Carr.png","TRUE","pictures/stimuli/E","pictures/stimuli/E","M","M","5","62b05f634c3eb9d685c6dfab","06/30/2022, 11:48:04",0.289106658466085,"34","Male","right",1,1,0,0,FALSE,"E_M_Ewan_McGregor.png E_M_Jimmy_Carr.png"
6544,"P_M_Gordon_Brown.png","P_M_Michael_Gove.png","TRUE","pictures/stimuli/P","pictures/stimuli/P","M","M","3","62b05f634c3eb9d685c6dfab","06/30/2022, 11:48:04",-0.93156589950183,"34","Male","right",1,1,0,0,FALSE,"P_M_Gordon_Brown.png P_M_Michael_Gove.png"
1958,"E_F_Dawn_Roma_French.png","P_F_Theresa_May.png","FALSE","pictures/stimuli/E","pictures/stimuli/P","F","F","6","62b05f634c3eb9d685c6dfab","06/30/2022, 11:48:04",0.899442937450043,"34","Male","right",1,1,0,0,FALSE,"E_F_Dawn_Roma_French.png P_F_Theresa_May.png"
6334,"E_M_Peter_Kay.png","E_M_Russell_Howard.png","TRUE","pictures/stimuli/E","pictures/stimuli/E","M","M","3","62b05f634c3eb9d685c6dfab","06/30/2022, 11:48:04",-0.93156589950183,"34","Male","right",1,1,0,0,FALSE,"E_M_Peter_Kay.png E_M_Russell_Howard.png"
2356,"E_F_Sarah_Millican.png","P_M_david_camer.png","FALSE","pictures/stimuli/E","pictures/stimuli/P","F","M","6","62b05f634c3eb9d685c6dfab","06/30/2022, 11:48:04",0.899442937450043,"34","Male","right",1,1,0,0,FALSE,"E_F_Sarah_Millican.png P_M_david_camer.png"
2426,"E_F_Julie_Walters.png","P_M_Tony_Blair.png","FALSE","pictures/stimuli/E","pictures/stimuli/P","F","M","6","62b05f634c3eb9d685c6dfab","06/30/2022, 11:48:04",0.899442937450043,"34","Male","right",1,1,0,0,FALSE,"E_F_Julie_Walters.png P_M_Tony_Blair.png"
3117,"E_F_Sarah_Millican.png","P_M_keir_starmer.png","FALSE","pictures/stimuli/E","pictures/stimuli/P","F","M","5","62b05f634c3eb9d685c6dfab","06/30/2022, 11:48:04",0.289106658466085,"34","Male","right",1,1,0,0,FALSE,"E_F_Sarah_Millican.png P_M_keir_starmer.png"
3949,"E_F_Sarah_Millican.png","P_M_jeremy_corbyn.png","FALSE","pictures/stimuli/E","pictures/stimuli/P","F","M","5","62b05f634c3eb9d685c6dfab","06/30/2022, 11:48:04",0.289106658466085,"34","Male","right",1,1,0,0,FALSE,"E_F_Sarah_Millican.png P_M_jeremy_corbyn.png"
2197,"E_M_Russell_Howard.png","P_M_keir_starmer.png","FALSE","pictures/stimuli/E","pictures/stimuli/P","M","M","6","62b05f634c3eb9d685c6dfab","06/30/2022, 11:48:04",0.899442937450043,"34","Male","right",1,1,0,0,FALSE,"E_M_Russell_Howard.png P_M_keir_starmer.png"
3989,"E_M_Ewan_McGregor.png","P_F_nicola_sturge.png","FALSE","pictures/stimuli/E","pictures/stimuli/P","M","F","4","62b05f634c3eb9d685c6dfab","06/30/2022, 11:48:04",-0.321229620517872,"34","Male","right",1,1,0,0,FALSE,"E_M_Ewan_McGregor.png P_F_nicola_sturge.png"
3650,"E_M_Michael_McIntyr.png","E_M_Peter_Kay.png","TRUE","pictures/stimuli/E","pictures/stimuli/E","M","M","4","62b05f634c3eb9d685c6dfab","06/30/2022, 11:48:04",-0.321229620517872,"34","Male","right",1,1,0,0,FALSE,"E_M_Michael_McIntyr.png E_M_Peter_Kay.png"
4042,"E_M_Jimmy_Carr.png","P_F_nicola_sturge.png","FALSE","pictures/stimuli/E","pictures/stimuli/P","M","F","6","62b05f634c3eb9d685c6dfab","06/30/2022, 11:48:04",0.899442937450043,"34","Male","right",1,1,0,0,FALSE,"E_M_Jimmy_Carr.png P_F_nicola_sturge.png"
2507,"P_M_keir_starmer.png","P_M_Sajid_Javid.png","TRUE","pictures/stimuli/P","pictures/stimuli/P","M","M","1","62b05f634c3eb9d685c6dfab","06/30/2022, 11:48:04",-2.15223845746975,"34","Male","right",1,1,0,0,FALSE,"P_M_keir_starmer.png P_M_Sajid_Javid.png"
7530,"E_M_Peter_Kay.png","E_M_Simon_Pegg.png","TRUE","pictures/stimuli/E","pictures/stimuli/E","M","M","4","62b05f634c3eb9d685c6dfab","06/30/2022, 11:48:04",-0.321229620517872,"34","Male","right",1,1,0,0,FALSE,"E_M_Peter_Kay.png E_M_Simon_Pegg.png"
2251,"P_F_Theresa_May.png","P_M_Tony_Blair.png","TRUE","pictures/stimuli/P","pictures/stimuli/P","F","M","1","62b05f634c3eb9d685c6dfab","06/30/2022, 11:48:04",-2.15223845746975,"34","Male","right",1,1,0,0,FALSE,"P_F_Theresa_May.png P_M_Tony_Blair.png"
9253,"E_M_Jimmy_Carr.png","E_M_Peter_Kay.png","TRUE","pictures/stimuli/E","pictures/stimuli/E","M","M","3","62b05f634c3eb9d685c6dfab","06/30/2022, 11:48:04",-0.93156589950183,"34","Male","right",1,1,0,0,FALSE,"E_M_Jimmy_Carr.png E_M_Peter_Kay.png"
4211,"E_F_Dawn_Roma_French.png","P_M_jeremy_corbyn.png","FALSE","pictures/stimuli/E","pictures/stimuli/P","F","M","4","62b05f634c3eb9d685c6dfab","06/30/2022, 11:48:04",-0.321229620517872,"34","Male","right",1,1,0,0,FALSE,"E_F_Dawn_Roma_French.png P_M_jeremy_corbyn.png"
2315,"E_F_Jennifer_Saunders.png","P_M_nigel_farage.png","FALSE","pictures/stimuli/E","pictures/stimuli/P","F","M","6","62b05f634c3eb9d685c6dfab","06/30/2022, 11:48:04",0.899442937450043,"34","Male","right",1,1,0,0,FALSE,"E_F_Jennifer_Saunders.png P_M_nigel_farage.png"
1793,"E_F_Dawn_Roma_French.png","P_M_Sajid_Javid.png","FALSE","pictures/stimuli/E","pictures/stimuli/P","F","M","6","62b05f634c3eb9d685c6dfab","06/30/2022, 11:48:04",0.899442937450043,"34","Male","right",1,1,0,0,FALSE,"E_F_Dawn_Roma_French.png P_M_Sajid_Javid.png"
2855,"E_F_Jennifer_Saunders.png","E_M_Ewan_McGregor.png","TRUE","pictures/stimuli/E","pictures/stimuli/E","F","M","4","62b05f634c3eb9d685c6dfab","06/30/2022, 11:48:04",-0.321229620517872,"34","Male","right",1,1,0,0,FALSE,"E_F_Jennifer_Saunders.png E_M_Ewan_McGregor.png"
2395,"E_F_Dawn_Roma_French.png","P_F_nicola_sturge.png","FALSE","pictures/stimuli/E","pictures/stimuli/P","F","F","5","62b05f634c3eb9d685c6dfab","06/30/2022, 11:48:04",0.289106658466085,"34","Male","right",1,1,0,0,FALSE,"E_F_Dawn_Roma_French.png P_F_nicola_sturge.png"
5110,"E_M_Jimmy_Carr.png","E_M_Simon_Pegg.png","TRUE","pictures/stimuli/E","pictures/stimuli/E","M","M","3","62b05f634c3eb9d685c6dfab","06/30/2022, 11:48:04",-0.93156589950183,"34","Male","right",1,1,0,0,FALSE,"E_M_Jimmy_Carr.png E_M_Simon_Pegg.png"
2967,"P_F_Theresa_May.png","P_M_Michael_Gove.png","TRUE","pictures/stimuli/P","pictures/stimuli/P","F","M","2","62b05f634c3eb9d685c6dfab","06/30/2022, 11:48:04",-1.54190217848579,"34","Male","right",1,1,0,0,FALSE,"P_F_Theresa_May.png P_M_Michael_Gove.png"
2093,"E_F_Jennifer_Saunders.png","P_F_Theresa_May.png","FALSE","pictures/stimuli/E","pictures/stimuli/P","F","F","6","62b05f634c3eb9d685c6dfab","06/30/2022, 11:48:04",0.899442937450043,"34","Male","right",1,1,0,0,FALSE,"E_F_Jennifer_Saunders.png P_F_Theresa_May.png"
1847,"E_M_Peter_Kay.png","P_M_david_camer.png","FALSE","pictures/stimuli/E","pictures/stimuli/P","M","M","6","62b05f634c3eb9d685c6dfab","06/30/2022, 11:48:04",0.899442937450043,"34","Male","right",1,1,0,0,FALSE,"E_M_Peter_Kay.png P_M_david_camer.png"
1919,"E_M_Russell_Howard.png","P_M_Sajid_Javid.png","FALSE","pictures/stimuli/E","pictures/stimuli/P","M","M","6","62b05f634c3eb9d685c6dfab","06/30/2022, 11:48:04",0.899442937450043,"34","Male","right",1,1,0,0,FALSE,"E_M_Russell_Howard.png P_M_Sajid_Javid.png"
2674,"E_F_Sarah_Millican.png","E_M_Simon_Pegg.png","TRUE","pictures/stimuli/E","pictures/stimuli/E","F","M","3","62b05f634c3eb9d685c6dfab","06/30/2022, 11:48:04",-0.93156589950183,"34","Male","right",1,1,0,0,FALSE,"E_F_Sarah_Millican.png E_M_Simon_Pegg.png"
3363,"E_F_Dawn_Roma_French.png","E_F_Jennifer_Saunders.png","TRUE","pictures/stimuli/E","pictures/stimuli/E","F","F","1","62b05f634c3eb9d685c6dfab","06/30/2022, 11:48:04",-2.15223845746975,"34","Male","right",1,1,0,0,FALSE,"E_F_Dawn_Roma_French.png E_F_Jennifer_Saunders.png"
2196,"P_M_Michael_Gove.png","P_M_Sajid_Javid.png","TRUE","pictures/stimuli/P","pictures/stimuli/P","M","M","1","62b05f634c3eb9d685c6dfab","06/30/2022, 11:48:04",-2.15223845746975,"34","Male","right",1,1,0,0,FALSE,"P_M_Michael_Gove.png P_M_Sajid_Javid.png"
2260,"E_M_Ewan_McGregor.png","P_M_Sajid_Javid.png","FALSE","pictures/stimuli/E","pictures/stimuli/P","M","M","6","62b05f634c3eb9d685c6dfab","06/30/2022, 11:48:04",0.899442937450043,"34","Male","right",1,1,0,0,FALSE,"E_M_Ewan_McGregor.png P_M_Sajid_Javid.png"
2018,"E_F_Jennifer_Saunders.png","P_F_nicola_sturge.png","FALSE","pictures/stimuli/E","pictures/stimuli/P","F","F","5","62b05f634c3eb9d685c6dfab","06/30/2022, 11:48:04",0.289106658466085,"34","Male","right",1,1,0,0,FALSE,"E_F_Jennifer_Saunders.png P_F_nicola_sturge.png"
2269,"E_M_Simon_Pegg.png","P_M_Gordon_Brown.png","FALSE","pictures/stimuli/E","pictures/stimuli/P","M","M","5","62b05f634c3eb9d685c6dfab","06/30/2022, 11:48:04",0.289106658466085,"34","Male","right",1,1,0,0,FALSE,"E_M_Simon_Pegg.png P_M_Gordon_Brown.png"
2141,"E_M_Peter_Kay.png","P_M_Tony_Blair.png","FALSE","pictures/stimuli/E","pictures/stimuli/P","M","M","6","62b05f634c3eb9d685c6dfab","06/30/2022, 11:48:04",0.899442937450043,"34","Male","right",1,1,0,0,FALSE,"E_M_Peter_Kay.png P_M_Tony_Blair.png"
2340,"P_M_david_camer.png","P_M_keir_starmer.png","TRUE","pictures/stimuli/P","pictures/stimuli/P","M","M","1","62b05f634c3eb9d685c6dfab","06/30/2022, 11:48:04",-2.15223845746975,"34","Male","right",1,1,0,0,FALSE,"P_M_david_camer.png P_M_keir_starmer.png"
1999,"E_F_Sarah_Millican.png","P_M_Sajid_Javid.png","FALSE","pictures/stimuli/E","pictures/stimuli/P","F","M","6","62b05f634c3eb9d685c6dfab","06/30/2022, 11:48:04",0.899442937450043,"34","Male","right",1,1,0,0,FALSE,"E_F_Sarah_Millican.png P_M_Sajid_Javid.png"
1577,"P_M_jeremy_corbyn.png","P_M_Sajid_Javid.png","TRUE","pictures/stimuli/P","pictures/stimuli/P","M","M","6","62b05f634c3eb9d685c6dfab","06/30/2022, 11:48:04",0.899442937450043,"34","Male","right",1,1,0,0,FALSE,"P_M_jeremy_corbyn.png P_M_Sajid_Javid.png"
3046,"P_F_nicola_sturge.png","P_M_Gordon_Brown.png","TRUE","pictures/stimuli/P","pictures/stimuli/P","F","M","4","62b05f634c3eb9d685c6dfab","06/30/2022, 11:48:04",-0.321229620517872,"34","Male","right",1,1,0,0,FALSE,"P_F_nicola_sturge.png P_M_Gordon_Brown.png"
2309,"E_M_Ewan_McGregor.png","P_M_Tony_Blair.png","FALSE","pictures/stimuli/E","pictures/stimuli/P","M","M","6","62b05f634c3eb9d685c6dfab","06/30/2022, 11:48:04",0.899442937450043,"34","Male","right",1,1,0,0,FALSE,"E_M_Ewan_McGregor.png P_M_Tony_Blair.png"
3277,"P_F_Theresa_May.png","P_M_jeremy_corbyn.png","TRUE","pictures/stimuli/P","pictures/stimuli/P","F","M","5","62b05f634c3eb9d685c6dfab","06/30/2022, 11:48:04",0.289106658466085,"34","Male","right",1,1,0,0,FALSE,"P_F_Theresa_May.png P_M_jeremy_corbyn.png"
2737,"P_M_jeremy_corbyn.png","P_M_nigel_farage.png","TRUE","pictures/stimuli/P","pictures/stimuli/P","M","M","6","62b05f634c3eb9d685c6dfab","06/30/2022, 11:48:04",0.899442937450043,"34","Male","right",1,1,0,0,FALSE,"P_M_jeremy_corbyn.png P_M_nigel_farage.png"
16634,"E_M_Ewan_McGregor.png","P_M_Gordon_Brown.png","FALSE","pictures/stimuli/E","pictures/stimuli/P","M","M","5","62b05f634c3eb9d685c6dfab","06/30/2022, 11:48:04",0.289106658466085,"34","Male","right",1,1,0,0,FALSE,"E_M_Ewan_McGregor.png P_M_Gordon_Brown.png"
1976,"E_F_Jennifer_Saunders.png","P_M_keir_starmer.png","FALSE","pictures/stimuli/E","pictures/stimuli/P","F","M","6","62b05f634c3eb9d685c6dfab","06/30/2022, 11:48:04",0.899442937450043,"34","Male","right",1,1,0,0,FALSE,"E_F_Jennifer_Saunders.png P_M_keir_starmer.png"
3658,"E_F_Julie_Walters.png","E_M_Jimmy_Carr.png","TRUE","pictures/stimuli/E","pictures/stimuli/E","F","M","3","62b05f634c3eb9d685c6dfab","06/30/2022, 11:48:04",-0.93156589950183,"34","Male","right",1,1,0,0,FALSE,"E_F_Julie_Walters.png E_M_Jimmy_Carr.png"
2000,"E_M_Jimmy_Carr.png","P_M_Michael_Gove.png","FALSE","pictures/stimuli/E","pictures/stimuli/P","M","M","6","62b05f634c3eb9d685c6dfab","06/30/2022, 11:48:04",0.899442937450043,"34","Male","right",1,1,0,0,FALSE,"E_M_Jimmy_Carr.png P_M_Michael_Gove.png"
2704,"P_F_Theresa_May.png","P_M_david_camer.png","TRUE","pictures/stimuli/P","pictures/stimuli/P","F","M","2","62b05f634c3eb9d685c6dfab","06/30/2022, 11:48:04",-1.54190217848579,"34","Male","right",1,1,0,0,FALSE,"P_F_Theresa_May.png P_M_david_camer.png"
5626,"P_M_Gordon_Brown.png","P_M_Sajid_Javid.png","TRUE","pictures/stimuli/P","pictures/stimuli/P","M","M","3","62b05f634c3eb9d685c6dfab","06/30/2022, 11:48:04",-0.93156589950183,"34","Male","right",1,1,0,0,FALSE,"P_M_Gordon_Brown.png P_M_Sajid_Javid.png"
3784,"E_F_Sarah_Millican.png","E_M_Michael_McIntyr.png","TRUE","pictures/stimuli/E","pictures/stimuli/E","F","M","2","62b05f634c3eb9d685c6dfab","06/30/2022, 11:48:04",-1.54190217848579,"34","Male","right",1,1,0,0,FALSE,"E_F_Sarah_Millican.png E_M_Michael_McIntyr.png"
2198,"P_M_david_camer.png","P_M_Tony_Blair.png","TRUE","pictures/stimuli/P","pictures/stimuli/P","M","M","1","62b05f634c3eb9d685c6dfab","06/30/2022, 11:48:04",-2.15223845746975,"34","Male","right",1,1,0,0,FALSE,"P_M_david_camer.png P_M_Tony_Blair.png"
3252,"P_F_nicola_sturge.png","P_M_david_camer.png","TRUE","pictures/stimuli/P","pictures/stimuli/P","F","M","5","62b05f634c3eb9d685c6dfab","06/30/2022, 11:48:04",0.289106658466085,"34","Male","right",1,1,0,0,FALSE,"P_F_nicola_sturge.png P_M_david_camer.png"
2476,"E_F_Dawn_Roma_French.png","P_M_Michael_Gove.png","FALSE","pictures/stimuli/E","pictures/stimuli/P","F","M","6","62b05f634c3eb9d685c6dfab","06/30/2022, 11:48:04",0.899442937450043,"34","Male","right",1,1,0,0,FALSE,"E_F_Dawn_Roma_French.png P_M_Michael_Gove.png"
3171,"E_M_Simon_Pegg.png","P_F_nicola_sturge.png","FALSE","pictures/stimuli/E","pictures/stimuli/P","M","F","6","62b05f634c3eb9d685c6dfab","06/30/2022, 11:48:04",0.899442937450043,"34","Male","right",1,1,0,0,FALSE,"E_M_Simon_Pegg.png P_F_nicola_sturge.png"
1896,"E_M_Simon_Pegg.png","P_M_Sajid_Javid.png","FALSE","pictures/stimuli/E","pictures/stimuli/P","M","M","6","62b05f634c3eb9d685c6dfab","06/30/2022, 11:48:04",0.899442937450043,"34","Male","right",1,1,0,0,FALSE,"E_M_Simon_Pegg.png P_M_Sajid_Javid.png"
6131,"P_M_Gordon_Brown.png","P_M_Tony_Blair.png","TRUE","pictures/stimuli/P","pictures/stimuli/P","M","M","2","62b05f634c3eb9d685c6dfab","06/30/2022, 11:48:04",-1.54190217848579,"34","Male","right",1,1,0,0,FALSE,"P_M_Gordon_Brown.png P_M_Tony_Blair.png"
5397,"E_F_Julie_Walters.png","E_M_Michael_McIntyr.png","TRUE","pictures/stimuli/E","pictures/stimuli/E","F","M","2","62b05f634c3eb9d685c6dfab","06/30/2022, 11:48:04",-1.54190217848579,"34","Male","right",1,1,0,0,FALSE,"E_F_Julie_Walters.png E_M_Michael_McIntyr.png"
2792,"E_F_Jennifer_Saunders.png","P_M_Sajid_Javid.png","FALSE","pictures/stimuli/E","pictures/stimuli/P","F","M","6","62b05f634c3eb9d685c6dfab","06/30/2022, 11:48:04",0.899442937450043,"34","Male","right",1,1,0,0,FALSE,"E_F_Jennifer_Saunders.png P_M_Sajid_Javid.png"
3308,"E_M_Michael_McIntyr.png","P_M_Tony_Blair.png","FALSE","pictures/stimuli/E","pictures/stimuli/P","M","M","5","62b05f634c3eb9d685c6dfab","06/30/2022, 11:48:04",0.289106658466085,"34","Male","right",1,1,0,0,FALSE,"E_M_Michael_McIntyr.png P_M_Tony_Blair.png"
3808,"P_M_david_camer.png","P_M_Michael_Gove.png","TRUE","pictures/stimuli/P","pictures/stimuli/P","M","M","2","62b05f634c3eb9d685c6dfab","06/30/2022, 11:48:04",-1.54190217848579,"34","Male","right",1,1,0,0,FALSE,"P_M_david_camer.png P_M_Michael_Gove.png"
3689,"E_F_Jennifer_Saunders.png","P_M_jeremy_corbyn.png","FALSE","pictures/stimuli/E","pictures/stimuli/P","F","M","5","62b05f634c3eb9d685c6dfab","06/30/2022, 11:48:04",0.289106658466085,"34","Male","right",1,1,0,0,FALSE,"E_F_Jennifer_Saunders.png P_M_jeremy_corbyn.png"
2229,"E_M_Ewan_McGregor.png","P_M_nigel_farage.png","FALSE","pictures/stimuli/E","pictures/stimuli/P","M","M","6","62b05f634c3eb9d685c6dfab","06/30/2022, 11:48:04",0.899442937450043,"34","Male","right",1,1,0,0,FALSE,"E_M_Ewan_McGregor.png P_M_nigel_farage.png"
3014,"E_F_Jennifer_Saunders.png","P_M_Tony_Blair.png","FALSE","pictures/stimuli/E","pictures/stimuli/P","F","M","6","62b05f634c3eb9d685c6dfab","06/30/2022, 11:48:04",0.899442937450043,"34","Male","right",1,1,0,0,FALSE,"E_F_Jennifer_Saunders.png P_M_Tony_Blair.png"
5586,"E_F_Dawn_Roma_French.png","E_M_Jimmy_Carr.png","TRUE","pictures/stimuli/E","pictures/stimuli/E","F","M","4","62b05f634c3eb9d685c6dfab","06/30/2022, 11:48:04",-0.321229620517872,"34","Male","right",1,1,0,0,FALSE,"E_F_Dawn_Roma_French.png E_M_Jimmy_Carr.png"
1893,"E_F_Julie_Walters.png","P_F_Theresa_May.png","FALSE","pictures/stimuli/E","pictures/stimuli/P","F","F","6","62b05f634c3eb9d685c6dfab","06/30/2022, 11:48:04",0.899442937450043,"34","Male","right",1,1,0,0,FALSE,"E_F_Julie_Walters.png P_F_Theresa_May.png"
2736,"E_F_Julie_Walters.png","E_M_Russell_Howard.png","TRUE","pictures/stimuli/E","pictures/stimuli/E","F","M","3","62b05f634c3eb9d685c6dfab","06/30/2022, 11:48:04",-0.93156589950183,"34","Male","right",1,1,0,0,FALSE,"E_F_Julie_Walters.png E_M_Russell_Howard.png"
2761,"E_F_Julie_Walters.png","P_M_david_camer.png","FALSE","pictures/stimuli/E","pictures/stimuli/P","F","M","6","62b05f634c3eb9d685c6dfab","06/30/2022, 11:48:04",0.899442937450043,"34","Male","right",1,1,0,0,FALSE,"E_F_Julie_Walters.png P_M_david_camer.png"
2974,"E_F_Dawn_Roma_French.png","E_M_Russell_Howard.png","TRUE","pictures/stimuli/E","pictures/stimuli/E","F","M","3","62b05f634c3eb9d685c6dfab","06/30/2022, 11:48:04",-0.93156589950183,"34","Male","right",1,1,0,0,FALSE,"E_F_Dawn_Roma_French.png E_M_Russell_Howard.png"
2030,"E_F_Dawn_Roma_French.png","P_M_david_camer.png","FALSE","pictures/stimuli/E","pictures/stimuli/P","F","M","6","62b05f634c3eb9d685c6dfab","06/30/2022, 11:48:04",0.899442937450043,"34","Male","right",1,1,0,0,FALSE,"E_F_Dawn_Roma_French.png P_M_david_camer.png"
2700,"E_M_Simon_Pegg.png","P_M_jeremy_corbyn.png","FALSE","pictures/stimuli/E","pictures/stimuli/P","M","M","5","62b05f634c3eb9d685c6dfab","06/30/2022, 11:48:04",0.289106658466085,"34","Male","right",1,1,0,0,FALSE,"E_M_Simon_Pegg.png P_M_jeremy_corbyn.png"
2982,"E_F_Julie_Walters.png","P_M_keir_starmer.png","FALSE","pictures/stimuli/E","pictures/stimuli/P","F","M","6","62b05f634c3eb9d685c6dfab","06/30/2022, 11:48:04",0.899442937450043,"34","Male","right",1,1,0,0,FALSE,"E_F_Julie_Walters.png P_M_keir_starmer.png"
2411,"E_M_Peter_Kay.png","P_M_Michael_Gove.png","FALSE","pictures/stimuli/E","pictures/stimuli/P","M","M","6","62b05f634c3eb9d685c6dfab","06/30/2022, 11:48:04",0.899442937450043,"34","Male","right",1,1,0,0,FALSE,"E_M_Peter_Kay.png P_M_Michael_Gove.png"
3536,"P_F_nicola_sturge.png","P_F_Theresa_May.png","TRUE","pictures/stimuli/P","pictures/stimuli/P","F","F","4","62b05f634c3eb9d685c6dfab","06/30/2022, 11:48:04",-0.321229620517872,"34","Male","right",1,1,0,0,FALSE,"P_F_nicola_sturge.png P_F_Theresa_May.png"
3229,"P_F_nicola_sturge.png","P_M_Tony_Blair.png","TRUE","pictures/stimuli/P","pictures/stimuli/P","F","M","4","62b05f634c3eb9d685c6dfab","06/30/2022, 11:48:04",-0.321229620517872,"34","Male","right",1,1,0,0,FALSE,"P_F_nicola_sturge.png P_M_Tony_Blair.png"
2522,"E_F_Sarah_Millican.png","E_M_Ewan_McGregor.png","TRUE","pictures/stimuli/E","pictures/stimuli/E","F","M","4","62b05f634c3eb9d685c6dfab","06/30/2022, 11:48:04",-0.321229620517872,"34","Male","right",1,1,0,0,FALSE,"E_F_Sarah_Millican.png E_M_Ewan_McGregor.png"
7363,"P_M_keir_starmer.png","P_M_nigel_farage.png","TRUE","pictures/stimuli/P","pictures/stimuli/P","M","M","2","62b05f634c3eb9d685c6dfab","06/30/2022, 11:48:04",-1.54190217848579,"34","Male","right",1,1,0,0,FALSE,"P_M_keir_starmer.png P_M_nigel_farage.png"
9522,"E_M_Jimmy_Carr.png","P_M_Tony_Blair.png","FALSE","pictures/stimuli/E","pictures/stimuli/P","M","M","6","62b05f634c3eb9d685c6dfab","06/30/2022, 11:48:04",0.899442937450043,"34","Male","right",1,1,0,0,FALSE,"E_M_Jimmy_Carr.png P_M_Tony_Blair.png"
7371,"P_M_Gordon_Brown.png","P_M_jeremy_corbyn.png","TRUE","pictures/stimuli/P","pictures/stimuli/P","M","M","4","62b05f634c3eb9d685c6dfab","06/30/2022, 11:48:04",-0.321229620517872,"34","Male","right",1,1,0,0,FALSE,"P_M_Gordon_Brown.png P_M_jeremy_corbyn.png"
2166,"E_M_Simon_Pegg.png","P_M_keir_starmer.png","FALSE","pictures/stimuli/E","pictures/stimuli/P","M","M","6","62b05f634c3eb9d685c6dfab","06/30/2022, 11:48:04",0.899442937450043,"34","Male","right",1,1,0,0,FALSE,"E_M_Simon_Pegg.png P_M_keir_starmer.png"
1790,"E_M_Ewan_McGregor.png","P_M_Michael_Gove.png","FALSE","pictures/stimuli/E","pictures/stimuli/P","M","M","6","62b05f634c3eb9d685c6dfab","06/30/2022, 11:48:04",0.899442937450043,"34","Male","right",1,1,0,0,FALSE,"E_M_Ewan_McGregor.png P_M_Michael_Gove.png"
5003,"E_M_Peter_Kay.png","P_M_Gordon_Brown.png","FALSE","pictures/stimuli/E","pictures/stimuli/P","M","M","5","62b05f634c3eb9d685c6dfab","06/30/2022, 11:48:04",0.289106658466085,"34","Male","right",1,1,0,0,FALSE,"E_M_Peter_Kay.png P_M_Gordon_Brown.png"
2221,"E_F_Sarah_Millican.png","P_M_Gordon_Brown.png","FALSE","pictures/stimuli/E","pictures/stimuli/P","F","M","5","62b05f634c3eb9d685c6dfab","06/30/2022, 11:48:04",0.289106658466085,"34","Male","right",1,1,0,0,FALSE,"E_F_Sarah_Millican.png P_M_Gordon_Brown.png"
2640,"E_M_Peter_Kay.png","P_M_jeremy_corbyn.png","FALSE","pictures/stimuli/E","pictures/stimuli/P","M","M","5","62b05f634c3eb9d685c6dfab","06/30/2022, 11:48:04",0.289106658466085,"34","Male","right",1,1,0,0,FALSE,"E_M_Peter_Kay.png P_M_jeremy_corbyn.png"
3092,"E_M_Michael_McIntyr.png","P_M_jeremy_corbyn.png","FALSE","pictures/stimuli/E","pictures/stimuli/P","M","M","6","62b05f634c3eb9d685c6dfab","06/30/2022, 11:48:04",0.899442937450043,"34","Male","right",1,1,0,0,FALSE,"E_M_Michael_McIntyr.png P_M_jeremy_corbyn.png"
1687,"E_M_Ewan_McGregor.png","P_F_Theresa_May.png","FALSE","pictures/stimuli/E","pictures/stimuli/P","M","F","6","62b05f634c3eb9d685c6dfab","06/30/2022, 11:48:04",0.899442937450043,"34","Male","right",1,1,0,0,FALSE,"E_M_Ewan_McGregor.png P_F_Theresa_May.png"
3669,"E_M_Michael_McIntyr.png","P_F_nicola_sturge.png","FALSE","pictures/stimuli/E","pictures/stimuli/P","M","F","6","62b05f634c3eb9d685c6dfab","06/30/2022, 11:48:04",0.899442937450043,"34","Male","right",1,1,0,0,FALSE,"E_M_Michael_McIntyr.png P_F_nicola_sturge.png"
2038,"E_M_Jimmy_Carr.png","P_M_keir_starmer.png","FALSE","pictures/stimuli/E","pictures/stimuli/P","M","M","6","62b05f634c3eb9d685c6dfab","06/30/2022, 11:48:04",0.899442937450043,"34","Male","right",1,1,0,0,FALSE,"E_M_Jimmy_Carr.png P_M_keir_starmer.png"
3339,"P_F_Theresa_May.png","P_M_Sajid_Javid.png","TRUE","pictures/stimuli/P","pictures/stimuli/P","F","M","2","62b05f634c3eb9d685c6dfab","06/30/2022, 11:48:04",-1.54190217848579,"34","Male","right",1,1,0,0,FALSE,"P_F_Theresa_May.png P_M_Sajid_Javid.png"
3190,"P_M_Michael_Gove.png","P_M_nigel_farage.png","TRUE","pictures/stimuli/P","pictures/stimuli/P","M","M","1","62b05f634c3eb9d685c6dfab","06/30/2022, 11:48:04",-2.15223845746975,"34","Male","right",1,1,0,0,FALSE,"P_M_Michael_Gove.png P_M_nigel_farage.png"
2062,"P_M_Michael_Gove.png","P_M_Tony_Blair.png","TRUE","pictures/stimuli/P","pictures/stimuli/P","M","M","1","62b05f634c3eb9d685c6dfab","06/30/2022, 11:48:04",-2.15223845746975,"34","Male","right",1,1,0,0,FALSE,"P_M_Michael_Gove.png P_M_Tony_Blair.png"
2427,"E_F_Dawn_Roma_French.png","P_M_Tony_Blair.png","FALSE","pictures/stimuli/E","pictures/stimuli/P","F","M","6","62b05f634c3eb9d685c6dfab","06/30/2022, 11:48:04",0.899442937450043,"34","Male","right",1,1,0,0,FALSE,"E_F_Dawn_Roma_French.png P_M_Tony_Blair.png"
2165,"E_F_Julie_Walters.png","E_M_Simon_Pegg.png","TRUE","pictures/stimuli/E","pictures/stimuli/E","F","M","3","62b05f634c3eb9d685c6dfab","06/30/2022, 11:48:04",-0.93156589950183,"34","Male","right",1,1,0,0,FALSE,"E_F_Julie_Walters.png E_M_Simon_Pegg.png"
1998,"E_F_Sarah_Millican.png","P_M_Tony_Blair.png","FALSE","pictures/stimuli/E","pictures/stimuli/P","F","M","6","62b05f634c3eb9d685c6dfab","06/30/2022, 11:48:04",0.899442937450043,"34","Male","right",1,1,0,0,FALSE,"E_F_Sarah_Millican.png P_M_Tony_Blair.png"
3776,"P_F_nicola_sturge.png","P_M_keir_starmer.png","TRUE","pictures/stimuli/P","pictures/stimuli/P","F","M","4","62b05f634c3eb9d685c6dfab","06/30/2022, 11:48:04",-0.321229620517872,"34","Male","right",1,1,0,0,FALSE,"P_F_nicola_sturge.png P_M_keir_starmer.png"
3927,"E_F_Dawn_Roma_French.png","E_M_Peter_Kay.png","TRUE","pictures/stimuli/E","pictures/stimuli/E","F","M","3","62b05f634c3eb9d685c6dfab","06/30/2022, 11:48:04",-0.93156589950183,"34","Male","right",1,1,0,0,FALSE,"E_F_Dawn_Roma_French.png E_M_Peter_Kay.png"
2421,"E_F_Julie_Walters.png","P_M_jeremy_corbyn.png","FALSE","pictures/stimuli/E","pictures/stimuli/P","F","M","5","62b05f634c3eb9d685c6dfab","06/30/2022, 11:48:04",0.289106658466085,"34","Male","right",1,1,0,0,FALSE,"E_F_Julie_Walters.png P_M_jeremy_corbyn.png"
3309,"E_F_Dawn_Roma_French.png","E_M_Ewan_McGregor.png","TRUE","pictures/stimuli/E","pictures/stimuli/E","F","M","4","62b05f634c3eb9d685c6dfab","06/30/2022, 11:48:04",-0.321229620517872,"34","Male","right",1,1,0,0,FALSE,"E_F_Dawn_Roma_French.png E_M_Ewan_McGregor.png"
1784,"E_F_Dawn_Roma_French.png","P_M_nigel_farage.png","FALSE","pictures/stimuli/E","pictures/stimuli/P","F","M","6","62b05f634c3eb9d685c6dfab","06/30/2022, 11:48:04",0.899442937450043,"34","Male","right",1,1,0,0,FALSE,"E_F_Dawn_Roma_French.png P_M_nigel_farage.png"
3189,"P_M_Gordon_Brown.png","P_M_keir_starmer.png","TRUE","pictures/stimuli/P","pictures/stimuli/P","M","M","1","62b05f634c3eb9d685c6dfab","06/30/2022, 11:48:04",-2.15223845746975,"34","Male","right",1,1,0,0,FALSE,"P_M_Gordon_Brown.png P_M_keir_starmer.png"
2150,"E_F_Sarah_Millican.png","E_M_Peter_Kay.png","TRUE","pictures/stimuli/E","pictures/stimuli/E","F","M","3","62b05f634c3eb9d685c6dfab","06/30/2022, 11:48:04",-0.93156589950183,"34","Male","right",1,1,0,0,FALSE,"E_F_Sarah_Millican.png E_M_Peter_Kay.png"
2506,"E_F_Jennifer_Saunders.png","E_M_Russell_Howard.png","TRUE","pictures/stimuli/E","pictures/stimuli/E","F","M","3","62b05f634c3eb9d685c6dfab","06/30/2022, 11:48:04",-0.93156589950183,"34","Male","right",1,1,0,0,FALSE,"E_F_Jennifer_Saunders.png E_M_Russell_Howard.png"
3427,"E_M_Ewan_McGregor.png","P_M_keir_starmer.png","FALSE","pictures/stimuli/E","pictures/stimuli/P","M","M","6","62b05f634c3eb9d685c6dfab","06/30/2022, 11:48:04",0.899442937450043,"34","Male","right",1,1,0,0,FALSE,"E_M_Ewan_McGregor.png P_M_keir_starmer.png"
2356,"E_F_Dawn_Roma_French.png","P_M_Gordon_Brown.png","FALSE","pictures/stimuli/E","pictures/stimuli/P","F","M","6","62b05f634c3eb9d685c6dfab","06/30/2022, 11:48:04",0.899442937450043,"34","Male","right",1,1,0,0,FALSE,"E_F_Dawn_Roma_French.png P_M_Gordon_Brown.png"
4775,"P_M_david_camer.png","P_M_nigel_farage.png","TRUE","pictures/stimuli/P","pictures/stimuli/P","M","M","3","62b05f634c3eb9d685c6dfab","06/30/2022, 11:48:04",-0.93156589950183,"34","Male","right",1,1,0,0,FALSE,"P_M_david_camer.png P_M_nigel_farage.png"
3753,"E_F_Sarah_Millican.png","E_M_Russell_Howard.png","TRUE","pictures/stimuli/E","pictures/stimuli/E","F","M","2","62b05f634c3eb9d685c6dfab","06/30/2022, 11:48:04",-1.54190217848579,"34","Male","right",1,1,0,0,FALSE,"E_F_Sarah_Millican.png E_M_Russell_Howard.png"
3539,"P_M_jeremy_corbyn.png","P_M_keir_starmer.png","TRUE","pictures/stimuli/P","pictures/stimuli/P","M","M","5","62b05f634c3eb9d685c6dfab","06/30/2022, 11:48:04",0.289106658466085,"34","Male","right",1,1,0,0,FALSE,"P_M_jeremy_corbyn.png P_M_keir_starmer.png"
1898,"E_F_Dawn_Roma_French.png","P_M_keir_starmer.png","FALSE","pictures/stimuli/E","pictures/stimuli/P","F","M","6","62b05f634c3eb9d685c6dfab","06/30/2022, 11:48:04",0.899442937450043,"34","Male","right",1,1,0,0,FALSE,"E_F_Dawn_Roma_French.png P_M_keir_starmer.png"
5340,"P_M_nigel_farage.png","P_M_Tony_Blair.png","TRUE","pictures/stimuli/P","pictures/stimuli/P","M","M","2","62b05f634c3eb9d685c6dfab","06/30/2022, 11:48:04",-1.54190217848579,"34","Male","right",1,1,0,0,FALSE,"P_M_nigel_farage.png P_M_Tony_Blair.png"
2149,"E_M_Russell_Howard.png","P_M_Gordon_Brown.png","FALSE","pictures/stimuli/E","pictures/stimuli/P","M","M","6","62b05f634c3eb9d685c6dfab","06/30/2022, 11:48:04",0.899442937450043,"34","Male","right",1,1,0,0,FALSE,"E_M_Russell_Howard.png P_M_Gordon_Brown.png"
2110,"E_M_Ewan_McGregor.png","E_M_Simon_Pegg.png","TRUE","pictures/stimuli/E","pictures/stimuli/E","M","M","4","62b05f634c3eb9d685c6dfab","06/30/2022, 11:48:04",-0.321229620517872,"34","Male","right",1,1,0,0,FALSE,"E_M_Ewan_McGregor.png E_M_Simon_Pegg.png"
1639,"E_M_Russell_Howard.png","P_M_Tony_Blair.png","FALSE","pictures/stimuli/E","pictures/stimuli/P","M","M","6","62b05f634c3eb9d685c6dfab","06/30/2022, 11:48:04",0.899442937450043,"34","Male","right",1,1,0,0,FALSE,"E_M_Russell_Howard.png P_M_Tony_Blair.png"
2046,"E_F_Jennifer_Saunders.png","P_M_Gordon_Brown.png","FALSE","pictures/stimuli/E","pictures/stimuli/P","F","M","6","62b05f634c3eb9d685c6dfab","06/30/2022, 11:48:04",0.899442937450043,"34","Male","right",1,1,0,0,FALSE,"E_F_Jennifer_Saunders.png P_M_Gordon_Brown.png"
1775,"E_M_Jimmy_Carr.png","P_M_Sajid_Javid.png","FALSE","pictures/stimuli/E","pictures/stimuli/P","M","M","6","62b05f634c3eb9d685c6dfab","06/30/2022, 11:48:04",0.899442937450043,"34","Male","right",1,1,0,0,FALSE,"E_M_Jimmy_Carr.png P_M_Sajid_Javid.png"
2165,"E_M_Michael_McIntyr.png","P_M_Michael_Gove.png","FALSE","pictures/stimuli/E","pictures/stimuli/P","M","M","6","62b05f634c3eb9d685c6dfab","06/30/2022, 11:48:04",0.899442937450043,"34","Male","right",1,1,0,0,FALSE,"E_M_Michael_McIntyr.png P_M_Michael_Gove.png"
1942,"E_F_Sarah_Millican.png","P_M_Michael_Gove.png","FALSE","pictures/stimuli/E","pictures/stimuli/P","F","M","6","62b05f634c3eb9d685c6dfab","06/30/2022, 11:48:04",0.899442937450043,"34","Male","right",1,1,0,0,FALSE,"E_F_Sarah_Millican.png P_M_Michael_Gove.png"
1950,"E_M_Russell_Howard.png","P_M_Michael_Gove.png","FALSE","pictures/stimuli/E","pictures/stimuli/P","M","M","6","62b05f634c3eb9d685c6dfab","06/30/2022, 11:48:04",0.899442937450043,"34","Male","right",1,1,0,0,FALSE,"E_M_Russell_Howard.png P_M_Michael_Gove.png"
1523,"E_F_Sarah_Millican.png","P_M_nigel_farage.png","FALSE","pictures/stimuli/E","pictures/stimuli/P","F","M","6","62b05f634c3eb9d685c6dfab","06/30/2022, 11:48:04",0.899442937450043,"34","Male","right",1,1,0,0,FALSE,"E_F_Sarah_Millican.png P_M_nigel_farage.png"
3547,"E_F_Dawn_Roma_French.png","E_F_Julie_Walters.png","TRUE","pictures/stimuli/E","pictures/stimuli/E","F","F","2","62b05f634c3eb9d685c6dfab","06/30/2022, 11:48:04",-1.54190217848579,"34","Male","right",1,1,0,0,FALSE,"E_F_Dawn_Roma_French.png E_F_Julie_Walters.png"
2269,"E_F_Jennifer_Saunders.png","E_F_Sarah_Millican.png","TRUE","pictures/stimuli/E","pictures/stimuli/E","F","F","2","62b05f634c3eb9d685c6dfab","06/30/2022, 11:48:04",-1.54190217848579,"34","Male","right",1,1,0,0,FALSE,"E_F_Jennifer_Saunders.png E_F_Sarah_Millican.png"
2642,"E_F_Sarah_Millican.png","E_M_Jimmy_Carr.png","TRUE","pictures/stimuli/E","pictures/stimuli/E","F","M","3","62b05f634c3eb9d685c6dfab","06/30/2022, 11:48:04",-0.93156589950183,"34","Male","right",1,1,0,0,FALSE,"E_F_Sarah_Millican.png E_M_Jimmy_Carr.png"
3911,"P_F_Theresa_May.png","P_M_nigel_farage.png","TRUE","pictures/stimuli/P","pictures/stimuli/P","F","M","3","62b05f634c3eb9d685c6dfab","06/30/2022, 11:48:04",-0.93156589950183,"34","Male","right",1,1,0,0,FALSE,"P_F_Theresa_May.png P_M_nigel_farage.png"
3395,"E_M_Russell_Howard.png","P_M_nigel_farage.png","FALSE","pictures/stimuli/E","pictures/stimuli/P","M","M","6","62b05f634c3eb9d685c6dfab","06/30/2022, 11:48:04",0.899442937450043,"34","Male","right",1,1,0,0,FALSE,"E_M_Russell_Howard.png P_M_nigel_farage.png"
1950,"E_M_Russell_Howard.png","P_F_nicola_sturge.png","FALSE","pictures/stimuli/E","pictures/stimuli/P","M","F","6","62b05f634c3eb9d685c6dfab","06/30/2022, 11:48:04",0.899442937450043,"34","Male","right",1,1,0,0,FALSE,"E_M_Russell_Howard.png P_F_nicola_sturge.png"
3634,"P_F_nicola_sturge.png","P_M_nigel_farage.png","TRUE","pictures/stimuli/P","pictures/stimuli/P","F","M","5","62b05f634c3eb9d685c6dfab","06/30/2022, 11:48:04",0.289106658466085,"34","Male","right",1,1,0,0,FALSE,"P_F_nicola_sturge.png P_M_nigel_farage.png"
2444,"E_M_Jimmy_Carr.png","P_M_jeremy_corbyn.png","FALSE","pictures/stimuli/E","pictures/stimuli/P","M","M","5","62b05f634c3eb9d685c6dfab","06/30/2022, 11:48:04",0.289106658466085,"34","Male","right",1,1,0,0,FALSE,"E_M_Jimmy_Carr.png P_M_jeremy_corbyn.png"
5729,"P_F_nicola_sturge.png","P_M_Michael_Gove.png","TRUE","pictures/stimuli/P","pictures/stimuli/P","F","M","4","62b05f634c3eb9d685c6dfab","06/30/2022, 11:48:04",-0.321229620517872,"34","Male","right",1,1,0,0,FALSE,"P_F_nicola_sturge.png P_M_Michael_Gove.png"
3196,"E_M_Jimmy_Carr.png","E_M_Michael_McIntyr.png","TRUE","pictures/stimuli/E","pictures/stimuli/E","M","M","2","62b05f634c3eb9d685c6dfab","06/30/2022, 11:48:04",-1.54190217848579,"34","Male","right",1,1,0,0,FALSE,"E_M_Jimmy_Carr.png E_M_Michael_McIntyr.png"
1863,"E_M_Simon_Pegg.png","P_M_Michael_Gove.png","FALSE","pictures/stimuli/E","pictures/stimuli/P","M","M","6","62b05f634c3eb9d685c6dfab","06/30/2022, 11:48:04",0.899442937450043,"34","Male","right",1,1,0,0,FALSE,"E_M_Simon_Pegg.png P_M_Michael_Gove.png"
1768,"E_F_Julie_Walters.png","P_M_nigel_farage.png","FALSE","pictures/stimuli/E","pictures/stimuli/P","F","M","6","62b05f634c3eb9d685c6dfab","06/30/2022, 11:48:04",0.899442937450043,"34","Male","right",1,1,0,0,FALSE,"E_F_Julie_Walters.png P_M_nigel_farage.png"
2862,"E_F_Jennifer_Saunders.png","E_F_Julie_Walters.png","TRUE","pictures/stimuli/E","pictures/stimuli/E","F","F","1","62b05f634c3eb9d685c6dfab","06/30/2022, 11:48:04",-2.15223845746975,"34","Male","right",1,1,0,0,FALSE,"E_F_Jennifer_Saunders.png E_F_Julie_Walters.png"
1545,"E_M_Jimmy_Carr.png","P_M_nigel_farage.png","FALSE","pictures/stimuli/E","pictures/stimuli/P","M","M","6","62b05f634c3eb9d685c6dfab","06/30/2022, 11:48:04",0.899442937450043,"34","Male","right",1,1,0,0,FALSE,"E_M_Jimmy_Carr.png P_M_nigel_farage.png"
4522,"E_F_Dawn_Roma_French.png","E_F_Sarah_Millican.png","TRUE","pictures/stimuli/E","pictures/stimuli/E","F","F","3","62b05f634c3eb9d685c6dfab","06/30/2022, 11:48:04",-0.93156589950183,"34","Male","right",1,1,0,0,FALSE,"E_F_Dawn_Roma_French.png E_F_Sarah_Millican.png"
1713,"E_F_Julie_Walters.png","P_M_Gordon_Brown.png","FALSE","pictures/stimuli/E","pictures/stimuli/P","F","M","6","62b05f634c3eb9d685c6dfab","06/30/2022, 11:48:04",0.899442937450043,"34","Male","right",1,1,0,0,FALSE,"E_F_Julie_Walters.png P_M_Gordon_Brown.png"
1656,"E_M_Simon_Pegg.png","P_M_Tony_Blair.png","FALSE","pictures/stimuli/E","pictures/stimuli/P","M","M","6","62b05f634c3eb9d685c6dfab","06/30/2022, 11:48:04",0.899442937450043,"34","Male","right",1,1,0,0,FALSE,"E_M_Simon_Pegg.png P_M_Tony_Blair.png"
9477,"E_F_Dawn_Roma_French.png","E_F_Jennifer_Saunders.png","TRUE","pictures/stimuli/E","pictures/stimuli/E","F","F","3","62b970e418ba08e882a25802","06/30/2022, 09:29:37",-0.815776136406791,"31","Male","right",1,0,0,0,TRUE,"E_F_Dawn_Roma_French.png E_F_Jennifer_Saunders.png"
4358,"E_M_Michael_McIntyr.png","P_M_Sajid_Javid.png","FALSE","pictures/stimuli/E","pictures/stimuli/P","M","M","6","62b970e418ba08e882a25802","06/30/2022, 09:29:37",0.986519978910537,"31","Male","right",1,1,0,0,FALSE,"E_M_Michael_McIntyr.png P_M_Sajid_Javid.png"
4619,"E_M_Peter_Kay.png","P_M_Michael_Gove.png","FALSE","pictures/stimuli/E","pictures/stimuli/P","M","M","5","62b970e418ba08e882a25802","06/30/2022, 09:29:37",0.385754607138095,"31","Male","right",1,1,0,0,FALSE,"E_M_Peter_Kay.png P_M_Michael_Gove.png"
5037,"E_F_Jennifer_Saunders.png","E_M_Jimmy_Carr.png","TRUE","pictures/stimuli/E","pictures/stimuli/E","F","M","5","62b970e418ba08e882a25802","06/30/2022, 09:29:37",0.385754607138095,"31","Male","right",0,1,0,0,TRUE,"E_F_Jennifer_Saunders.png E_M_Jimmy_Carr.png"
4514,"E_M_Simon_Pegg.png","P_M_Sajid_Javid.png","FALSE","pictures/stimuli/E","pictures/stimuli/P","M","M","6","62b970e418ba08e882a25802","06/30/2022, 09:29:37",0.986519978910537,"31","Male","right",1,1,0,0,FALSE,"E_M_Simon_Pegg.png P_M_Sajid_Javid.png"
7006,"E_F_Dawn_Roma_French.png","E_M_Peter_Kay.png","TRUE","pictures/stimuli/E","pictures/stimuli/E","F","M","2","62b970e418ba08e882a25802","06/30/2022, 09:29:37",-1.41654150817923,"31","Male","right",1,1,0,0,FALSE,"E_F_Dawn_Roma_French.png E_M_Peter_Kay.png"
3138,"E_M_Peter_Kay.png","P_M_nigel_farage.png","FALSE","pictures/stimuli/E","pictures/stimuli/P","M","M","2","62b970e418ba08e882a25802","06/30/2022, 09:29:37",-1.41654150817923,"31","Male","right",1,1,0,0,FALSE,"E_M_Peter_Kay.png P_M_nigel_farage.png"
5774,"E_M_Simon_Pegg.png","P_M_Michael_Gove.png","FALSE","pictures/stimuli/E","pictures/stimuli/P","M","M","5","62b970e418ba08e882a25802","06/30/2022, 09:29:37",0.385754607138095,"31","Male","right",1,1,0,0,FALSE,"E_M_Simon_Pegg.png P_M_Michael_Gove.png"
2859,"E_M_Simon_Pegg.png","P_F_nicola_sturge.png","FALSE","pictures/stimuli/E","pictures/stimuli/P","M","F","6","62b970e418ba08e882a25802","06/30/2022, 09:29:37",0.986519978910537,"31","Male","right",1,1,0,0,FALSE,"E_M_Simon_Pegg.png P_F_nicola_sturge.png"
9995,"E_M_Simon_Pegg.png","P_M_nigel_farage.png","FALSE","pictures/stimuli/E","pictures/stimuli/P","M","M","5","62b970e418ba08e882a25802","06/30/2022, 09:29:37",0.385754607138095,"31","Male","right",1,1,0,0,FALSE,"E_M_Simon_Pegg.png P_M_nigel_farage.png"
4058,"P_M_david_camer.png","P_M_Michael_Gove.png","TRUE","pictures/stimuli/P","pictures/stimuli/P","M","M","3","62b970e418ba08e882a25802","06/30/2022, 09:29:37",-0.815776136406791,"31","Male","right",1,1,0,0,FALSE,"P_M_david_camer.png P_M_Michael_Gove.png"
9393,"E_M_Michael_McIntyr.png","P_F_nicola_sturge.png","FALSE","pictures/stimuli/E","pictures/stimuli/P","M","F","5","62b970e418ba08e882a25802","06/30/2022, 09:29:37",0.385754607138095,"31","Male","right",1,1,0,0,FALSE,"E_M_Michael_McIntyr.png P_F_nicola_sturge.png"
3552,"E_M_Russell_Howard.png","P_M_Gordon_Brown.png","FALSE","pictures/stimuli/E","pictures/stimuli/P","M","M","6","62b970e418ba08e882a25802","06/30/2022, 09:29:37",0.986519978910537,"31","Male","right",1,1,0,0,FALSE,"E_M_Russell_Howard.png P_M_Gordon_Brown.png"
4593,"E_M_Ewan_McGregor.png","E_M_Michael_McIntyr.png","TRUE","pictures/stimuli/E","pictures/stimuli/E","M","M","5","62b970e418ba08e882a25802","06/30/2022, 09:29:37",0.385754607138095,"31","Male","right",1,1,0,0,FALSE,"E_M_Ewan_McGregor.png E_M_Michael_McIntyr.png"
3036,"E_M_Michael_McIntyr.png","P_M_jeremy_corbyn.png","FALSE","pictures/stimuli/E","pictures/stimuli/P","M","M","6","62b970e418ba08e882a25802","06/30/2022, 09:29:37",0.986519978910537,"31","Male","right",1,1,0,0,FALSE,"E_M_Michael_McIntyr.png P_M_jeremy_corbyn.png"
15564,"E_M_Ewan_McGregor.png","E_M_Simon_Pegg.png","TRUE","pictures/stimuli/E","pictures/stimuli/E","M","M","4","62b970e418ba08e882a25802","06/30/2022, 09:29:37",-0.215010764634348,"31","Male","right",1,1,0,0,FALSE,"E_M_Ewan_McGregor.png E_M_Simon_Pegg.png"
6056,"E_F_Sarah_Millican.png","P_F_nicola_sturge.png","FALSE","pictures/stimuli/E","pictures/stimuli/P","F","F","5","62b970e418ba08e882a25802","06/30/2022, 09:29:37",0.385754607138095,"31","Male","right",0,1,0,0,TRUE,"E_F_Sarah_Millican.png P_F_nicola_sturge.png"
5269,"E_F_Dawn_Roma_French.png","P_M_Michael_Gove.png","FALSE","pictures/stimuli/E","pictures/stimuli/P","F","M","5","62b970e418ba08e882a25802","06/30/2022, 09:29:37",0.385754607138095,"31","Male","right",1,1,0,0,FALSE,"E_F_Dawn_Roma_French.png P_M_Michael_Gove.png"
3106,"E_M_Peter_Kay.png","P_F_Theresa_May.png","FALSE","pictures/stimuli/E","pictures/stimuli/P","M","F","6","62b970e418ba08e882a25802","06/30/2022, 09:29:37",0.986519978910537,"31","Male","right",1,1,0,0,FALSE,"E_M_Peter_Kay.png P_F_Theresa_May.png"
6916,"E_F_Dawn_Roma_French.png","E_M_Michael_McIntyr.png","TRUE","pictures/stimuli/E","pictures/stimuli/E","F","M","2","62b970e418ba08e882a25802","06/30/2022, 09:29:37",-1.41654150817923,"31","Male","right",1,1,0,0,FALSE,"E_F_Dawn_Roma_French.png E_M_Michael_McIntyr.png"
3124,"E_F_Sarah_Millican.png","P_M_jeremy_corbyn.png","FALSE","pictures/stimuli/E","pictures/stimuli/P","F","M","4","62b970e418ba08e882a25802","06/30/2022, 09:29:37",-0.215010764634348,"31","Male","right",0,1,0,0,TRUE,"E_F_Sarah_Millican.png P_M_jeremy_corbyn.png"
9770,"E_M_Russell_Howard.png","P_F_nicola_sturge.png","FALSE","pictures/stimuli/E","pictures/stimuli/P","M","F","5","62b970e418ba08e882a25802","06/30/2022, 09:29:37",0.385754607138095,"31","Male","right",1,1,0,0,FALSE,"E_M_Russell_Howard.png P_F_nicola_sturge.png"
8182,"E_M_Ewan_McGregor.png","P_M_Michael_Gove.png","FALSE","pictures/stimuli/E","pictures/stimuli/P","M","M","6","62b970e418ba08e882a25802","06/30/2022, 09:29:37",0.986519978910537,"31","Male","right",1,1,0,0,FALSE,"E_M_Ewan_McGregor.png P_M_Michael_Gove.png"
3936,"E_F_Julie_Walters.png","E_M_Michael_McIntyr.png","TRUE","pictures/stimuli/E","pictures/stimuli/E","F","M","3","62b970e418ba08e882a25802","06/30/2022, 09:29:37",-0.815776136406791,"31","Male","right",0,1,0,0,TRUE,"E_F_Julie_Walters.png E_M_Michael_McIntyr.png"
4983,"E_M_Ewan_McGregor.png","P_M_Tony_Blair.png","FALSE","pictures/stimuli/E","pictures/stimuli/P","M","M","2","62b970e418ba08e882a25802","06/30/2022, 09:29:37",-1.41654150817923,"31","Male","right",1,1,0,0,FALSE,"E_M_Ewan_McGregor.png P_M_Tony_Blair.png"
3098,"E_F_Sarah_Millican.png","P_M_Gordon_Brown.png","FALSE","pictures/stimuli/E","pictures/stimuli/P","F","M","6","62b970e418ba08e882a25802","06/30/2022, 09:29:37",0.986519978910537,"31","Male","right",0,1,0,0,TRUE,"E_F_Sarah_Millican.png P_M_Gordon_Brown.png"
6237,"E_F_Sarah_Millican.png","E_M_Peter_Kay.png","TRUE","pictures/stimuli/E","pictures/stimuli/E","F","M","4","62b970e418ba08e882a25802","06/30/2022, 09:29:37",-0.215010764634348,"31","Male","right",0,1,0,0,TRUE,"E_F_Sarah_Millican.png E_M_Peter_Kay.png"
5321,"P_F_nicola_sturge.png","P_M_Michael_Gove.png","TRUE","pictures/stimuli/P","pictures/stimuli/P","F","M","5","62b970e418ba08e882a25802","06/30/2022, 09:29:37",0.385754607138095,"31","Male","right",1,1,0,0,FALSE,"P_F_nicola_sturge.png P_M_Michael_Gove.png"
10962,"P_M_keir_starmer.png","P_M_nigel_farage.png","TRUE","pictures/stimuli/P","pictures/stimuli/P","M","M","5","62b970e418ba08e882a25802","06/30/2022, 09:29:37",0.385754607138095,"31","Male","right",1,1,0,0,FALSE,"P_M_keir_starmer.png P_M_nigel_farage.png"
2935,"P_M_Gordon_Brown.png","P_M_jeremy_corbyn.png","TRUE","pictures/stimuli/P","pictures/stimuli/P","M","M","6","62b970e418ba08e882a25802","06/30/2022, 09:29:37",0.986519978910537,"31","Male","right",1,1,0,0,FALSE,"P_M_Gordon_Brown.png P_M_jeremy_corbyn.png"
5362,"E_M_Jimmy_Carr.png","E_M_Simon_Pegg.png","TRUE","pictures/stimuli/E","pictures/stimuli/E","M","M","6","62b970e418ba08e882a25802","06/30/2022, 09:29:37",0.986519978910537,"31","Male","right",1,1,0,0,FALSE,"E_M_Jimmy_Carr.png E_M_Simon_Pegg.png"
17420,"E_M_Michael_McIntyr.png","P_M_nigel_farage.png","FALSE","pictures/stimuli/E","pictures/stimuli/P","M","M","5","62b970e418ba08e882a25802","06/30/2022, 09:29:37",0.385754607138095,"31","Male","right",1,1,0,0,FALSE,"E_M_Michael_McIntyr.png P_M_nigel_farage.png"
4853,"E_M_Michael_McIntyr.png","E_M_Peter_Kay.png","TRUE","pictures/stimuli/E","pictures/stimuli/E","M","M","6","62b970e418ba08e882a25802","06/30/2022, 09:29:37",0.986519978910537,"31","Male","right",1,1,0,0,FALSE,"E_M_Michael_McIntyr.png E_M_Peter_Kay.png"
4026,"E_F_Julie_Walters.png","P_M_Gordon_Brown.png","FALSE","pictures/stimuli/E","pictures/stimuli/P","F","M","4","62b970e418ba08e882a25802","06/30/2022, 09:29:37",-0.215010764634348,"31","Male","right",0,1,0,0,TRUE,"E_F_Julie_Walters.png P_M_Gordon_Brown.png"
2975,"E_F_Julie_Walters.png","P_M_Tony_Blair.png","FALSE","pictures/stimuli/E","pictures/stimuli/P","F","M","4","62b970e418ba08e882a25802","06/30/2022, 09:29:37",-0.215010764634348,"31","Male","right",0,1,0,0,TRUE,"E_F_Julie_Walters.png P_M_Tony_Blair.png"
4994,"E_F_Sarah_Millican.png","P_F_Theresa_May.png","FALSE","pictures/stimuli/E","pictures/stimuli/P","F","F","2","62b970e418ba08e882a25802","06/30/2022, 09:29:37",-1.41654150817923,"31","Male","right",0,1,0,0,TRUE,"E_F_Sarah_Millican.png P_F_Theresa_May.png"
4804,"E_M_Ewan_McGregor.png","P_M_Sajid_Javid.png","FALSE","pictures/stimuli/E","pictures/stimuli/P","M","M","6","62b970e418ba08e882a25802","06/30/2022, 09:29:37",0.986519978910537,"31","Male","right",1,1,0,0,FALSE,"E_M_Ewan_McGregor.png P_M_Sajid_Javid.png"
11739,"E_F_Jennifer_Saunders.png","P_M_Michael_Gove.png","FALSE","pictures/stimuli/E","pictures/stimuli/P","F","M","4","62b970e418ba08e882a25802","06/30/2022, 09:29:37",-0.215010764634348,"31","Male","right",0,1,0,0,TRUE,"E_F_Jennifer_Saunders.png P_M_Michael_Gove.png"
1746,"E_F_Sarah_Millican.png","E_M_Michael_McIntyr.png","TRUE","pictures/stimuli/E","pictures/stimuli/E","F","M","4","62b970e418ba08e882a25802","06/30/2022, 09:29:37",-0.215010764634348,"31","Male","right",0,1,0,0,TRUE,"E_F_Sarah_Millican.png E_M_Michael_McIntyr.png"
4421,"E_M_Peter_Kay.png","P_M_david_camer.png","FALSE","pictures/stimuli/E","pictures/stimuli/P","M","M","3","62b970e418ba08e882a25802","06/30/2022, 09:29:37",-0.815776136406791,"31","Male","right",1,1,0,0,FALSE,"E_M_Peter_Kay.png P_M_david_camer.png"
2937,"E_F_Jennifer_Saunders.png","P_F_Theresa_May.png","FALSE","pictures/stimuli/E","pictures/stimuli/P","F","F","2","62b970e418ba08e882a25802","06/30/2022, 09:29:37",-1.41654150817923,"31","Male","right",0,1,0,0,TRUE,"E_F_Jennifer_Saunders.png P_F_Theresa_May.png"
4902,"E_M_Simon_Pegg.png","P_M_keir_starmer.png","FALSE","pictures/stimuli/E","pictures/stimuli/P","M","M","4","62b970e418ba08e882a25802","06/30/2022, 09:29:37",-0.215010764634348,"31","Male","right",1,1,0,0,FALSE,"E_M_Simon_Pegg.png P_M_keir_starmer.png"
3267,"E_F_Dawn_Roma_French.png","P_M_nigel_farage.png","FALSE","pictures/stimuli/E","pictures/stimuli/P","F","M","6","62b970e418ba08e882a25802","06/30/2022, 09:29:37",0.986519978910537,"31","Male","right",1,1,0,0,FALSE,"E_F_Dawn_Roma_French.png P_M_nigel_farage.png"
6296,"E_M_Jimmy_Carr.png","P_M_jeremy_corbyn.png","FALSE","pictures/stimuli/E","pictures/stimuli/P","M","M","5","62b970e418ba08e882a25802","06/30/2022, 09:29:37",0.385754607138095,"31","Male","right",1,1,0,0,FALSE,"E_M_Jimmy_Carr.png P_M_jeremy_corbyn.png"
2788,"E_F_Dawn_Roma_French.png","E_F_Julie_Walters.png","TRUE","pictures/stimuli/E","pictures/stimuli/E","F","F","3","62b970e418ba08e882a25802","06/30/2022, 09:29:37",-0.815776136406791,"31","Male","right",1,0,0,0,TRUE,"E_F_Dawn_Roma_French.png E_F_Julie_Walters.png"
2339,"P_M_keir_starmer.png","P_M_Sajid_Javid.png","TRUE","pictures/stimuli/P","pictures/stimuli/P","M","M","6","62b970e418ba08e882a25802","06/30/2022, 09:29:37",0.986519978910537,"31","Male","right",1,1,0,0,FALSE,"P_M_keir_starmer.png P_M_Sajid_Javid.png"
2985,"E_M_Peter_Kay.png","P_M_Tony_Blair.png","FALSE","pictures/stimuli/E","pictures/stimuli/P","M","M","6","62b970e418ba08e882a25802","06/30/2022, 09:29:37",0.986519978910537,"31","Male","right",1,1,0,0,FALSE,"E_M_Peter_Kay.png P_M_Tony_Blair.png"
2752,"E_F_Julie_Walters.png","E_M_Ewan_McGregor.png","TRUE","pictures/stimuli/E","pictures/stimuli/E","F","M","4","62b970e418ba08e882a25802","06/30/2022, 09:29:37",-0.215010764634348,"31","Male","right",0,1,0,0,TRUE,"E_F_Julie_Walters.png E_M_Ewan_McGregor.png"
3754,"P_F_nicola_sturge.png","P_F_Theresa_May.png","TRUE","pictures/stimuli/P","pictures/stimuli/P","F","F","6","62b970e418ba08e882a25802","06/30/2022, 09:29:37",0.986519978910537,"31","Male","right",1,1,0,0,FALSE,"P_F_nicola_sturge.png P_F_Theresa_May.png"
2026,"E_F_Sarah_Millican.png","E_M_Ewan_McGregor.png","TRUE","pictures/stimuli/E","pictures/stimuli/E","F","M","4","62b970e418ba08e882a25802","06/30/2022, 09:29:37",-0.215010764634348,"31","Male","right",0,1,0,0,TRUE,"E_F_Sarah_Millican.png E_M_Ewan_McGregor.png"
4111,"E_M_Jimmy_Carr.png","P_F_Theresa_May.png","FALSE","pictures/stimuli/E","pictures/stimuli/P","M","F","6","62b970e418ba08e882a25802","06/30/2022, 09:29:37",0.986519978910537,"31","Male","right",1,1,0,0,FALSE,"E_M_Jimmy_Carr.png P_F_Theresa_May.png"
21370,"P_M_jeremy_corbyn.png","P_M_Tony_Blair.png","TRUE","pictures/stimuli/P","pictures/stimuli/P","M","M","3","62b970e418ba08e882a25802","06/30/2022, 09:29:37",-0.815776136406791,"31","Male","right",1,1,0,0,FALSE,"P_M_jeremy_corbyn.png P_M_Tony_Blair.png"
3763,"E_M_Peter_Kay.png","E_M_Russell_Howard.png","TRUE","pictures/stimuli/E","pictures/stimuli/E","M","M","3","62b970e418ba08e882a25802","06/30/2022, 09:29:37",-0.815776136406791,"31","Male","right",1,1,0,0,FALSE,"E_M_Peter_Kay.png E_M_Russell_Howard.png"
2066,"E_F_Julie_Walters.png","P_M_nigel_farage.png","FALSE","pictures/stimuli/E","pictures/stimuli/P","F","M","4","62b970e418ba08e882a25802","06/30/2022, 09:29:37",-0.215010764634348,"31","Male","right",0,1,0,0,TRUE,"E_F_Julie_Walters.png P_M_nigel_farage.png"
1892,"E_F_Jennifer_Saunders.png","P_M_Gordon_Brown.png","FALSE","pictures/stimuli/E","pictures/stimuli/P","F","M","4","62b970e418ba08e882a25802","06/30/2022, 09:29:37",-0.215010764634348,"31","Male","right",0,1,0,0,TRUE,"E_F_Jennifer_Saunders.png P_M_Gordon_Brown.png"
6825,"E_M_Jimmy_Carr.png","P_M_david_camer.png","FALSE","pictures/stimuli/E","pictures/stimuli/P","M","M","1","62b970e418ba08e882a25802","06/30/2022, 09:29:37",-2.01730687995168,"31","Male","right",1,1,0,0,FALSE,"E_M_Jimmy_Carr.png P_M_david_camer.png"
2848,"E_M_Peter_Kay.png","P_M_Gordon_Brown.png","FALSE","pictures/stimuli/E","pictures/stimuli/P","M","M","1","62b970e418ba08e882a25802","06/30/2022, 09:29:37",-2.01730687995168,"31","Male","right",1,1,0,0,FALSE,"E_M_Peter_Kay.png P_M_Gordon_Brown.png"
2986,"E_M_Ewan_McGregor.png","E_M_Russell_Howard.png","TRUE","pictures/stimuli/E","pictures/stimuli/E","M","M","2","62b970e418ba08e882a25802","06/30/2022, 09:29:37",-1.41654150817923,"31","Male","right",1,1,0,0,FALSE,"E_M_Ewan_McGregor.png E_M_Russell_Howard.png"
2098,"P_F_nicola_sturge.png","P_M_Gordon_Brown.png","TRUE","pictures/stimuli/P","pictures/stimuli/P","F","M","1","62b970e418ba08e882a25802","06/30/2022, 09:29:37",-2.01730687995168,"31","Male","right",1,1,0,0,FALSE,"P_F_nicola_sturge.png P_M_Gordon_Brown.png"
3300,"E_F_Dawn_Roma_French.png","P_M_david_camer.png","FALSE","pictures/stimuli/E","pictures/stimuli/P","F","M","5","62b970e418ba08e882a25802","06/30/2022, 09:29:37",0.385754607138095,"31","Male","right",1,1,0,0,FALSE,"E_F_Dawn_Roma_French.png P_M_david_camer.png"
2880,"P_M_keir_starmer.png","P_M_Michael_Gove.png","TRUE","pictures/stimuli/P","pictures/stimuli/P","M","M","5","62b970e418ba08e882a25802","06/30/2022, 09:29:37",0.385754607138095,"31","Male","right",1,1,0,0,FALSE,"P_M_keir_starmer.png P_M_Michael_Gove.png"
12338,"E_M_Simon_Pegg.png","P_M_david_camer.png","FALSE","pictures/stimuli/E","pictures/stimuli/P","M","M","5","62b970e418ba08e882a25802","06/30/2022, 09:29:37",0.385754607138095,"31","Male","right",1,1,0,0,FALSE,"E_M_Simon_Pegg.png P_M_david_camer.png"
10836,"P_F_Theresa_May.png","P_M_Gordon_Brown.png","TRUE","pictures/stimuli/P","pictures/stimuli/P","F","M","6","62b970e418ba08e882a25802","06/30/2022, 09:29:37",0.986519978910537,"31","Male","right",1,1,0,0,FALSE,"P_F_Theresa_May.png P_M_Gordon_Brown.png"
2067,"E_M_Russell_Howard.png","P_M_Sajid_Javid.png","FALSE","pictures/stimuli/E","pictures/stimuli/P","M","M","6","62b970e418ba08e882a25802","06/30/2022, 09:29:37",0.986519978910537,"31","Male","right",1,1,0,0,FALSE,"E_M_Russell_Howard.png P_M_Sajid_Javid.png"
2840,"E_F_Julie_Walters.png","E_M_Jimmy_Carr.png","TRUE","pictures/stimuli/E","pictures/stimuli/E","F","M","4","62b970e418ba08e882a25802","06/30/2022, 09:29:37",-0.215010764634348,"31","Male","right",0,1,0,0,TRUE,"E_F_Julie_Walters.png E_M_Jimmy_Carr.png"
6055,"E_F_Sarah_Millican.png","P_M_Michael_Gove.png","FALSE","pictures/stimuli/E","pictures/stimuli/P","F","M","4","62b970e418ba08e882a25802","06/30/2022, 09:29:37",-0.215010764634348,"31","Male","right",0,1,0,0,TRUE,"E_F_Sarah_Millican.png P_M_Michael_Gove.png"
3492,"E_M_Ewan_McGregor.png","E_M_Jimmy_Carr.png","TRUE","pictures/stimuli/E","pictures/stimuli/E","M","M","5","62b970e418ba08e882a25802","06/30/2022, 09:29:37",0.385754607138095,"31","Male","right",1,1,0,0,FALSE,"E_M_Ewan_McGregor.png E_M_Jimmy_Carr.png"
2527,"P_F_nicola_sturge.png","P_M_Sajid_Javid.png","TRUE","pictures/stimuli/P","pictures/stimuli/P","F","M","6","62b970e418ba08e882a25802","06/30/2022, 09:29:37",0.986519978910537,"31","Male","right",1,1,0,0,FALSE,"P_F_nicola_sturge.png P_M_Sajid_Javid.png"
2644,"P_F_nicola_sturge.png","P_M_david_camer.png","TRUE","pictures/stimuli/P","pictures/stimuli/P","F","M","5","62b970e418ba08e882a25802","06/30/2022, 09:29:37",0.385754607138095,"31","Male","right",1,1,0,0,FALSE,"P_F_nicola_sturge.png P_M_david_camer.png"
3543,"E_F_Sarah_Millican.png","P_M_Sajid_Javid.png","FALSE","pictures/stimuli/E","pictures/stimuli/P","F","M","6","62b970e418ba08e882a25802","06/30/2022, 09:29:37",0.986519978910537,"31","Male","right",0,1,0,0,TRUE,"E_F_Sarah_Millican.png P_M_Sajid_Javid.png"
4215,"E_F_Jennifer_Saunders.png","P_M_jeremy_corbyn.png","FALSE","pictures/stimuli/E","pictures/stimuli/P","F","M","1","62b970e418ba08e882a25802","06/30/2022, 09:29:37",-2.01730687995168,"31","Male","right",0,1,0,0,TRUE,"E_F_Jennifer_Saunders.png P_M_jeremy_corbyn.png"
4896,"E_M_Ewan_McGregor.png","P_M_jeremy_corbyn.png","FALSE","pictures/stimuli/E","pictures/stimuli/P","M","M","3","62b970e418ba08e882a25802","06/30/2022, 09:29:37",-0.815776136406791,"31","Male","right",1,1,0,0,FALSE,"E_M_Ewan_McGregor.png P_M_jeremy_corbyn.png"
2957,"E_F_Julie_Walters.png","P_M_david_camer.png","FALSE","pictures/stimuli/E","pictures/stimuli/P","F","M","3","62b970e418ba08e882a25802","06/30/2022, 09:29:37",-0.815776136406791,"31","Male","right",0,1,0,0,TRUE,"E_F_Julie_Walters.png P_M_david_camer.png"
3154,"E_F_Jennifer_Saunders.png","E_M_Peter_Kay.png","TRUE","pictures/stimuli/E","pictures/stimuli/E","F","M","6","62b970e418ba08e882a25802","06/30/2022, 09:29:37",0.986519978910537,"31","Male","right",0,1,0,0,TRUE,"E_F_Jennifer_Saunders.png E_M_Peter_Kay.png"
30494,"E_M_Ewan_McGregor.png","P_M_david_camer.png","FALSE","pictures/stimuli/E","pictures/stimuli/P","M","M","3","62b970e418ba08e882a25802","06/30/2022, 09:29:37",-0.815776136406791,"31","Male","right",1,1,0,0,TRUE,"E_M_Ewan_McGregor.png P_M_david_camer.png"
3321,"E_F_Jennifer_Saunders.png","E_F_Sarah_Millican.png","TRUE","pictures/stimuli/E","pictures/stimuli/E","F","F","1","62b970e418ba08e882a25802","06/30/2022, 09:29:37",-2.01730687995168,"31","Male","right",0,0,0,0,TRUE,"E_F_Jennifer_Saunders.png E_F_Sarah_Millican.png"
3223,"E_M_Ewan_McGregor.png","P_M_Gordon_Brown.png","FALSE","pictures/stimuli/E","pictures/stimuli/P","M","M","6","62b970e418ba08e882a25802","06/30/2022, 09:29:37",0.986519978910537,"31","Male","right",1,1,0,0,FALSE,"E_M_Ewan_McGregor.png P_M_Gordon_Brown.png"
2775,"E_M_Peter_Kay.png","P_M_Sajid_Javid.png","FALSE","pictures/stimuli/E","pictures/stimuli/P","M","M","6","62b970e418ba08e882a25802","06/30/2022, 09:29:37",0.986519978910537,"31","Male","right",1,1,0,0,FALSE,"E_M_Peter_Kay.png P_M_Sajid_Javid.png"
3825,"E_F_Julie_Walters.png","P_M_Michael_Gove.png","FALSE","pictures/stimuli/E","pictures/stimuli/P","F","M","3","62b970e418ba08e882a25802","06/30/2022, 09:29:37",-0.815776136406791,"31","Male","right",0,1,0,0,TRUE,"E_F_Julie_Walters.png P_M_Michael_Gove.png"
2450,"E_M_Ewan_McGregor.png","E_M_Peter_Kay.png","TRUE","pictures/stimuli/E","pictures/stimuli/E","M","M","6","62b970e418ba08e882a25802","06/30/2022, 09:29:37",0.986519978910537,"31","Male","right",1,1,0,0,FALSE,"E_M_Ewan_McGregor.png E_M_Peter_Kay.png"
10665,"E_M_Peter_Kay.png","P_F_nicola_sturge.png","FALSE","pictures/stimuli/E","pictures/stimuli/P","M","F","2","62b970e418ba08e882a25802","06/30/2022, 09:29:37",-1.41654150817923,"31","Male","right",1,1,0,0,FALSE,"E_M_Peter_Kay.png P_F_nicola_sturge.png"
11834,"P_M_david_camer.png","P_M_jeremy_corbyn.png","TRUE","pictures/stimuli/P","pictures/stimuli/P","M","M","6","62b970e418ba08e882a25802","06/30/2022, 09:29:37",0.986519978910537,"31","Male","right",1,1,0,0,FALSE,"P_M_david_camer.png P_M_jeremy_corbyn.png"
2345,"E_M_Ewan_McGregor.png","P_F_Theresa_May.png","FALSE","pictures/stimuli/E","pictures/stimuli/P","M","F","3","62b970e418ba08e882a25802","06/30/2022, 09:29:37",-0.815776136406791,"31","Male","right",1,1,0,0,FALSE,"E_M_Ewan_McGregor.png P_F_Theresa_May.png"
2988,"E_F_Jennifer_Saunders.png","E_M_Simon_Pegg.png","TRUE","pictures/stimuli/E","pictures/stimuli/E","F","M","5","62b970e418ba08e882a25802","06/30/2022, 09:29:37",0.385754607138095,"31","Male","right",0,1,0,0,TRUE,"E_F_Jennifer_Saunders.png E_M_Simon_Pegg.png"
2487,"E_M_Michael_McIntyr.png","P_M_david_camer.png","FALSE","pictures/stimuli/E","pictures/stimuli/P","M","M","5","62b970e418ba08e882a25802","06/30/2022, 09:29:37",0.385754607138095,"31","Male","right",1,1,0,0,FALSE,"E_M_Michael_McIntyr.png P_M_david_camer.png"
3165,"P_F_Theresa_May.png","P_M_keir_starmer.png","TRUE","pictures/stimuli/P","pictures/stimuli/P","F","M","3","62b970e418ba08e882a25802","06/30/2022, 09:29:37",-0.815776136406791,"31","Male","right",1,1,0,0,FALSE,"P_F_Theresa_May.png P_M_keir_starmer.png"
3438,"E_M_Peter_Kay.png","P_M_jeremy_corbyn.png","FALSE","pictures/stimuli/E","pictures/stimuli/P","M","M","6","62b970e418ba08e882a25802","06/30/2022, 09:29:37",0.986519978910537,"31","Male","right",1,1,0,0,FALSE,"E_M_Peter_Kay.png P_M_jeremy_corbyn.png"
4619,"P_F_nicola_sturge.png","P_M_keir_starmer.png","TRUE","pictures/stimuli/P","pictures/stimuli/P","F","M","6","62b970e418ba08e882a25802","06/30/2022, 09:29:37",0.986519978910537,"31","Male","right",1,1,0,0,FALSE,"P_F_nicola_sturge.png P_M_keir_starmer.png"
3067,"P_M_keir_starmer.png","P_M_Tony_Blair.png","TRUE","pictures/stimuli/P","pictures/stimuli/P","M","M","1","62b970e418ba08e882a25802","06/30/2022, 09:29:37",-2.01730687995168,"31","Male","right",1,1,0,0,FALSE,"P_M_keir_starmer.png P_M_Tony_Blair.png"
1850,"E_M_Russell_Howard.png","P_M_jeremy_corbyn.png","FALSE","pictures/stimuli/E","pictures/stimuli/P","M","M","1","62b970e418ba08e882a25802","06/30/2022, 09:29:37",-2.01730687995168,"31","Male","right",1,1,0,0,FALSE,"E_M_Russell_Howard.png P_M_jeremy_corbyn.png"
4106,"P_M_nigel_farage.png","P_M_Tony_Blair.png","TRUE","pictures/stimuli/P","pictures/stimuli/P","M","M","3","62b970e418ba08e882a25802","06/30/2022, 09:29:37",-0.815776136406791,"31","Male","right",1,1,0,0,FALSE,"P_M_nigel_farage.png P_M_Tony_Blair.png"
52153,"P_M_david_camer.png","P_M_keir_starmer.png","TRUE","pictures/stimuli/P","pictures/stimuli/P","M","M","4","62b970e418ba08e882a25802","06/30/2022, 09:29:37",-0.215010764634348,"31","Male","right",1,1,0,0,TRUE,"P_M_david_camer.png P_M_keir_starmer.png"
2806,"E_F_Julie_Walters.png","P_M_jeremy_corbyn.png","FALSE","pictures/stimuli/E","pictures/stimuli/P","F","M","4","62b970e418ba08e882a25802","06/30/2022, 09:29:37",-0.215010764634348,"31","Male","right",0,1,0,0,TRUE,"E_F_Julie_Walters.png P_M_jeremy_corbyn.png"
6009,"E_F_Julie_Walters.png","E_F_Sarah_Millican.png","TRUE","pictures/stimuli/E","pictures/stimuli/E","F","F","1","62b970e418ba08e882a25802","06/30/2022, 09:29:37",-2.01730687995168,"31","Male","right",0,0,0,0,TRUE,"E_F_Julie_Walters.png E_F_Sarah_Millican.png"
2999,"E_M_Russell_Howard.png","P_M_keir_starmer.png","FALSE","pictures/stimuli/E","pictures/stimuli/P","M","M","2","62b970e418ba08e882a25802","06/30/2022, 09:29:37",-1.41654150817923,"31","Male","right",1,1,0,0,FALSE,"E_M_Russell_Howard.png P_M_keir_starmer.png"
5376,"P_M_jeremy_corbyn.png","P_M_nigel_farage.png","TRUE","pictures/stimuli/P","pictures/stimuli/P","M","M","3","62b970e418ba08e882a25802","06/30/2022, 09:29:37",-0.815776136406791,"31","Male","right",1,1,0,0,FALSE,"P_M_jeremy_corbyn.png P_M_nigel_farage.png"
2636,"E_M_Jimmy_Carr.png","P_F_nicola_sturge.png","FALSE","pictures/stimuli/E","pictures/stimuli/P","M","F","6","62b970e418ba08e882a25802","06/30/2022, 09:29:37",0.986519978910537,"31","Male","right",1,1,0,0,FALSE,"E_M_Jimmy_Carr.png P_F_nicola_sturge.png"
4443,"E_M_Michael_McIntyr.png","E_M_Russell_Howard.png","TRUE","pictures/stimuli/E","pictures/stimuli/E","M","M","6","62b970e418ba08e882a25802","06/30/2022, 09:29:37",0.986519978910537,"31","Male","right",1,1,0,0,FALSE,"E_M_Michael_McIntyr.png E_M_Russell_Howard.png"
2436,"E_M_Ewan_McGregor.png","P_F_nicola_sturge.png","FALSE","pictures/stimuli/E","pictures/stimuli/P","M","F","6","62b970e418ba08e882a25802","06/30/2022, 09:29:37",0.986519978910537,"31","Male","right",1,1,0,0,FALSE,"E_M_Ewan_McGregor.png P_F_nicola_sturge.png"
3231,"E_F_Dawn_Roma_French.png","E_F_Sarah_Millican.png","TRUE","pictures/stimuli/E","pictures/stimuli/E","F","F","2","62b970e418ba08e882a25802","06/30/2022, 09:29:37",-1.41654150817923,"31","Male","right",1,0,0,0,TRUE,"E_F_Dawn_Roma_French.png E_F_Sarah_Millican.png"
22015,"E_F_Jennifer_Saunders.png","E_F_Julie_Walters.png","TRUE","pictures/stimuli/E","pictures/stimuli/E","F","F","1","62b970e418ba08e882a25802","06/30/2022, 09:29:37",-2.01730687995168,"31","Male","right",0,0,0,0,TRUE,"E_F_Jennifer_Saunders.png E_F_Julie_Walters.png"
2884,"E_F_Jennifer_Saunders.png","P_M_nigel_farage.png","FALSE","pictures/stimuli/E","pictures/stimuli/P","F","M","2","62b970e418ba08e882a25802","06/30/2022, 09:29:37",-1.41654150817923,"31","Male","right",0,1,0,0,TRUE,"E_F_Jennifer_Saunders.png P_M_nigel_farage.png"
2373,"P_M_jeremy_corbyn.png","P_M_Sajid_Javid.png","TRUE","pictures/stimuli/P","pictures/stimuli/P","M","M","6","62b970e418ba08e882a25802","06/30/2022, 09:29:37",0.986519978910537,"31","Male","right",1,1,0,0,FALSE,"P_M_jeremy_corbyn.png P_M_Sajid_Javid.png"
3253,"P_M_Gordon_Brown.png","P_M_Michael_Gove.png","TRUE","pictures/stimuli/P","pictures/stimuli/P","M","M","6","62b970e418ba08e882a25802","06/30/2022, 09:29:37",0.986519978910537,"31","Male","right",1,1,0,0,FALSE,"P_M_Gordon_Brown.png P_M_Michael_Gove.png"
5489,"E_M_Jimmy_Carr.png","P_M_keir_starmer.png","FALSE","pictures/stimuli/E","pictures/stimuli/P","M","M","5","62b970e418ba08e882a25802","06/30/2022, 09:29:37",0.385754607138095,"31","Male","right",1,1,0,0,FALSE,"E_M_Jimmy_Carr.png P_M_keir_starmer.png"
4313,"E_F_Jennifer_Saunders.png","E_M_Ewan_McGregor.png","TRUE","pictures/stimuli/E","pictures/stimuli/E","F","M","5","62b970e418ba08e882a25802","06/30/2022, 09:29:37",0.385754607138095,"31","Male","right",0,1,0,0,TRUE,"E_F_Jennifer_Saunders.png E_M_Ewan_McGregor.png"
3346,"E_M_Simon_Pegg.png","P_M_Tony_Blair.png","FALSE","pictures/stimuli/E","pictures/stimuli/P","M","M","2","62b970e418ba08e882a25802","06/30/2022, 09:29:37",-1.41654150817923,"31","Male","right",1,1,0,0,FALSE,"E_M_Simon_Pegg.png P_M_Tony_Blair.png"
4639,"P_M_Gordon_Brown.png","P_M_keir_starmer.png","TRUE","pictures/stimuli/P","pictures/stimuli/P","M","M","4","62b970e418ba08e882a25802","06/30/2022, 09:29:37",-0.215010764634348,"31","Male","right",1,1,0,0,FALSE,"P_M_Gordon_Brown.png P_M_keir_starmer.png"
2493,"E_M_Russell_Howard.png","P_M_nigel_farage.png","FALSE","pictures/stimuli/E","pictures/stimuli/P","M","M","3","62b970e418ba08e882a25802","06/30/2022, 09:29:37",-0.815776136406791,"31","Male","right",1,1,0,0,FALSE,"E_M_Russell_Howard.png P_M_nigel_farage.png"
6132,"E_M_Michael_McIntyr.png","P_M_Tony_Blair.png","FALSE","pictures/stimuli/E","pictures/stimuli/P","M","M","5","62b970e418ba08e882a25802","06/30/2022, 09:29:37",0.385754607138095,"31","Male","right",1,1,0,0,FALSE,"E_M_Michael_McIntyr.png P_M_Tony_Blair.png"
1939,"E_F_Jennifer_Saunders.png","E_M_Michael_McIntyr.png","TRUE","pictures/stimuli/E","pictures/stimuli/E","F","M","6","62b970e418ba08e882a25802","06/30/2022, 09:29:37",0.986519978910537,"31","Male","right",0,1,0,0,TRUE,"E_F_Jennifer_Saunders.png E_M_Michael_McIntyr.png"
2625,"E_F_Dawn_Roma_French.png","P_M_keir_starmer.png","FALSE","pictures/stimuli/E","pictures/stimuli/P","F","M","6","62b970e418ba08e882a25802","06/30/2022, 09:29:37",0.986519978910537,"31","Male","right",1,1,0,0,FALSE,"E_F_Dawn_Roma_French.png P_M_keir_starmer.png"
5790,"E_M_Jimmy_Carr.png","P_M_Gordon_Brown.png","FALSE","pictures/stimuli/E","pictures/stimuli/P","M","M","4","62b970e418ba08e882a25802","06/30/2022, 09:29:37",-0.215010764634348,"31","Male","right",1,1,0,0,FALSE,"E_M_Jimmy_Carr.png P_M_Gordon_Brown.png"
2164,"P_M_Gordon_Brown.png","P_M_nigel_farage.png","TRUE","pictures/stimuli/P","pictures/stimuli/P","M","M","6","62b970e418ba08e882a25802","06/30/2022, 09:29:37",0.986519978910537,"31","Male","right",1,1,0,0,FALSE,"P_M_Gordon_Brown.png P_M_nigel_farage.png"
3885,"E_F_Julie_Walters.png","P_M_Sajid_Javid.png","FALSE","pictures/stimuli/E","pictures/stimuli/P","F","M","6","62b970e418ba08e882a25802","06/30/2022, 09:29:37",0.986519978910537,"31","Male","right",0,1,0,0,TRUE,"E_F_Julie_Walters.png P_M_Sajid_Javid.png"
4187,"E_M_Michael_McIntyr.png","P_M_keir_starmer.png","FALSE","pictures/stimuli/E","pictures/stimuli/P","M","M","5","62b970e418ba08e882a25802","06/30/2022, 09:29:37",0.385754607138095,"31","Male","right",1,1,0,0,FALSE,"E_M_Michael_McIntyr.png P_M_keir_starmer.png"
2619,"E_F_Sarah_Millican.png","E_M_Russell_Howard.png","TRUE","pictures/stimuli/E","pictures/stimuli/E","F","M","2","62b970e418ba08e882a25802","06/30/2022, 09:29:37",-1.41654150817923,"31","Male","right",0,1,0,0,TRUE,"E_F_Sarah_Millican.png E_M_Russell_Howard.png"
6150,"E_F_Julie_Walters.png","E_M_Peter_Kay.png","TRUE","pictures/stimuli/E","pictures/stimuli/E","F","M","6","62b970e418ba08e882a25802","06/30/2022, 09:29:37",0.986519978910537,"31","Male","right",0,1,0,0,TRUE,"E_F_Julie_Walters.png E_M_Peter_Kay.png"
2749,"E_F_Julie_Walters.png","P_F_nicola_sturge.png","FALSE","pictures/stimuli/E","pictures/stimuli/P","F","F","6","62b970e418ba08e882a25802","06/30/2022, 09:29:37",0.986519978910537,"31","Male","right",0,1,0,0,TRUE,"E_F_Julie_Walters.png P_F_nicola_sturge.png"
2785,"E_M_Jimmy_Carr.png","P_M_nigel_farage.png","FALSE","pictures/stimuli/E","pictures/stimuli/P","M","M","5","62b970e418ba08e882a25802","06/30/2022, 09:29:37",0.385754607138095,"31","Male","right",1,1,0,0,FALSE,"E_M_Jimmy_Carr.png P_M_nigel_farage.png"
1969,"P_M_Gordon_Brown.png","P_M_Sajid_Javid.png","TRUE","pictures/stimuli/P","pictures/stimuli/P","M","M","6","62b970e418ba08e882a25802","06/30/2022, 09:29:37",0.986519978910537,"31","Male","right",1,1,0,0,FALSE,"P_M_Gordon_Brown.png P_M_Sajid_Javid.png"
2284,"E_M_Jimmy_Carr.png","E_M_Michael_McIntyr.png","TRUE","pictures/stimuli/E","pictures/stimuli/E","M","M","6","62b970e418ba08e882a25802","06/30/2022, 09:29:37",0.986519978910537,"31","Male","right",1,1,0,0,FALSE,"E_M_Jimmy_Carr.png E_M_Michael_McIntyr.png"
5456,"E_M_Peter_Kay.png","P_M_keir_starmer.png","FALSE","pictures/stimuli/E","pictures/stimuli/P","M","M","4","62b970e418ba08e882a25802","06/30/2022, 09:29:37",-0.215010764634348,"31","Male","right",1,1,0,0,FALSE,"E_M_Peter_Kay.png P_M_keir_starmer.png"
2366,"E_F_Dawn_Roma_French.png","P_M_Gordon_Brown.png","FALSE","pictures/stimuli/E","pictures/stimuli/P","F","M","2","62b970e418ba08e882a25802","06/30/2022, 09:29:37",-1.41654150817923,"31","Male","right",1,1,0,0,FALSE,"E_F_Dawn_Roma_French.png P_M_Gordon_Brown.png"
2698,"P_F_Theresa_May.png","P_M_david_camer.png","TRUE","pictures/stimuli/P","pictures/stimuli/P","F","M","4","62b970e418ba08e882a25802","06/30/2022, 09:29:37",-0.215010764634348,"31","Male","right",1,1,0,0,FALSE,"P_F_Theresa_May.png P_M_david_camer.png"
3034,"P_F_Theresa_May.png","P_M_nigel_farage.png","TRUE","pictures/stimuli/P","pictures/stimuli/P","F","M","3","62b970e418ba08e882a25802","06/30/2022, 09:29:37",-0.815776136406791,"31","Male","right",1,1,0,0,FALSE,"P_F_Theresa_May.png P_M_nigel_farage.png"
4322,"E_F_Julie_Walters.png","P_M_keir_starmer.png","FALSE","pictures/stimuli/E","pictures/stimuli/P","F","M","3","62b970e418ba08e882a25802","06/30/2022, 09:29:37",-0.815776136406791,"31","Male","right",0,1,0,0,TRUE,"E_F_Julie_Walters.png P_M_keir_starmer.png"
18012,"E_M_Jimmy_Carr.png","E_M_Peter_Kay.png","TRUE","pictures/stimuli/E","pictures/stimuli/E","M","M","6","62b970e418ba08e882a25802","06/30/2022, 09:29:37",0.986519978910537,"31","Male","right",1,1,0,0,FALSE,"E_M_Jimmy_Carr.png E_M_Peter_Kay.png"
9793,"E_M_Jimmy_Carr.png","E_M_Russell_Howard.png","TRUE","pictures/stimuli/E","pictures/stimuli/E","M","M","6","62b970e418ba08e882a25802","06/30/2022, 09:29:37",0.986519978910537,"31","Male","right",1,1,0,0,FALSE,"E_M_Jimmy_Carr.png E_M_Russell_Howard.png"
2410,"E_F_Sarah_Millican.png","E_M_Simon_Pegg.png","TRUE","pictures/stimuli/E","pictures/stimuli/E","F","M","3","62b970e418ba08e882a25802","06/30/2022, 09:29:37",-0.815776136406791,"31","Male","right",0,1,0,0,TRUE,"E_F_Sarah_Millican.png E_M_Simon_Pegg.png"
3349,"E_M_Simon_Pegg.png","P_M_jeremy_corbyn.png","FALSE","pictures/stimuli/E","pictures/stimuli/P","M","M","2","62b970e418ba08e882a25802","06/30/2022, 09:29:37",-1.41654150817923,"31","Male","right",1,1,0,0,FALSE,"E_M_Simon_Pegg.png P_M_jeremy_corbyn.png"
3845,"E_F_Jennifer_Saunders.png","P_M_Sajid_Javid.png","FALSE","pictures/stimuli/E","pictures/stimuli/P","F","M","6","62b970e418ba08e882a25802","06/30/2022, 09:29:37",0.986519978910537,"31","Male","right",0,1,0,0,TRUE,"E_F_Jennifer_Saunders.png P_M_Sajid_Javid.png"
6569,"E_F_Dawn_Roma_French.png","E_M_Jimmy_Carr.png","TRUE","pictures/stimuli/E","pictures/stimuli/E","F","M","5","62b970e418ba08e882a25802","06/30/2022, 09:29:37",0.385754607138095,"31","Male","right",1,1,0,0,FALSE,"E_F_Dawn_Roma_French.png E_M_Jimmy_Carr.png"
3345,"E_M_Michael_McIntyr.png","E_M_Simon_Pegg.png","TRUE","pictures/stimuli/E","pictures/stimuli/E","M","M","6","62b970e418ba08e882a25802","06/30/2022, 09:29:37",0.986519978910537,"31","Male","right",1,1,0,0,FALSE,"E_M_Michael_McIntyr.png E_M_Simon_Pegg.png"
2052,"E_F_Dawn_Roma_French.png","P_M_jeremy_corbyn.png","FALSE","pictures/stimuli/E","pictures/stimuli/P","F","M","6","62b970e418ba08e882a25802","06/30/2022, 09:29:37",0.986519978910537,"31","Male","right",1,1,0,0,FALSE,"E_F_Dawn_Roma_French.png P_M_jeremy_corbyn.png"
4120,"E_F_Dawn_Roma_French.png","P_M_Sajid_Javid.png","FALSE","pictures/stimuli/E","pictures/stimuli/P","F","M","6","62b970e418ba08e882a25802","06/30/2022, 09:29:37",0.986519978910537,"31","Male","right",1,1,0,0,FALSE,"E_F_Dawn_Roma_French.png P_M_Sajid_Javid.png"
2806,"E_F_Jennifer_Saunders.png","E_M_Russell_Howard.png","TRUE","pictures/stimuli/E","pictures/stimuli/E","F","M","3","62b970e418ba08e882a25802","06/30/2022, 09:29:37",-0.815776136406791,"31","Male","right",0,1,0,0,TRUE,"E_F_Jennifer_Saunders.png E_M_Russell_Howard.png"
3648,"P_M_Michael_Gove.png","P_M_nigel_farage.png","TRUE","pictures/stimuli/P","pictures/stimuli/P","M","M","1","62b970e418ba08e882a25802","06/30/2022, 09:29:37",-2.01730687995168,"31","Male","right",1,1,0,0,FALSE,"P_M_Michael_Gove.png P_M_nigel_farage.png"
2197,"P_M_nigel_farage.png","P_M_Sajid_Javid.png","TRUE","pictures/stimuli/P","pictures/stimuli/P","M","M","6","62b970e418ba08e882a25802","06/30/2022, 09:29:37",0.986519978910537,"31","Male","right",1,1,0,0,FALSE,"P_M_nigel_farage.png P_M_Sajid_Javid.png"
2761,"E_F_Sarah_Millican.png","E_M_Jimmy_Carr.png","TRUE","pictures/stimuli/E","pictures/stimuli/E","F","M","5","62b970e418ba08e882a25802","06/30/2022, 09:29:37",0.385754607138095,"31","Male","right",0,1,0,0,TRUE,"E_F_Sarah_Millican.png E_M_Jimmy_Carr.png"
2576,"E_F_Dawn_Roma_French.png","P_F_nicola_sturge.png","FALSE","pictures/stimuli/E","pictures/stimuli/P","F","F","1","62b970e418ba08e882a25802","06/30/2022, 09:29:37",-2.01730687995168,"31","Male","right",1,1,0,0,FALSE,"E_F_Dawn_Roma_French.png P_F_nicola_sturge.png"
3729,"E_F_Julie_Walters.png","E_M_Russell_Howard.png","TRUE","pictures/stimuli/E","pictures/stimuli/E","F","M","5","62b970e418ba08e882a25802","06/30/2022, 09:29:37",0.385754607138095,"31","Male","right",0,1,0,0,TRUE,"E_F_Julie_Walters.png E_M_Russell_Howard.png"
2595,"P_F_nicola_sturge.png","P_M_nigel_farage.png","TRUE","pictures/stimuli/P","pictures/stimuli/P","F","M","6","62b970e418ba08e882a25802","06/30/2022, 09:29:37",0.986519978910537,"31","Male","right",1,1,0,0,FALSE,"P_F_nicola_sturge.png P_M_nigel_farage.png"
1886,"P_F_nicola_sturge.png","P_M_jeremy_corbyn.png","TRUE","pictures/stimuli/P","pictures/stimuli/P","F","M","6","62b970e418ba08e882a25802","06/30/2022, 09:29:37",0.986519978910537,"31","Male","right",1,1,0,0,FALSE,"P_F_nicola_sturge.png P_M_jeremy_corbyn.png"
4245,"E_M_Ewan_McGregor.png","P_M_nigel_farage.png","FALSE","pictures/stimuli/E","pictures/stimuli/P","M","M","3","62b970e418ba08e882a25802","06/30/2022, 09:29:37",-0.815776136406791,"31","Male","right",1,1,0,0,FALSE,"E_M_Ewan_McGregor.png P_M_nigel_farage.png"
3519,"E_M_Simon_Pegg.png","P_F_Theresa_May.png","FALSE","pictures/stimuli/E","pictures/stimuli/P","M","F","2","62b970e418ba08e882a25802","06/30/2022, 09:29:37",-1.41654150817923,"31","Male","right",1,1,0,0,FALSE,"E_M_Simon_Pegg.png P_F_Theresa_May.png"
6386,"E_M_Jimmy_Carr.png","P_M_Tony_Blair.png","FALSE","pictures/stimuli/E","pictures/stimuli/P","M","M","2","62b970e418ba08e882a25802","06/30/2022, 09:29:37",-1.41654150817923,"31","Male","right",1,1,0,0,FALSE,"E_M_Jimmy_Carr.png P_M_Tony_Blair.png"
2347,"P_F_Theresa_May.png","P_M_jeremy_corbyn.png","TRUE","pictures/stimuli/P","pictures/stimuli/P","F","M","5","62b970e418ba08e882a25802","06/30/2022, 09:29:37",0.385754607138095,"31","Male","right",1,1,0,0,FALSE,"P_F_Theresa_May.png P_M_jeremy_corbyn.png"
2860,"E_F_Jennifer_Saunders.png","P_M_Tony_Blair.png","FALSE","pictures/stimuli/E","pictures/stimuli/P","F","M","1","62b970e418ba08e882a25802","06/30/2022, 09:29:37",-2.01730687995168,"31","Male","right",0,1,0,0,TRUE,"E_F_Jennifer_Saunders.png P_M_Tony_Blair.png"
2686,"E_M_Russell_Howard.png","P_F_Theresa_May.png","FALSE","pictures/stimuli/E","pictures/stimuli/P","M","F","4","62b970e418ba08e882a25802","06/30/2022, 09:29:37",-0.215010764634348,"31","Male","right",1,1,0,0,FALSE,"E_M_Russell_Howard.png P_F_Theresa_May.png"
2407,"E_M_Russell_Howard.png","P_M_Michael_Gove.png","FALSE","pictures/stimuli/E","pictures/stimuli/P","M","M","3","62b970e418ba08e882a25802","06/30/2022, 09:29:37",-0.815776136406791,"31","Male","right",1,1,0,0,FALSE,"E_M_Russell_Howard.png P_M_Michael_Gove.png"
4011,"E_M_Michael_McIntyr.png","P_M_Michael_Gove.png","FALSE","pictures/stimuli/E","pictures/stimuli/P","M","M","6","62b970e418ba08e882a25802","06/30/2022, 09:29:37",0.986519978910537,"31","Male","right",1,1,0,0,FALSE,"E_M_Michael_McIntyr.png P_M_Michael_Gove.png"
1889,"E_F_Dawn_Roma_French.png","P_F_Theresa_May.png","FALSE","pictures/stimuli/E","pictures/stimuli/P","F","F","6","62b970e418ba08e882a25802","06/30/2022, 09:29:37",0.986519978910537,"31","Male","right",1,1,0,0,FALSE,"E_F_Dawn_Roma_French.png P_F_Theresa_May.png"
4995,"E_F_Jennifer_Saunders.png","P_M_david_camer.png","FALSE","pictures/stimuli/E","pictures/stimuli/P","F","M","3","62b970e418ba08e882a25802","06/30/2022, 09:29:37",-0.815776136406791,"31","Male","right",0,1,0,0,TRUE,"E_F_Jennifer_Saunders.png P_M_david_camer.png"
13275,"P_F_Theresa_May.png","P_M_Tony_Blair.png","TRUE","pictures/stimuli/P","pictures/stimuli/P","F","M","1","62b970e418ba08e882a25802","06/30/2022, 09:29:37",-2.01730687995168,"31","Male","right",1,1,0,0,FALSE,"P_F_Theresa_May.png P_M_Tony_Blair.png"
2383,"P_M_david_camer.png","P_M_Gordon_Brown.png","TRUE","pictures/stimuli/P","pictures/stimuli/P","M","M","6","62b970e418ba08e882a25802","06/30/2022, 09:29:37",0.986519978910537,"31","Male","right",1,1,0,0,FALSE,"P_M_david_camer.png P_M_Gordon_Brown.png"
8324,"E_M_Ewan_McGregor.png","P_M_keir_starmer.png","FALSE","pictures/stimuli/E","pictures/stimuli/P","M","M","5","62b970e418ba08e882a25802","06/30/2022, 09:29:37",0.385754607138095,"31","Male","right",1,1,0,0,FALSE,"E_M_Ewan_McGregor.png P_M_keir_starmer.png"
2768,"E_M_Russell_Howard.png","P_M_Tony_Blair.png","FALSE","pictures/stimuli/E","pictures/stimuli/P","M","M","2","62b970e418ba08e882a25802","06/30/2022, 09:29:37",-1.41654150817923,"31","Male","right",1,1,0,0,FALSE,"E_M_Russell_Howard.png P_M_Tony_Blair.png"
2197,"E_M_Russell_Howard.png","P_M_david_camer.png","FALSE","pictures/stimuli/E","pictures/stimuli/P","M","M","6","62b970e418ba08e882a25802","06/30/2022, 09:29:37",0.986519978910537,"31","Male","right",1,1,0,0,FALSE,"E_M_Russell_Howard.png P_M_david_camer.png"
2088,"E_F_Julie_Walters.png","E_M_Simon_Pegg.png","TRUE","pictures/stimuli/E","pictures/stimuli/E","F","M","4","62b970e418ba08e882a25802","06/30/2022, 09:29:37",-0.215010764634348,"31","Male","right",0,1,0,0,TRUE,"E_F_Julie_Walters.png E_M_Simon_Pegg.png"
12391,"E_M_Michael_McIntyr.png","P_F_Theresa_May.png","FALSE","pictures/stimuli/E","pictures/stimuli/P","M","F","6","62b970e418ba08e882a25802","06/30/2022, 09:29:37",0.986519978910537,"31","Male","right",1,1,0,0,FALSE,"E_M_Michael_McIntyr.png P_F_Theresa_May.png"
7475,"E_F_Sarah_Millican.png","P_M_keir_starmer.png","FALSE","pictures/stimuli/E","pictures/stimuli/P","F","M","6","62b970e418ba08e882a25802","06/30/2022, 09:29:37",0.986519978910537,"31","Male","right",0,1,0,0,TRUE,"E_F_Sarah_Millican.png P_M_keir_starmer.png"
5693,"E_F_Dawn_Roma_French.png","E_M_Ewan_McGregor.png","TRUE","pictures/stimuli/E","pictures/stimuli/E","F","M","6","62b970e418ba08e882a25802","06/30/2022, 09:29:37",0.986519978910537,"31","Male","right",1,1,0,0,FALSE,"E_F_Dawn_Roma_French.png E_M_Ewan_McGregor.png"
15567,"E_F_Sarah_Millican.png","P_M_nigel_farage.png","FALSE","pictures/stimuli/E","pictures/stimuli/P","F","M","4","62b970e418ba08e882a25802","06/30/2022, 09:29:37",-0.215010764634348,"31","Male","right",0,1,0,0,TRUE,"E_F_Sarah_Millican.png P_M_nigel_farage.png"
3308,"P_M_david_camer.png","P_M_nigel_farage.png","TRUE","pictures/stimuli/P","pictures/stimuli/P","M","M","5","62b970e418ba08e882a25802","06/30/2022, 09:29:37",0.385754607138095,"31","Male","right",1,1,0,0,FALSE,"P_M_david_camer.png P_M_nigel_farage.png"
14974,"E_F_Jennifer_Saunders.png","P_F_nicola_sturge.png","FALSE","pictures/stimuli/E","pictures/stimuli/P","F","F","6","62b970e418ba08e882a25802","06/30/2022, 09:29:37",0.986519978910537,"31","Male","right",0,1,0,0,TRUE,"E_F_Jennifer_Saunders.png P_F_nicola_sturge.png"
2697,"P_M_Sajid_Javid.png","P_M_Tony_Blair.png","TRUE","pictures/stimuli/P","pictures/stimuli/P","M","M","6","62b970e418ba08e882a25802","06/30/2022, 09:29:37",0.986519978910537,"31","Male","right",1,1,0,0,FALSE,"P_M_Sajid_Javid.png P_M_Tony_Blair.png"
3368,"P_M_Gordon_Brown.png","P_M_Tony_Blair.png","TRUE","pictures/stimuli/P","pictures/stimuli/P","M","M","6","62b970e418ba08e882a25802","06/30/2022, 09:29:37",0.986519978910537,"31","Male","right",1,1,0,0,FALSE,"P_M_Gordon_Brown.png P_M_Tony_Blair.png"
2438,"E_F_Dawn_Roma_French.png","E_M_Russell_Howard.png","TRUE","pictures/stimuli/E","pictures/stimuli/E","F","M","5","62b970e418ba08e882a25802","06/30/2022, 09:29:37",0.385754607138095,"31","Male","right",1,1,0,0,FALSE,"E_F_Dawn_Roma_French.png E_M_Russell_Howard.png"
4184,"P_M_jeremy_corbyn.png","P_M_Michael_Gove.png","TRUE","pictures/stimuli/P","pictures/stimuli/P","M","M","6","62b970e418ba08e882a25802","06/30/2022, 09:29:37",0.986519978910537,"31","Male","right",1,1,0,0,FALSE,"P_M_jeremy_corbyn.png P_M_Michael_Gove.png"
2663,"E_F_Sarah_Millican.png","P_M_Tony_Blair.png","FALSE","pictures/stimuli/E","pictures/stimuli/P","F","M","3","62b970e418ba08e882a25802","06/30/2022, 09:29:37",-0.815776136406791,"31","Male","right",0,1,0,0,TRUE,"E_F_Sarah_Millican.png P_M_Tony_Blair.png"
2193,"E_M_Peter_Kay.png","E_M_Simon_Pegg.png","TRUE","pictures/stimuli/E","pictures/stimuli/E","M","M","6","62b970e418ba08e882a25802","06/30/2022, 09:29:37",0.986519978910537,"31","Male","right",1,1,0,0,FALSE,"E_M_Peter_Kay.png E_M_Simon_Pegg.png"
3929,"E_F_Sarah_Millican.png","P_M_david_camer.png","FALSE","pictures/stimuli/E","pictures/stimuli/P","F","M","4","62b970e418ba08e882a25802","06/30/2022, 09:29:37",-0.215010764634348,"31","Male","right",0,1,0,0,TRUE,"E_F_Sarah_Millican.png P_M_david_camer.png"
2719,"P_M_jeremy_corbyn.png","P_M_keir_starmer.png","TRUE","pictures/stimuli/P","pictures/stimuli/P","M","M","5","62b970e418ba08e882a25802","06/30/2022, 09:29:37",0.385754607138095,"31","Male","right",1,1,0,0,FALSE,"P_M_jeremy_corbyn.png P_M_keir_starmer.png"
4866,"E_M_Michael_McIntyr.png","P_M_Gordon_Brown.png","FALSE","pictures/stimuli/E","pictures/stimuli/P","M","M","3","62b970e418ba08e882a25802","06/30/2022, 09:29:37",-0.815776136406791,"31","Male","right",1,1,0,0,FALSE,"E_M_Michael_McIntyr.png P_M_Gordon_Brown.png"
2206,"E_M_Jimmy_Carr.png","P_M_Michael_Gove.png","FALSE","pictures/stimuli/E","pictures/stimuli/P","M","M","5","62b970e418ba08e882a25802","06/30/2022, 09:29:37",0.385754607138095,"31","Male","right",1,1,0,0,FALSE,"E_M_Jimmy_Carr.png P_M_Michael_Gove.png"
5109,"P_F_Theresa_May.png","P_M_Michael_Gove.png","TRUE","pictures/stimuli/P","pictures/stimuli/P","F","M","6","62b970e418ba08e882a25802","06/30/2022, 09:29:37",0.986519978910537,"31","Male","right",1,1,0,0,FALSE,"P_F_Theresa_May.png P_M_Michael_Gove.png"
21394,"P_M_Michael_Gove.png","P_M_Tony_Blair.png","TRUE","pictures/stimuli/P","pictures/stimuli/P","M","M","6","62b970e418ba08e882a25802","06/30/2022, 09:29:37",0.986519978910537,"31","Male","right",1,1,0,0,FALSE,"P_M_Michael_Gove.png P_M_Tony_Blair.png"
9324,"E_F_Julie_Walters.png","P_F_Theresa_May.png","FALSE","pictures/stimuli/E","pictures/stimuli/P","F","F","1","62b970e418ba08e882a25802","06/30/2022, 09:29:37",-2.01730687995168,"31","Male","right",0,1,0,0,TRUE,"E_F_Julie_Walters.png P_F_Theresa_May.png"
2917,"E_F_Dawn_Roma_French.png","E_M_Simon_Pegg.png","TRUE","pictures/stimuli/E","pictures/stimuli/E","F","M","6","62b970e418ba08e882a25802","06/30/2022, 09:29:37",0.986519978910537,"31","Male","right",1,1,0,0,FALSE,"E_F_Dawn_Roma_French.png E_M_Simon_Pegg.png"
1895,"E_F_Dawn_Roma_French.png","P_M_Tony_Blair.png","FALSE","pictures/stimuli/E","pictures/stimuli/P","F","M","6","62b970e418ba08e882a25802","06/30/2022, 09:29:37",0.986519978910537,"31","Male","right",1,1,0,0,FALSE,"E_F_Dawn_Roma_French.png P_M_Tony_Blair.png"
3997,"P_F_nicola_sturge.png","P_M_Tony_Blair.png","TRUE","pictures/stimuli/P","pictures/stimuli/P","F","M","2","62b970e418ba08e882a25802","06/30/2022, 09:29:37",-1.41654150817923,"31","Male","right",1,1,0,0,FALSE,"P_F_nicola_sturge.png P_M_Tony_Blair.png"
3741,"E_M_Jimmy_Carr.png","P_M_Sajid_Javid.png","FALSE","pictures/stimuli/E","pictures/stimuli/P","M","M","6","62b970e418ba08e882a25802","06/30/2022, 09:29:37",0.986519978910537,"31","Male","right",1,1,0,0,FALSE,"E_M_Jimmy_Carr.png P_M_Sajid_Javid.png"
7227,"P_M_david_camer.png","P_M_Tony_Blair.png","TRUE","pictures/stimuli/P","pictures/stimuli/P","M","M","3","62b970e418ba08e882a25802","06/30/2022, 09:29:37",-0.815776136406791,"31","Male","right",1,1,0,0,FALSE,"P_M_david_camer.png P_M_Tony_Blair.png"
4419,"E_F_Jennifer_Saunders.png","P_M_keir_starmer.png","FALSE","pictures/stimuli/E","pictures/stimuli/P","F","M","3","62b970e418ba08e882a25802","06/30/2022, 09:29:37",-0.815776136406791,"31","Male","right",0,1,0,0,TRUE,"E_F_Jennifer_Saunders.png P_M_keir_starmer.png"
3292,"E_M_Simon_Pegg.png","P_M_Gordon_Brown.png","FALSE","pictures/stimuli/E","pictures/stimuli/P","M","M","6","62b970e418ba08e882a25802","06/30/2022, 09:29:37",0.986519978910537,"31","Male","right",1,1,0,0,FALSE,"E_M_Simon_Pegg.png P_M_Gordon_Brown.png"
4099,"P_M_david_camer.png","P_M_Sajid_Javid.png","TRUE","pictures/stimuli/P","pictures/stimuli/P","M","M","6","62b970e418ba08e882a25802","06/30/2022, 09:29:37",0.986519978910537,"31","Male","right",1,1,0,0,FALSE,"P_M_david_camer.png P_M_Sajid_Javid.png"
4836,"P_M_Michael_Gove.png","P_M_Sajid_Javid.png","TRUE","pictures/stimuli/P","pictures/stimuli/P","M","M","6","62b970e418ba08e882a25802","06/30/2022, 09:29:37",0.986519978910537,"31","Male","right",1,1,0,0,FALSE,"P_M_Michael_Gove.png P_M_Sajid_Javid.png"
11341,"E_M_Russell_Howard.png","E_M_Simon_Pegg.png","TRUE","pictures/stimuli/E","pictures/stimuli/E","M","M","3","62b970e418ba08e882a25802","06/30/2022, 09:29:37",-0.815776136406791,"31","Male","right",1,1,0,0,FALSE,"E_M_Russell_Howard.png E_M_Simon_Pegg.png"
6277,"P_F_Theresa_May.png","P_M_Sajid_Javid.png","TRUE","pictures/stimuli/P","pictures/stimuli/P","F","M","6","62b970e418ba08e882a25802","06/30/2022, 09:29:37",0.986519978910537,"31","Male","right",1,1,0,0,FALSE,"P_F_Theresa_May.png P_M_Sajid_Javid.png"
